9.9973E-05 9.9973E-05 0.193752 0.0718338 0.734114 9.9973E-05
0.113287 0.0513056 9.9982E-05 0.0193647 0.815843 9.9982E-05
9.996E-05 9.996E-05 9.996E-05 9.996E-05 0.9995 9.996E-05
9.9982E-05 0.147203 0.0290333 0.161607 0.661956 9.9982E-05
0.0400987 9.9973E-05 9.9973E-05 0.205155 0.754446 9.9973E-05
9.9982E-05 9.9982E-05 0.0337535 0.164856 0.780626 0.0205646
9.9973E-05 9.9973E-05 0.186542 0.179776 0.633382 9.9973E-05
0.0798485 9.9973E-05 9.9973E-05 0.031413 0.888439 9.9973E-05
0.0169365 9.9982E-05 9.9982E-05 0.170714 0.787192 0.0249568
0.0711744 9.9964E-05 9.9964E-05 9.9964E-05 0.928426 9.9964E-05
0.088688 9.9982E-05 0.184698 9.9982E-05 0.720949 0.00546464
9.9973E-05 0.491504 9.9973E-05 9.9973E-05 0.476796 0.0314003
0.114881 0.545069 9.9982E-05 9.9982E-05 0.322049 0.0178018
9.999E-05 0.359865 0.0463227 0.212778 0.34284 0.0380943
9.9991E-05 0.303464 0.075588 0.342645 0.2653 0.0129035
9.9982E-05 0.566804 9.9982E-05 0.231437 0.145742 0.0558178
9.9982E-05 0.413918 0.175895 9.9982E-05 0.387542 0.022444
0.0694492 0.577059 9.9982E-05 9.9982E-05 0.255175 0.0981169
0.0177531 0.422488 9.9991E-05 0.193268 0.259589 0.106802
0.0676495 0.399369 0.0243353 0.276966 0.122966 0.108715
0.18739 0.348563 9.9991E-05 0.0995252 0.230537 0.133885
0.00338658 0.715343 0.218086 0.0149001 0.0140568 0.0342281
9.9964E-05 0.779595 9.9964E-05 0.220005 9.9964E-05 9.9964E-05
0.1403 0.665071 9.9973E-05 9.9973E-05 0.19433 9.9973E-05
0.0971195 0.691553 0.20436 9.9982E-05 0.00676777 9.9982E-05
0.0372534 0.540789 0.217207 0.204551 9.9982E-05 9.9982E-05
0.151096 0.377226 0.236623 0.157602 0.0645006 0.0129523
0.168793 0.799442 0.03067 9.9982E-05 0.000894493 9.9982E-05
0.0688786 0.695891 0.23493 9.9973E-05 9.9973E-05 9.9973E-05
9.9964E-05 0.868875 9.9964E-05 0.130725 9.9964E-05 9.9964E-05
0.0782928 0.545978 0.343751 0.031778 9.9982E-05 9.9982E-05
9.999E-05 0.256276 0.565471 0.00327533 0.109883 0.0649949
0.281247 0.147537 0.247504 9.9991E-05 0.0590626 0.26455
0.0456532 0.399528 9.9982E-05 0.151096 9.9982E-05 0.403523
0.225526 0.308032 9.9991E-05 0.130823 0.0753483 0.260171
0.125592 0.36967 0.178252 9.9982E-05 9.9982E-05 0.326285
9.9991E-05 0.387882 0.0273344 0.135941 0.216558 0.232185
0.13048 0.395467 0.151065 0.236766 9.9991E-05 0.0861225
9.996E-05 9.996E-05 9.996E-05 9.996E-05 9.996E-05 0.9995
9.9973E-05 9.9973E-05 9.9973E-05 0.136844 0.0361802 0.826676
0.061914 0.287688 0.155601 9.9991E-05 0.153743 0.340954
9.9982E-05 0.2419 0.0511743 0.182859 9.9982E-05 0.523867
0.141377 0.360502 0.0372385 9.9991E-05 0.151114 0.309669
9.9982E-05 0.417117 0.224666 9.9982E-05 0.157266 0.200751
0.242707 0.208568 0.0230418 0.0378311 0.00193239 0.48592
0.12589 0.621095 0.19512 9.9982E-05 9.9982E-05 0.057696
9.9982E-05 0.521164 0.207382 0.188079 9.9982E-05 0.0831747
9.9991E-05 0.215186 0.471634 0.115805 0.119594 0.0776797
9.9982E-05 0.590185 0.260331 9.9982E-05 0.0767843 0.0724994
9.9982E-05 0.674067 0.0808283 0.0956897 9.9982E-05 0.149215
9.9982E-05 0.523445 0.294778 0.139474 9.9982E-05 0.0421025
0.131632 0.694228 0.0331305 0.107789 0.00404529 0.0291751
9.9964E-05 0.838844 9.9964E-05 9.9964E-05 9.9964E-05 0.160757
0.260929 0.443208 0.269431 9.9982E-05 9.9982E-05 0.0262318
0.0717441 0.740325 0.0755201 0.0170992 0.0236158 0.071696
0.0520756 0.56056 0.287207 0.0999573 9.9982E-05 9.9982E-05
0.0618138 0.503887 0.334996 0.0991037 9.9982E-05 9.9982E-05
9.9964E-05 0.865719 0.133881 9.9964E-05 9.9964E-05 9.9964E-05
9.9991E-05 0.3593 0.382338 0.021925 0.084722 0.151615
9.9982E-05 0.833005 9.9982E-05 0.0976148 0.0450305 0.0241501
9.9982E-05 0.594461 0.0311796 0.123556 9.9982E-05 0.250604
0.0201589 0.383693 0.401733 9.9991E-05 0.0825239 0.111792
9.9973E-05 0.339165 0.546606 0.113929 9.9973E-05 9.9973E-05
9.9973E-05 9.9973E-05 0.716384 0.205449 9.9973E-05 0.0778674
0.0839519 0.295036 0.497071 9.9991E-05 0.071891 0.0519502
0.20941 0.142179 0.512654 0.135557 9.9982E-05 9.9982E-05
0.14757 0.186097 0.52325 0.0900649 0.0529183 9.9991E-05
0.0516998 0.188086 0.759914 9.9973E-05 9.9973E-05 9.9973E-05
9.9982E-05 0.153592 0.764281 0.0610206 0.0209071 9.9982E-05
0.0860336 9.9973E-05 0.600853 0.312813 9.9973E-05 9.9973E-05
9.9964E-05 9.9964E-05 0.747288 0.252312 9.9964E-05 9.9964E-05
9.9991E-05 0.0810508 0.700999 0.136804 0.0729744 0.00807146
0.0823793 9.9991E-05 0.564891 0.258868 0.0545245 0.0392367
0.0771761 0.269359 0.449343 0.0399969 0.164025 9.9991E-05
0.00842117 0.22866 0.740387 9.9982E-05 0.0223318 9.9982E-05
0.120653 0.14597 0.499164 0.188413 9.9991E-05 0.0457009
0.192309 0.0199013 0.78749 9.99763E-05 9.99763E-05 9.99763E-05
0.276753 0.140925 0.484624 0.0641012 9.9991E-05 0.0334967
9.9991E-05 0.0535323 0.656077 0.13187 0.152041 0.00637877
0.160162 0.21843 0.394383 9.9991E-05 0.184021 0.0429043
0.155302 9.9973E-05 0.758491 9.9973E-05 0.0859072 9.9973E-05
9.9991E-05 0.0175679 0.739122 0.101243 0.0943486 0.0476188
9.9973E-05 0.0895053 0.653393 9.9973E-05 0.256801 9.9973E-05
0.0348227 0.0420871 0.654795 0.208626 0.0595697 9.9991E-05
0.106538 9.9973E-05 0.848954 0.0442082 9.9973E-05 9.9973E-05
9.9991E-05 0.0946101 0.618879 0.015317 0.267619 0.0034751
0.100482 0.00401148 0.876852 9.9982E-05 0.0184545 9.9982E-05
0.0922034 0.125356 0.729064 9.9982E-05 9.9982E-05 0.0531769
9.9964E-05 9.9964E-05 0.90161 9.9964E-05 9.9964E-05 0.0979901
0.0355445 9.9982E-05 0.884176 9.9982E-05 0.0255944 0.054485
9.9982E-05 0.0247672 0.788897 9.9982E-05 0.066025 0.120111
9.9982E-05 0.0525663 0.728894 9.9982E-05 0.174312 0.0440275
9.9991E-05 0.202925 0.451224 0.000536237 0.0747112 0.270503
9.9973E-05 0.169787 0.738117 9.9973E-05 9.9973E-05 0.0917964
9.9982E-05 9.9982E-05 0.692303 0.17293 0.0722047 0.0623621
0.0253369 0.020803 0.784605 9.9982E-05 9.9982E-05 0.169055
0.0536168 9.9982E-05 0.779611 9.9982E-05 0.114595 0.0519771
0.0977577 9.9982E-05 0.716408 9.9982E-05 0.0493078 0.136327
0.0732539 0.0368268 0.590199 0.0667012 0.174776 0.0582427
0.0345992 0.0511227 0.800132 9.9991E-05 0.108355 0.00569117
9.9973E-05 9.9973E-05 0.897364 0.0375667 0.0647691 9.9973E-05
9.9982E-05 9.9982E-05 0.793806 0.0644222 0.104345 0.037227
9.9991E-05 0.166702 0.652824 0.110502 0.0158148 0.0540575
9.9973E-05 0.14109 0.821953 9.9973E-05 9.9973E-05 0.0366571
9.9973E-05 9.9973E-05 0.846811 0.14167 9.9973E-05 0.0112197
0.0433629 9.9982E-05 0.887056 0.0129468 9.9982E-05 0.0564344
0.191561 0.171419 0.348266 0.288553 9.9982E-05 9.9982E-05
0.345927 9.9982E-05 0.554821 0.0274554 0.0715975 9.9982E-05
0.258335 9.9982E-05 0.639455 0.0296635 0.0723464 9.9982E-05
0.328381 0.102138 0.569181 9.9973E-05 9.9973E-05 9.9973E-05
0.304547 0.038153 0.0336772 0.623423 9.9982E-05 9.9982E-05
0.240398 0.262658 0.102003 0.378878 9.9991E-05 0.0159641
0.160193 9.9982E-05 0.0671098 0.714713 0.0577842 9.9982E-05
9.9982E-05 0.103807 0.0737338 0.768811 0.0534481 9.9982E-05
0.0943307 0.0679386 0.312719 0.524811 9.9982E-05 9.9982E-05
0.115128 0.0518211 9.9982E-05 0.567076 0.265775 9.9982E-05
9.9982E-05 0.118813 9.9982E-05 0.550957 0.317188 0.0128421
0.157136 9.9982E-05 0.269598 0.425358 0.147708 9.9982E-05
0.0790517 0.138902 0.0134593 0.713829 0.04418 0.0105777
0.456812 0.127736 0.0542064 0.173848 0.187298 9.9991E-05
0.0624615 9.9982E-05 0.111008 0.742513 0.0838169 9.9982E-05
0.228951 9.9991E-05 0.14394 0.517174 0.103672 0.00616169
0.237509 0.0293432 0.185017 0.491363 0.0429398 0.0138279
0.0554423 9.9991E-05 0.0906569 0.666613 0.162006 0.0251819
0.277034 0.108265 9.9982E-05 0.568632 0.0458687 9.9982E-05
0.236908 0.0344725 0.0355059 0.646509 9.9991E-05 0.0465041
0.2412 0.0198065 9.9982E-05 0.674799 9.9982E-05 0.063995
0.146332 0.0683911 9.9982E-05 0.692699 0.0923785 9.9982E-05
0.281651 9.9973E-05 9.9973E-05 0.601276 0.116772 9.9973E-05
9.9973E-05 0.00537029 0.150381 0.843949 9.9973E-05 9.9973E-05
0.2518 0.140276 9.9991E-05 0.528079 0.0791156 0.000630006
0.209227 9.9964E-05 9.9964E-05 0.790373 9.9964E-05 9.9964E-05
9.9964E-05 0.0261544 9.9964E-05 0.973446 9.9964E-05 9.9964E-05
0.432107 0.0937317 9.9973E-05 0.473862 9.9973E-05 9.9973E-05
0.169452 0.0668238 9.9973E-05 0.763424 9.9973E-05 9.9973E-05
0.0214176 9.9973E-05 9.9973E-05 0.955618 9.9973E-05 0.0226649
0.223144 0.0256858 9.9982E-05 0.717364 9.9982E-05 0.0336065
9.9964E-05 9.9964E-05 0.163362 0.836238 9.9964E-05 9.9964E-05
0.178535 9.9964E-05 9.9964E-05 0.821065 9.9964E-05 9.9964E-05
0.00786236 9.9964E-05 9.9964E-05 0.991738 9.9964E-05 9.9964E-05
0.0187177 0.0132289 0.120504 0.84735 9.9982E-05 9.9982E-05
0.18033 9.9964E-05 9.9964E-05 0.81927 9.9964E-05 9.9964E-05
0.385435 9.9964E-05 9.9964E-05 0.614166 9.9964E-05 9.9964E-05
0.235001 0.0958466 9.9973E-05 0.668852 9.9973E-05 9.9973E-05
9.996E-05 9.996E-05 9.996E-05 0.9995 9.996E-05 9.996E-05
0.233512 0.0138261 9.9991E-05 0.615399 0.111475 0.0256887
0.0521088 9.9973E-05 9.9973E-05 0.947333 9.9973E-05 0.000258394
0.0845815 9.9982E-05 0.0375121 0.79834 0.0793663 9.9982E-05
9.9973E-05 9.9973E-05 9.9973E-05 0.939324 0.00821944 0.0521562
0.280935 0.0584613 9.9973E-05 0.660304 9.9973E-05 9.9973E-05
9.9964E-05 9.9964E-05 9.9964E-05 0.941486 0.058114 9.9964E-05
0.337051 0.0264246 9.9982E-05 0.628076 9.9982E-05 0.00824885
0.108542 0.00485999 9.9982E-05 0.866641 9.9982E-05 0.0197569
9.9973E-05 9.9973E-05 0.0759061 0.88062 9.9973E-05 0.0431741
0.230104 0.0319841 9.9982E-05 0.691484 0.046228 9.9982E-05
0.238807 0.0318091 0.136795 0.550709 9.9991E-05 0.0417807
0.288298 9.9991E-05 0.0370394 0.615727 0.00472684 0.0541085
0.118615 9.9973E-05 9.9973E-05 0.728926 0.152159 9.9973E-05
0.408266 9.9991E-05 0.0369217 0.440352 0.102676 0.0116852
9.9973E-05 9.9973E-05 0.160973 0.828895 9.9973E-05 0.0098323
0.442494 0.0075256 0.00626437 0.471321 0.0605347 0.0118598
0.228565 9.9973E-05 9.9973E-05 0.601725 0.16941 9.9973E-05
0.362219 0.045894 0.0594289 0.532258 9.9982E-05 9.9982E-05
0.188959 0.0329054 0.135769 0.632847 9.9991E-05 0.00941888
0.634276 9.9982E-05 9.9982E-05 0.269264 0.0952568 0.00100329
0.38437 9.9973E-05 0.0884674 0.526863 9.9973E-05 9.9973E-05
0.512081 0.0150652 9.9973E-05 0.472554 9.9973E-05 9.9973E-05
0.652987 0.123812 9.9973E-05 0.222901 9.9973E-05 9.9973E-05
0.424953 9.9973E-05 9.9973E-05 0.554956 0.0197919 9.9973E-05
0.490262 0.0353391 9.9973E-05 0.474099 9.9973E-05 9.9973E-05
0.461248 9.9973E-05 9.9973E-05 0.42639 0.112062 9.9973E-05
0.499925 9.9964E-05 9.9964E-05 0.499675 9.9964E-05 9.9964E-05
0.547871 0.00617058 0.192677 0.22087 0.0323116 9.9991E-05
0.272762 0.190897 0.184918 0.263987 0.023781 0.063655
0.69106 0.0410955 0.129656 0.0936909 0.0443976 9.9991E-05
0.561016 0.132162 0.0727374 0.044802 0.176888 0.0123956
0.605864 9.9982E-05 0.101748 0.281902 0.010286 9.9982E-05
0.62009 9.9973E-05 0.0415219 0.338088 9.9973E-05 9.9973E-05
0.646669 9.9973E-05 9.9973E-05 0.35224 9.9973E-05 0.000790893
0.576643 9.9973E-05 9.9973E-05 0.406398 0.0166591 9.9973E-05
0.789825 9.9973E-05 9.9973E-05 0.198583 9.9973E-05 0.0112923
0.942562 9.9964E-05 0.0570377 9.9964E-05 9.9964E-05 9.9964E-05
0.690481 9.9982E-05 0.0394585 0.245709 0.0241514 9.9982E-05
0.776334 9.9964E-05 9.9964E-05 0.223266 9.9964E-05 9.9964E-05
0.532281 0.0537014 0.0825547 0.309611 0.0217524 9.9991E-05
0.538065 9.9982E-05 0.066186 0.263755 0.131793 9.9982E-05
0.729245 0.00987468 0.0946893 0.153748 0.012343 9.9991E-05
0.96621 0.0121357 9.9973E-05 9.9973E-05 9.9973E-05 0.0213544
0.539795 9.9982E-05 0.0762562 0.304362 0.0793863 9.9982E-05
0.404162 9.9991E-05 0.0393596 0.422621 0.110423 0.0233346
0.672241 0.046475 0.0314781 0.195087 0.0546195 9.9991E-05
0.749573 0.00989899 9.9973E-05 0.240229 9.9973E-05 9.9973E-05
0.559968 9.9982E-05 9.9982E-05 0.34726 0.047596 0.0449759
0.74729 9.9982E-05 0.00855267 0.154356 9.9982E-05 0.0896018
0.822844 9.9973E-05 9.9973E-05 0.13812 0.038736 9.9973E-05
0.9995 9.996E-05 9.996E-05 9.996E-05 9.996E-05 9.996E-05
0.85656 9.9973E-05 9.9973E-05 0.0863203 0.0568199 9.9973E-05
0.9995 9.996E-05 9.996E-05 9.996E-05 9.996E-05 9.996E-05
0.9995 9.996E-05 9.996E-05 9.996E-05 9.996E-05 9.996E-05
0.9995 9.996E-05 9.996E-05 9.996E-05 9.996E-05 9.996E-05
0.9995 9.996E-05 9.996E-05 9.996E-05 9.996E-05 9.996E-05
0.999494 9.9964E-05 9.9964E-05 9.9964E-05 9.9964E-05 0.000105948
0.9995 9.996E-05 9.996E-05 9.996E-05 9.996E-05 9.996E-05
0.981915 9.9973E-05 9.9973E-05 9.9973E-05 0.00661558 0.0111691
0.9995 9.996E-05 9.996E-05 9.996E-05 9.996E-05 9.996E-05
0.929645 9.9964E-05 9.9964E-05 9.9964E-05 0.0699549 9.9964E-05
0.980624 9.9964E-05 9.9964E-05 9.9964E-05 9.9964E-05 0.0189766
0.933203 9.9973E-05 0.0203296 0.0461679 9.9973E-05 9.9973E-05
0.9995 9.996E-05 9.996E-05 9.996E-05 9.996E-05 9.996E-05
0.972504 9.9982E-05 9.9982E-05 0.00835078 0.0121879 0.00675718
0.941443 9.9964E-05 9.9964E-05 0.0581574 9.9964E-05 9.9964E-05
0.957485 9.9964E-05 9.9964E-05 9.9964E-05 0.0421153 9.9964E-05
0.898709 9.9964E-05 9.9964E-05 0.100891 9.9964E-05 9.9964E-05
0.908414 9.9973E-05 9.9973E-05 0.0879098 0.00337649 9.9973E-05
0.898611 0.0207567 0.0803322 9.9973E-05 9.9973E-05 9.9973E-05
0.891753 9.9982E-05 0.0528664 0.027895 9.9982E-05 0.0272853
0.803953 9.9982E-05 0.022254 0.0890399 0.0845532 9.9982E-05
0.868576 0.00791843 9.9973E-05 0.123206 9.9973E-05 9.9973E-05
0.951561 9.9973E-05 0.0181062 9.9973E-05 9.9973E-05 0.0300333
0.952689 9.9964E-05 9.9964E-05 9.9964E-05 0.0469114 9.9964E-05
0.952344 9.9964E-05 0.0472559 9.9964E-05 9.9964E-05 9.9964E-05
0.983936 9.9964E-05 9.9964E-05 9.9964E-05 0.0156646 9.9964E-05
0.9995 9.996E-05 9.996E-05 9.996E-05 9.996E-05 9.996E-05
0.876767 9.9964E-05 9.9964E-05 0.122833 9.9964E-05 9.9964E-05
0.587357 0.0761703 0.0279712 0.281421 0.0269812 9.9991E-05
0.955025 0.000292959 9.9973E-05 9.9973E-05 9.9973E-05 0.0443824
0.603913 9.9982E-05 9.9982E-05 0.310348 0.0557011 0.029838
0.976345 9.9982E-05 0.00128086 9.9982E-05 0.0200838 0.00209038
0.599175 9.9982E-05 0.0924737 0.212236 0.0959158 9.9982E-05
0.654457 9.9982E-05 0.153731 0.093188 0.0984235 9.9982E-05
0.760456 0.0391006 0.149407 0.0508363 9.9982E-05 9.9982E-05
0.839003 9.99641E-05 0.160597 9.99641E-05 9.99641E-05 9.99641E-05
0.615938 0.0080983 0.0754113 0.296082 9.9991E-05 0.00437032
0.903731 9.9973E-05 9.9973E-05 0.0655138 9.9973E-05 0.0304553
0.744385 0.0169059 0.0495235 0.0618898 0.127195 9.9991E-05
0.806004 0.0533953 9.9991E-05 0.062515 0.0715949 0.00639101
0.84453 9.9964E-05 9.9964E-05 0.15507 9.9964E-05 9.9964E-05
0.675521 0.0452734 0.191014 9.9991E-05 0.0504485 0.0376426
0.755184 0.189506 9.9982E-05 9.9982E-05 0.0118109 0.0432987
0.865266 0.0526983 0.0705456 9.9982E-05 9.9982E-05 0.0112905
0.695812 0.0501039 9.9982E-05 0.169989 0.0838957 9.9982E-05
0.844101 0.0816939 9.9982E-05 0.0565002 0.0175049 9.9982E-05
