0.121908 9.98562E-05 9.98562E-05 9.98562E-05 9.98562E-05 0.0292953 0.14096 9.98562E-05 9.98562E-05 9.98562E-05 9.98562E-05 0.0194174 9.98562E-05 9.98562E-05 9.98562E-05 9.98562E-05 0.0705806 0.0332743 9.98562E-05 0.442545 9.98562E-05 9.98562E-05 0.0890202 0.047287 0.00411438 9.98562E-05
0.0474031 9.98652E-05 0.00420794 9.98652E-05 9.98652E-05 0.0231583 0.185829 9.98652E-05 9.98652E-05 9.98652E-05 9.98652E-05 0.0257195 9.98652E-05 9.98652E-05 9.98652E-05 0.00581464 0.0538265 0.0391116 9.98652E-05 0.570146 9.98652E-05 0.0411557 9.98652E-05 0.00212948 9.98652E-05 9.98652E-05
0.0402029 9.98831E-05 9.98831E-05 0.00643772 0.0435697 9.98831E-05 9.98831E-05 0.0750818 9.98831E-05 9.98831E-05 9.98831E-05 9.98831E-05 0.0209586 0.0670919 9.98831E-05 9.98831E-05 9.98831E-05 0.030765 9.98831E-05 0.57227 0.00749216 9.98831E-05 0.0133974 0.014473 0.0746457 0.0323152
9.98203E-05 9.98203E-05 9.98203E-05 9.98203E-05 9.98203E-05 0.0143069 9.98203E-05 9.98203E-05 9.98203E-05 9.98203E-05 9.98203E-05 9.98203E-05 9.98203E-05 9.98203E-05 9.98203E-05 9.98203E-05 0.0369368 0.0111958 9.98203E-05 0.911714 9.98203E-05 0.00139022 0.0224597 9.98203E-05 9.98203E-05 9.98203E-05
0.0251361 0.0939621 9.99101E-05 0.0741072 0.0161868 9.99101E-05 0.0393059 9.99101E-05 0.032167 0.00530857 0.0105906 9.99101E-05 0.00749176 0.0594868 0.0381282 9.99101E-05 9.99101E-05 0.0326257 0.00661098 0.495738 9.99101E-05 9.99101E-05 9.99101E-05 9.99101E-05 0.0467004 0.015455
9.97845E-05 9.97845E-05 9.97845E-05 9.97845E-05 9.97845E-05 9.97845E-05 9.97845E-05 9.97845E-05 9.97845E-05 9.97845E-05 9.97845E-05 9.97845E-05 9.97845E-05 9.97845E-05 9.97845E-05 9.97845E-05 0.0536848 9.97845E-05 9.97845E-05 0.94392 9.97845E-05 9.97845E-05 9.97845E-05 9.97845E-05 9.97845E-05 9.97845E-05
9.97844E-05 9.97844E-05 9.97844E-05 9.97844E-05 9.97844E-05 9.97844E-05 9.97844E-05 9.97844E-05 9.97844E-05 9.97844E-05 9.97844E-05 9.97844E-05 9.97844E-05 9.97844E-05 9.97844E-05 9.97844E-05 0.0436942 9.97844E-05 9.97844E-05 0.953911 9.97844E-05 9.97844E-05 9.97844E-05 9.97844E-05 9.97844E-05 9.97844E-05
0.0248028 0.121536 0.0217466 0.0352947 0.0717327 9.99191E-05 0.064129 0.0341015 9.99191E-05 9.99191E-05 9.99191E-05 9.99191E-05 9.99191E-05 9.99191E-05 0.0529645 9.99191E-05 0.00283968 0.0680857 0.0184925 0.383804 9.99191E-05 0.00839436 0.0128439 0.0519436 0.00945679 0.0169324
9.98382E-05 0.189869 0.00235175 9.98382E-05 9.98382E-05 9.98382E-05 0.159269 9.98382E-05 0.0279084 0.0353712 9.98382E-05 9.98382E-05 9.98382E-05 9.98382E-05 9.98382E-05 0.0043398 0.0461015 9.98382E-05 9.98382E-05 0.532992 9.98382E-05 9.98382E-05 9.98382E-05 9.98382E-05 9.98382E-05 9.98382E-05
9.98562E-05 0.0796143 9.98562E-05 9.98562E-05 9.98562E-05 9.98562E-05 0.131037 9.98562E-05 9.98562E-05 0.0360132 9.98562E-05 9.98562E-05 9.98562E-05 9.98562E-05 9.98562E-05 9.98562E-05 0.0589773 0.19001 9.98562E-05 0.405702 0.00588961 0.0195311 9.98562E-05 0.0559015 0.0157258 9.98562E-05
0.0289006 9.98383E-05 9.98383E-05 0.0029616 9.98383E-05 0.0331945 0.00351939 9.98383E-05 0.0724213 0.0707747 9.98383E-05 9.98383E-05 9.98383E-05 9.98383E-05 9.98383E-05 9.98383E-05 9.98383E-05 9.98383E-05 9.98383E-05 0.731383 9.98383E-05 9.98383E-05 9.98383E-05 9.98383E-05 0.0550477 9.98383E-05
9.98652E-05 0.0905543 9.98652E-05 9.98652E-05 0.0477667 9.98652E-05 0.0411155 9.98652E-05 0.0127457 9.98652E-05 9.98652E-05 0.0523803 9.98652E-05 0.0110398 9.98652E-05 0.0121875 0.0581706 0.0533775 9.98652E-05 0.539033 9.98652E-05 9.98652E-05 0.0801307 9.98652E-05 9.98652E-05 9.98652E-05
9.98023E-05 9.98023E-05 9.98023E-05 9.98023E-05 9.98023E-05 9.98023E-05 9.98023E-05 9.98023E-05 9.98023E-05 0.0253018 9.98023E-05 9.98023E-05 9.98023E-05 9.98023E-05 9.98023E-05 9.98023E-05 9.98023E-05 9.98023E-05 9.98023E-05 0.954775 0.0144458 0.00328135 9.98023E-05 9.98023E-05 9.98023E-05 9.98023E-05
9.97934E-05 9.97934E-05 0.000376665 9.97934E-05 9.97934E-05 9.97934E-05 9.97934E-05 9.97934E-05 9.97934E-05 9.97934E-05 9.97934E-05 9.97934E-05 9.97934E-05 9.97934E-05 0.00170766 9.97934E-05 9.97934E-05 9.97934E-05 9.97934E-05 0.99562 9.97934E-05 9.97934E-05 9.97934E-05 9.97934E-05 9.97934E-05 9.97934E-05
9.97934E-05 9.97934E-05 0.00242196 9.97934E-05 9.97934E-05 9.97934E-05 9.97934E-05 9.97934E-05 9.97934E-05 9.97934E-05 9.97934E-05 9.97934E-05 9.97934E-05 9.97934E-05 0.0182175 9.97934E-05 9.97934E-05 9.97934E-05 9.97934E-05 0.977065 9.97934E-05 9.97934E-05 9.97934E-05 9.97934E-05 9.97934E-05 9.97934E-05
9.97934E-05 9.97934E-05 9.97934E-05 9.97934E-05 9.97934E-05 9.97934E-05 9.97934E-05 9.97934E-05 9.97934E-05 0.0524164 9.97934E-05 9.97934E-05 0.00756218 9.97934E-05 9.97934E-05 9.97934E-05 9.97934E-05 9.97934E-05 9.97934E-05 0.937726 9.97934E-05 9.97934E-05 9.97934E-05 9.97934E-05 9.97934E-05 9.97934E-05
9.98652E-05 9.98652E-05 9.98652E-05 0.0761695 0.0138555 9.98652E-05 0.0379759 9.98652E-05 9.98652E-05 9.98652E-05 9.98652E-05 9.98652E-05 9.98652E-05 9.98652E-05 9.98652E-05 9.98652E-05 0.0123468 0.116629 9.98652E-05 0.590769 0.0927557 0.016737 0.0181977 0.0172486 0.00581637 9.98652E-05
9.98472E-05 9.98472E-05 9.98472E-05 0.0704217 9.98472E-05 9.98472E-05 0.0547677 9.98472E-05 9.98472E-05 9.98472E-05 9.98472E-05 9.98472E-05 9.98472E-05 9.98472E-05 9.98472E-05 9.98472E-05 9.98472E-05 0.0674215 9.98472E-05 0.597183 0.0568673 0.00979334 9.98472E-05 0.000201114 0.0199133 0.121734
9.98472E-05 9.98472E-05 9.98472E-05 0.0140611 9.98472E-05 9.98472E-05 0.0186725 9.98472E-05 9.98472E-05 9.98472E-05 9.98472E-05 9.98472E-05 9.98472E-05 9.98472E-05 0.019105 9.98472E-05 9.98472E-05 0.0980744 9.98472E-05 0.668901 0.053163 9.98472E-05 9.98472E-05 0.0061062 0.000403827 0.119816
9.97755E-05 9.97755E-05 9.97755E-05 9.97755E-05 9.97755E-05 9.97755E-05 9.97755E-05 9.97755E-05 9.97755E-05 9.97755E-05 9.97755E-05 9.97755E-05 9.97755E-05 9.97755E-05 9.97755E-05 9.97755E-05 9.97755E-05 9.97755E-05 9.97755E-05 9.97755E-05 9.97755E-05 9.97755E-05 9.97755E-05 9.97755E-05 0.997506 9.97755E-05
0.0186536 9.98562E-05 0.051801 9.98562E-05 9.98562E-05 0.0245084 0.283247 0.0439311 9.98562E-05 9.98562E-05 9.98562E-05 9.98562E-05 9.98562E-05 0.227997 0.000270175 9.98562E-05 9.98562E-05 9.98562E-05 9.98562E-05 0.0786628 9.98562E-05 0.0169667 9.98562E-05 9.98562E-05 0.252365 9.98562E-05
0.0401112 9.98652E-05 0.0478573 9.98652E-05 9.98652E-05 0.058136 0.351379 9.98652E-05 0.0375796 9.98652E-05 9.98652E-05 9.98652E-05 9.98652E-05 0.0462401 9.98652E-05 9.98652E-05 0.0744113 9.98652E-05 9.98652E-05 0.0842013 9.98652E-05 0.00966431 9.98652E-05 0.0243847 0.224537 9.98652E-05
0.0135151 9.98562E-05 9.98562E-05 0.21711 9.98562E-05 9.98562E-05 0.0749925 0.00772602 9.98562E-05 9.98562E-05 9.98562E-05 0.0139195 9.98562E-05 0.151563 9.98562E-05 9.98562E-05 0.101533 9.98562E-05 9.98562E-05 0.218895 9.98562E-05 0.00354976 9.98562E-05 9.98562E-05 0.195597 9.98562E-05
0.0281569 0.0663457 0.0415518 0.129936 9.98921E-05 9.98921E-05 0.0768929 0.0080558 9.98921E-05 9.98921E-05 0.0919335 9.98921E-05 9.98921E-05 0.0954454 0.00747675 0.0198038 0.0731797 9.98921E-05 9.98921E-05 0.158948 9.98921E-05 9.98921E-05 9.98921E-05 0.0501671 0.150908 9.98921E-05
9.98831E-05 0.184355 0.0258621 0.00891292 9.98831E-05 0.00395342 9.98831E-05 0.0476675 9.98831E-05 0.0341651 9.98831E-05 9.98831E-05 9.98831E-05 0.36657 0.0248086 9.98831E-05 0.101185 9.98831E-05 9.98831E-05 0.0753084 9.98831E-05 9.98831E-05 9.98831E-05 0.00569538 0.100269 0.0199497
9.98382E-05 9.98382E-05 9.98382E-05 0.0447142 9.98382E-05 9.98382E-05 0.275836 9.98382E-05 9.98382E-05 9.98382E-05 9.98382E-05 9.98382E-05 9.98382E-05 0.122754 0.0584814 9.98382E-05 0.0327297 9.98382E-05 9.98382E-05 0.168083 9.98382E-05 9.98382E-05 9.98382E-05 0.0149029 0.280702 9.98382E-05
9.98562E-05 9.98562E-05 0.0499327 9.98562E-05 9.98562E-05 9.98562E-05 0.155688 9.98562E-05 0.0430859 0.0401668 9.98562E-05 9.98562E-05 9.98562E-05 0.263263 0.0242899 9.98562E-05 0.114477 9.98562E-05 9.98562E-05 0.0398549 9.98562E-05 0.0118212 9.98562E-05 9.98562E-05 0.255823 9.98562E-05
0.015816 0.0547056 0.00531346 9.98831E-05 9.98831E-05 0.0120456 0.225436 0.0961978 9.98831E-05 9.98831E-05 9.98831E-05 9.98831E-05 9.98831E-05 0.215116 9.98831E-05 9.98831E-05 9.98831E-05 0.0114067 9.98831E-05 0.16103 0.0315802 0.00304722 9.98831E-05 0.0186435 0.148364 9.98831E-05
0.037163 0.118122 9.98472E-05 9.98472E-05 9.98472E-05 9.98472E-05 0.222534 0.0154164 9.98472E-05 9.98472E-05 9.98472E-05 9.98472E-05 9.98472E-05 0.279235 9.98472E-05 9.98472E-05 9.98472E-05 9.98472E-05 9.98472E-05 0.154899 0.0102554 9.98472E-05 9.98472E-05 0.000975593 0.159703 9.98472E-05
9.97755E-05 9.97755E-05 9.97755E-05 9.97755E-05 9.97755E-05 9.97755E-05 9.97755E-05 9.97755E-05 9.97755E-05 9.97755E-05 9.97755E-05 9.97755E-05 9.97755E-05 9.97755E-05 9.97755E-05 9.97755E-05 9.97755E-05 9.97755E-05 9.97755E-05 9.97755E-05 9.97755E-05 9.97755E-05 9.97755E-05 9.97755E-05 0.997506 9.97755E-05
9.97844E-05 9.97844E-05 9.97844E-05 9.97844E-05 9.97844E-05 9.97844E-05 9.97844E-05 0.019415 9.97844E-05 9.97844E-05 9.97844E-05 9.97844E-05 9.97844E-05 9.97844E-05 9.97844E-05 9.97844E-05 9.97844E-05 9.97844E-05 9.97844E-05 9.97844E-05 9.97844E-05 9.97844E-05 9.97844E-05 9.97844E-05 0.97819 9.97844E-05
9.97844E-05 9.97844E-05 9.97844E-05 9.97844E-05 9.97844E-05 9.97844E-05 9.97844E-05 9.97844E-05 9.97844E-05 9.97844E-05 9.97844E-05 9.97844E-05 9.97844E-05 9.97844E-05 9.97844E-05 9.97844E-05 9.97844E-05 9.97844E-05 9.97844E-05 9.97844E-05 9.97844E-05 9.97844E-05 0.00920903 9.97844E-05 0.988396 9.97844E-05
9.97755E-05 9.97755E-05 9.97755E-05 9.97755E-05 9.97755E-05 9.97755E-05 9.97755E-05 9.97755E-05 9.97755E-05 9.97755E-05 9.97755E-05 9.97755E-05 9.97755E-05 9.97755E-05 9.97755E-05 9.97755E-05 9.97755E-05 9.97755E-05 9.97755E-05 9.97755E-05 9.97755E-05 9.97755E-05 9.97755E-05 9.97755E-05 0.997506 9.97755E-05
0.0191788 9.98203E-05 9.98203E-05 9.98203E-05 9.98203E-05 9.98203E-05 9.98203E-05 9.98203E-05 0.0110625 9.98203E-05 9.98203E-05 9.98203E-05 9.98203E-05 0.0110953 9.98203E-05 0.0354197 9.98203E-05 9.98203E-05 9.98203E-05 9.98203E-05 9.98203E-05 0.0174954 9.98203E-05 9.98203E-05 0.903752 9.98203E-05
9.98113E-05 9.98113E-05 9.98113E-05 0.0215998 9.98113E-05 9.98113E-05 9.98113E-05 9.98113E-05 9.98113E-05 9.98113E-05 9.98113E-05 9.98113E-05 9.98113E-05 0.0083135 9.98113E-05 9.98113E-05 9.98113E-05 9.98113E-05 9.98113E-05 0.00474232 0.018456 9.98113E-05 9.98113E-05 9.98113E-05 0.944792 9.98113E-05
0.051818 0.0133798 9.98652E-05 0.141585 0.108247 9.98652E-05 0.0157667 9.98652E-05 9.98652E-05 9.98652E-05 9.98652E-05 9.98652E-05 9.98652E-05 0.258058 9.98652E-05 9.98652E-05 0.120678 9.98652E-05 0.0096351 0.0258732 0.059766 9.98652E-05 9.98652E-05 9.98652E-05 0.193694 9.98652E-05
9.9928E-05 0.0532515 9.9928E-05 0.0132409 0.00378168 9.9928E-05 0.0160575 0.0110933 0.00892959 9.9928E-05 9.9928E-05 0.0201032 0.031846 0.137713 0.022762 0.059932 0.0413306 9.9928E-05 9.9928E-05 0.146822 0.0328575 0.145117 0.0438275 0.0195561 0.19098 9.9928E-05
9.98652E-05 9.98652E-05 9.98652E-05 0.217664 9.98652E-05 9.98652E-05 0.0499491 0.0176576 9.98652E-05 9.98652E-05 9.98652E-05 9.98652E-05 0.0309126 0.0827413 0.0117411 9.98652E-05 0.139508 9.98652E-05 9.98652E-05 0.242008 9.98652E-05 0.043988 0.013785 9.98652E-05 0.148548 9.98652E-05
9.98382E-05 9.98382E-05 9.98382E-05 9.98382E-05 9.98382E-05 9.98382E-05 0.13686 9.98382E-05 9.98382E-05 9.98382E-05 9.98382E-05 9.98382E-05 0.0519081 0.657629 0.00023482 9.98382E-05 0.0196638 9.98382E-05 9.98382E-05 0.0341849 9.98382E-05 9.98382E-05 0.0617489 9.98382E-05 9.98382E-05 0.0359735
9.98292E-05 0.0750264 9.98292E-05 9.98292E-05 9.98292E-05 9.98292E-05 9.98292E-05 0.0299191 0.0276588 9.98292E-05 9.98292E-05 9.98292E-05 9.98292E-05 0.843025 9.98292E-05 9.98292E-05 9.98292E-05 9.98292E-05 0.00910557 0.0111268 9.98292E-05 9.98292E-05 9.98292E-05 0.00224145 9.98292E-05 9.98292E-05
9.98113E-05 9.98113E-05 0.00993021 9.98113E-05 9.98113E-05 9.98113E-05 9.98113E-05 9.98113E-05 9.98113E-05 9.98113E-05 9.98113E-05 9.98113E-05 9.98113E-05 0.919334 0.0371223 0.0312009 9.98113E-05 9.98113E-05 9.98113E-05 9.98113E-05 9.98113E-05 0.000317078 9.98113E-05 9.98113E-05 9.98113E-05 9.98113E-05
9.98472E-05 9.98472E-05 9.98472E-05 9.98472E-05 9.98472E-05 9.98472E-05 9.98472E-05 9.98472E-05 9.98472E-05 9.98472E-05 9.98472E-05 0.0629653 9.98472E-05 0.678515 9.98472E-05 9.98472E-05 9.98472E-05 0.012985 0.0248411 0.100546 0.00238254 0.0971871 9.98472E-05 0.00108457 0.0177959 9.98472E-05
0.0225027 9.98562E-05 9.98562E-05 0.0186387 9.98562E-05 9.98562E-05 0.0783803 0.0032568 9.98562E-05 9.98562E-05 9.98562E-05 0.0187887 0.0265085 0.66925 9.98562E-05 0.00380414 9.98562E-05 9.98562E-05 9.98562E-05 9.98562E-05 9.98562E-05 0.0351804 0.122093 9.98562E-05 9.98562E-05 9.98562E-05
9.98562E-05 0.0969701 9.98562E-05 0.0390659 0.0585119 9.98562E-05 0.0659215 0.0143032 0.000504242 9.98562E-05 9.98562E-05 9.98562E-05 9.98562E-05 0.595242 9.98562E-05 9.98562E-05 9.98562E-05 9.98562E-05 9.98562E-05 9.98562E-05 0.108339 9.98562E-05 0.0169445 0.00260034 9.98562E-05 9.98562E-05
0.0592805 9.98921E-05 0.0260021 0.0391467 9.98921E-05 0.00250537 0.160045 9.98921E-05 9.98921E-05 9.98921E-05 0.0579442 0.00112072 0.00313273 0.409615 9.98921E-05 9.98921E-05 9.98921E-05 0.0481144 9.98921E-05 0.0154066 0.0888554 0.0225334 9.98921E-05 9.98921E-05 0.0650997 9.98921E-05
9.98293E-05 9.98293E-05 9.98293E-05 0.0222606 9.98293E-05 9.98293E-05 9.98293E-05 9.98293E-05 9.98293E-05 9.98293E-05 0.00731807 9.98293E-05 9.98293E-05 0.703472 9.98293E-05 9.98293E-05 9.98293E-05 0.130724 9.98293E-05 9.98293E-05 0.0172059 9.98293E-05 0.0937718 9.98293E-05 0.023351 9.98293E-05
9.98472E-05 9.98472E-05 9.98472E-05 9.98472E-05 9.98472E-05 0.0127619 0.0780908 0.0774296 9.98472E-05 0.00669678 9.98472E-05 0.0473139 9.98472E-05 0.718037 9.98472E-05 9.98472E-05 9.98472E-05 9.98472E-05 9.98472E-05 9.98472E-05 9.98472E-05 0.0331177 0.0164317 9.98472E-05 0.00842279 9.98472E-05
9.98382E-05 0.0812268 9.98382E-05 0.105954 9.98382E-05 0.0166296 9.98382E-05 9.98382E-05 9.98382E-05 0.0040231 9.98382E-05 0.000336177 9.98382E-05 0.776888 9.98382E-05 9.98382E-05 9.98382E-05 9.98382E-05 9.98382E-05 9.98382E-05 9.98382E-05 0.00661102 0.00653394 9.98382E-05 9.98382E-05 9.98382E-05
9.97845E-05 9.97845E-05 9.97845E-05 9.97845E-05 9.97845E-05 9.97845E-05 9.97845E-05 9.97845E-05 9.97845E-05 9.97845E-05 9.97845E-05 9.97845E-05 9.97845E-05 9.97845E-05 0.992596 9.97845E-05 0.00500882 9.97845E-05 9.97845E-05 9.97845E-05 9.97845E-05 9.97845E-05 9.97845E-05 9.97845E-05 9.97845E-05 9.97845E-05
9.98114E-05 9.98114E-05 9.98114E-05 9.98114E-05 9.98114E-05 9.98114E-05 9.98114E-05 9.98114E-05 9.98114E-05 9.98114E-05 9.98114E-05 9.98114E-05 9.98114E-05 0.0219301 0.949134 9.98114E-05 9.98114E-05 9.98114E-05 9.98114E-05 0.00457959 0.0132788 9.98114E-05 9.98114E-05 0.00898102 9.98114E-05 9.98114E-05
9.97845E-05 9.97845E-05 9.97845E-05 9.97845E-05 9.97845E-05 9.97845E-05 9.97845E-05 9.97845E-05 9.97845E-05 9.97845E-05 9.97845E-05 9.97845E-05 9.97845E-05 9.97845E-05 0.994684 9.97845E-05 9.97845E-05 9.97845E-05 0.00292075 9.97845E-05 9.97845E-05 9.97845E-05 9.97845E-05 9.97845E-05 9.97845E-05 9.97845E-05
9.97755E-05 9.97755E-05 9.97755E-05 9.97755E-05 9.97755E-05 9.97755E-05 9.97755E-05 9.97755E-05 9.97755E-05 9.97755E-05 9.97755E-05 9.97755E-05 9.97755E-05 9.97755E-05 0.997506 9.97755E-05 9.97755E-05 9.97755E-05 9.97755E-05 9.97755E-05 9.97755E-05 9.97755E-05 9.97755E-05 9.97755E-05 9.97755E-05 9.97755E-05
9.97845E-05 9.97845E-05 9.97845E-05 9.97845E-05 9.97845E-05 9.97845E-05 9.97845E-05 9.97845E-05 9.97845E-05 9.97845E-05 9.97845E-05 9.97845E-05 9.97845E-05 9.97845E-05 0.99411 9.97845E-05 9.97845E-05 9.97845E-05 9.97845E-05 9.97845E-05 9.97845E-05 9.97845E-05 0.0034954 9.97845E-05 9.97845E-05 9.97845E-05
9.97755E-05 9.97755E-05 9.97755E-05 9.97755E-05 9.97755E-05 9.97755E-05 9.97755E-05 9.97755E-05 9.97755E-05 9.97755E-05 9.97755E-05 9.97755E-05 9.97755E-05 9.97755E-05 0.997506 9.97755E-05 9.97755E-05 9.97755E-05 9.97755E-05 9.97755E-05 9.97755E-05 9.97755E-05 9.97755E-05 9.97755E-05 9.97755E-05 9.97755E-05
0.000783382 9.98203E-05 9.98203E-05 0.0182449 9.98203E-05 9.98203E-05 9.98203E-05 9.98203E-05 9.98203E-05 9.98203E-05 9.98203E-05 9.98203E-05 0.00784032 9.98203E-05 0.951024 9.98203E-05 9.98203E-05 0.00295212 9.98203E-05 9.98203E-05 0.0171591 9.98203E-05 9.98203E-05 9.98203E-05 9.98203E-05 9.98203E-05
9.98024E-05 9.98024E-05 9.98024E-05 9.98024E-05 9.98024E-05 9.98024E-05 9.98024E-05 9.98024E-05 9.98024E-05 0.00192711 9.98024E-05 9.98024E-05 9.98024E-05 9.98024E-05 0.984006 9.98024E-05 9.98024E-05 9.98024E-05 9.98024E-05 9.98024E-05 9.98024E-05 9.98024E-05 9.98024E-05 0.00514215 0.00672948 9.98024E-05
9.97755E-05 9.97755E-05 9.97755E-05 9.97755E-05 9.97755E-05 9.97755E-05 9.97755E-05 9.97755E-05 9.97755E-05 9.97755E-05 9.97755E-05 9.97755E-05 9.97755E-05 9.97755E-05 0.997506 9.97755E-05 9.97755E-05 9.97755E-05 9.97755E-05 9.97755E-05 9.97755E-05 9.97755E-05 9.97755E-05 9.97755E-05 9.97755E-05 9.97755E-05
9.98203E-05 9.98203E-05 9.98203E-05 9.98203E-05 9.98203E-05 9.98203E-05 0.45575 9.98203E-05 0.0299428 9.98203E-05 9.98203E-05 9.98203E-05 9.98203E-05 0.206952 0.163314 9.98203E-05 0.0619739 9.98203E-05 9.98203E-05 0.0800709 9.98203E-05 9.98203E-05 9.98203E-05 9.98203E-05 9.98203E-05 9.98203E-05
9.98831E-05 9.98831E-05 0.00708324 9.98831E-05 0.0110737 0.0347832 0.207733 9.98831E-05 9.98831E-05 0.0743597 0.039871 0.13381 9.98831E-05 0.101243 0.0231547 0.00743608 0.269137 9.98831E-05 9.98831E-05 0.083079 9.98831E-05 9.98831E-05 0.00593794 9.98831E-05 9.98831E-05 9.98831E-05
0.0131893 0.0819058 9.98472E-05 9.98472E-05 9.98472E-05 0.0300977 9.98472E-05 9.98472E-05 9.98472E-05 9.98472E-05 9.98472E-05 0.0122162 9.98472E-05 0.543871 0.0281318 0.014384 0.237767 0.0367398 9.98472E-05 9.98472E-05 9.98472E-05 9.98472E-05 9.98472E-05 9.98472E-05 9.98472E-05 9.98472E-05
9.98472E-05 9.98472E-05 9.98472E-05 0.00357615 0.0829069 9.98472E-05 9.98472E-05 9.98472E-05 0.0130467 0.0774484 9.98472E-05 9.98472E-05 9.98472E-05 0.44195 9.98472E-05 0.0573704 0.205341 9.98472E-05 9.98472E-05 0.0803904 9.98472E-05 9.98472E-05 9.98472E-05 9.98472E-05 9.98472E-05 0.0362725
9.98562E-05 9.98562E-05 9.98562E-05 9.98562E-05 0.00146477 9.98562E-05 0.12528 9.98562E-05 9.98562E-05 9.98562E-05 9.98562E-05 9.98562E-05 0.05444 0.301345 0.0138164 9.98562E-05 0.284562 0.0622729 0.0305005 9.98562E-05 9.98562E-05 9.98562E-05 9.98562E-05 9.98562E-05 0.0835181 0.0412029
0.0683975 0.0813407 9.98472E-05 0.0257944 9.98472E-05 9.98472E-05 0.187125 9.98472E-05 9.98472E-05 9.98472E-05 9.98472E-05 9.98472E-05 9.98472E-05 0.276413 9.98472E-05 9.98472E-05 0.169496 9.98472E-05 9.98472E-05 0.127868 9.98472E-05 0.0193504 9.98472E-05 9.98472E-05 0.0425174 9.98472E-05
0.0752527 0.122423 0.00143284 0.0104467 9.99011E-05 9.99011E-05 0.0723527 0.021085 0.0389878 0.0247141 9.99011E-05 9.99011E-05 9.99011E-05 0.313261 0.0251549 0.0826462 0.0400732 9.99011E-05 0.0633779 0.0282155 9.99011E-05 9.99011E-05 9.99011E-05 9.99011E-05 0.0794777 9.99011E-05
9.97935E-05 9.97935E-05 9.97935E-05 9.97935E-05 9.97935E-05 9.97935E-05 9.97935E-05 9.97935E-05 9.97935E-05 9.97935E-05 9.97935E-05 9.97935E-05 9.97935E-05 0.0266282 9.97935E-05 9.97935E-05 0.922155 9.97935E-05 9.97935E-05 9.97935E-05 9.97935E-05 9.97935E-05 9.97935E-05 9.97935E-05 0.048922 9.97935E-05
9.98293E-05 0.090613 9.98293E-05 9.98293E-05 9.98293E-05 9.98293E-05 0.130769 9.98293E-05 9.98293E-05 9.98293E-05 9.98293E-05 9.98293E-05 9.98293E-05 9.98293E-05 9.98293E-05 9.98293E-05 0.697067 9.98293E-05 9.98293E-05 0.0359002 0.0174806 9.98293E-05 9.98293E-05 9.98293E-05 0.0228129 0.00346055
9.98652E-05 9.98652E-05 9.98652E-05 9.98652E-05 9.98652E-05 0.0464058 0.254444 9.98652E-05 9.98652E-05 0.0780651 0.0376738 0.124486 9.98652E-05 0.0452198 0.0294953 0.0180332 0.299909 9.98652E-05 9.98652E-05 0.0630788 9.98652E-05 9.98652E-05 0.00169119 9.98652E-05 9.98652E-05 9.98652E-05
9.98562E-05 0.0460037 9.98562E-05 9.98562E-05 9.98562E-05 9.98562E-05 0.163482 9.98562E-05 9.98562E-05 0.0186459 9.98562E-05 9.98562E-05 9.98562E-05 0.00318013 9.98562E-05 9.98562E-05 0.648073 9.98562E-05 9.98562E-05 0.0721859 0.00459529 0.00877716 9.98562E-05 0.00225209 0.0312067 9.98562E-05
9.98472E-05 9.98472E-05 9.98472E-05 9.98472E-05 9.98472E-05 9.98472E-05 0.104854 9.98472E-05 0.0115943 0.0307614 9.98472E-05 0.0299094 9.98472E-05 0.321781 0.00693127 9.98472E-05 0.396065 9.98472E-05 9.98472E-05 0.025251 0.0711561 9.98472E-05 9.98472E-05 9.98472E-05 9.98472E-05 9.98472E-05
9.98472E-05 9.98472E-05 9.98472E-05 0.00628851 9.98472E-05 9.98472E-05 0.111876 9.98472E-05 9.98472E-05 0.000284201 9.98472E-05 0.0394538 9.98472E-05 0.33603 0.0010239 9.98472E-05 0.377963 9.98472E-05 9.98472E-05 0.0503608 0.0750227 9.98472E-05 9.98472E-05 9.98472E-05 9.98472E-05 9.98472E-05
9.98292E-05 9.98292E-05 9.98292E-05 9.98292E-05 0.0235986 9.98292E-05 0.116196 9.98292E-05 9.98292E-05 0.0319563 9.98292E-05 0.0143704 9.98292E-05 0.336876 9.98292E-05 9.98292E-05 0.371263 9.98292E-05 9.98292E-05 9.98292E-05 0.103844 9.98292E-05 9.98292E-05 9.98292E-05 9.98292E-05 9.98292E-05
9.98382E-05 0.101314 9.98382E-05 9.98382E-05 9.98382E-05 9.98382E-05 0.176139 0.0191993 9.98382E-05 9.98382E-05 9.98382E-05 0.0255285 9.98382E-05 0.155502 9.98382E-05 0.00349074 0.473246 9.98382E-05 9.98382E-05 0.0437825 9.98382E-05 9.98382E-05 9.98382E-05 9.98382E-05 9.98382E-05 9.98382E-05
9.98741E-05 9.98741E-05 9.98741E-05 9.98741E-05 0.08725 9.98741E-05 0.0926445 0.000422592 9.98741E-05 0.0212369 0.0375896 9.98741E-05 9.98741E-05 0.31472 0.0206537 9.98741E-05 0.214765 9.98741E-05 9.98741E-05 0.0680107 0.0516155 9.98741E-05 9.98741E-05 0.000657675 0.0890359 9.98741E-05
0.0867734 9.98293E-05 9.98293E-05 9.98293E-05 9.98293E-05 9.98293E-05 0.196331 9.98293E-05 9.98293E-05 0.0721374 9.98293E-05 9.98293E-05 9.98293E-05 0.369668 9.98293E-05 9.98293E-05 0.172825 9.98293E-05 9.98293E-05 0.0270602 9.98293E-05 9.98293E-05 9.98293E-05 9.98293E-05 0.0733083 9.98293E-05
9.98023E-05 9.98023E-05 9.98023E-05 9.98023E-05 9.98023E-05 9.98023E-05 9.98023E-05 9.98023E-05 9.98023E-05 9.98023E-05 9.98023E-05 9.98023E-05 9.98023E-05 9.98023E-05 0.00943051 9.98023E-05 0.973569 0.00756034 9.98023E-05 9.98023E-05 9.98023E-05 0.00724467 9.98023E-05 9.98023E-05 9.98023E-05 9.98023E-05
9.97933E-05 9.97933E-05 0.000369246 9.97933E-05 9.97933E-05 9.97933E-05 9.97933E-05 9.97933E-05 9.97933E-05 9.97933E-05 9.97933E-05 9.97933E-05 9.97933E-05 9.97933E-05 9.97933E-05 9.97933E-05 0.981573 9.97933E-05 9.97933E-05 9.97933E-05 9.97933E-05 9.97933E-05 9.97933E-05 9.97933E-05 9.97933E-05 0.0157622
9.98292E-05 9.98292E-05 0.0263829 0.0115895 0.0126318 9.98292E-05 9.98292E-05 9.98292E-05 9.98292E-05 9.98292E-05 9.98292E-05 9.98292E-05 9.98292E-05 9.98292E-05 0.0181508 9.98292E-05 0.845753 0.0770383 9.98292E-05 9.98292E-05 9.98292E-05 0.00655689 9.98292E-05 9.98292E-05 9.98292E-05 9.98292E-05
9.98112E-05 9.98112E-05 9.98112E-05 9.98112E-05 0.000665733 9.98112E-05 9.98112E-05 9.98112E-05 9.98112E-05 9.98112E-05 9.98112E-05 0.00258766 9.98112E-05 9.98112E-05 9.98112E-05 9.98112E-05 0.942014 0.0436433 9.98112E-05 9.98112E-05 9.98112E-05 9.98112E-05 0.00899315 9.98112E-05 9.98112E-05 9.98112E-05
9.98651E-05 9.98651E-05 0.0795321 9.98651E-05 0.0213216 9.98651E-05 0.120348 9.98651E-05 9.98651E-05 9.98651E-05 0.046519 0.00889065 0.0191567 0.523518 0.0805767 9.98651E-05 0.0872747 0.00499383 0.00637 9.98651E-05 9.98651E-05 9.98651E-05 9.98651E-05 9.98651E-05 9.98651E-05 9.98651E-05
9.98203E-05 0.22448 9.98203E-05 9.98203E-05 9.98203E-05 9.98203E-05 0.324414 9.98203E-05 9.98203E-05 0.00803839 9.98203E-05 9.98203E-05 9.98203E-05 0.287149 0.11044 0.0434819 9.98203E-05 9.98203E-05 9.98203E-05 9.98203E-05 9.98203E-05 9.98203E-05 9.98203E-05 9.98203E-05 9.98203E-05 9.98203E-05
0.00933256 9.98652E-05 9.98652E-05 9.98652E-05 9.98652E-05 9.98652E-05 0.232894 9.98652E-05 0.0329909 9.98652E-05 0.115583 9.98652E-05 0.0350933 0.283739 0.0322454 0.0136951 0.075022 9.98652E-05 9.98652E-05 0.110673 9.98652E-05 9.98652E-05 9.98652E-05 9.98652E-05 0.0572332 9.98652E-05
9.98203E-05 9.98203E-05 9.98203E-05 9.98203E-05 9.98203E-05 9.98203E-05 0.516602 9.98203E-05 9.98203E-05 9.98203E-05 9.98203E-05 0.0187788 9.98203E-05 0.302768 0.0664748 9.98203E-05 0.0456694 9.98203E-05 9.98203E-05 9.98203E-05 9.98203E-05 9.98203E-05 9.98203E-05 9.98203E-05 0.0477108 9.98203E-05
9.98741E-05 9.98741E-05 0.0175587 9.98741E-05 9.98741E-05 0.00124965 0.454143 9.98741E-05 9.98741E-05 9.98741E-05 9.98741E-05 0.00306103 9.98741E-05 0.256381 0.0738701 9.98741E-05 0.0272639 9.98741E-05 0.021231 0.0153482 0.00702906 9.98741E-05 0.0155449 9.98741E-05 0.105921 9.98741E-05
9.98383E-05 0.0641194 9.98383E-05 9.98383E-05 0.0036881 9.98383E-05 0.0959359 9.98383E-05 9.98383E-05 9.98383E-05 9.98383E-05 9.98383E-05 0.0856515 0.570944 9.98383E-05 9.98383E-05 0.138926 9.98383E-05 9.98383E-05 0.038572 9.98383E-05 0.000366109 9.98383E-05 9.98383E-05 9.98383E-05 9.98383E-05
9.98831E-05 0.0559049 0.0249628 0.022321 9.98831E-05 9.98831E-05 0.310043 9.98831E-05 0.0342003 9.98831E-05 9.98831E-05 0.00380973 9.98831E-05 0.291448 0.0536891 9.98831E-05 0.102344 9.98831E-05 9.98831E-05 9.98831E-05 0.00295926 9.98831E-05 9.98831E-05 0.0104003 0.000682703 0.0859363
9.98472E-05 9.98472E-05 9.98472E-05 9.98472E-05 0.0214122 9.98472E-05 0.120862 9.98472E-05 9.98472E-05 9.98472E-05 9.98472E-05 0.00726464 9.98472E-05 0.553794 0.0333422 9.98472E-05 0.0799558 0.122876 9.98472E-05 9.98472E-05 9.98472E-05 9.98472E-05 0.00952143 9.98472E-05 9.98472E-05 0.0492744
9.98114E-05 9.98114E-05 9.98114E-05 9.98114E-05 9.98114E-05 9.98114E-05 0.157714 9.98114E-05 9.98114E-05 9.98114E-05 9.98114E-05 9.98114E-05 0.0265527 0.633872 0.0352955 9.98114E-05 0.14447 9.98114E-05 9.98114E-05 9.98114E-05 9.98114E-05 9.98114E-05 9.98114E-05 9.98114E-05 9.98114E-05 9.98114E-05
9.99101E-05 9.99101E-05 0.00588431 9.99101E-05 9.99101E-05 0.0356117 0.149416 0.0589347 9.99101E-05 0.027706 0.0169562 0.0779293 0.0125255 0.499648 0.000213457 9.99101E-05 0.0196492 0.0409115 9.99101E-05 9.99101E-05 9.99101E-05 0.0211993 0.0111169 9.99101E-05 0.013803 0.00749562
9.98741E-05 9.98741E-05 9.98741E-05 9.98741E-05 0.00731505 9.98741E-05 0.119402 9.98741E-05 9.98741E-05 9.98741E-05 9.98741E-05 0.00325098 9.98741E-05 0.616684 0.0230882 0.0180499 0.0278654 9.98741E-05 9.98741E-05 0.0148538 0.0724728 0.0326093 0.0208446 9.98741E-05 0.0421662 9.98741E-05
9.98741E-05 9.98741E-05 9.98741E-05 9.98741E-05 0.0287279 9.98741E-05 0.135293 9.98741E-05 0.00373315 9.98741E-05 9.98741E-05 9.98741E-05 9.98741E-05 0.605853 0.0246436 0.0117063 0.0367106 9.98741E-05 9.98741E-05 0.0351728 0.0770392 0.0257689 0.00336838 9.98741E-05 0.010585 9.98741E-05
0.0732565 0.00284905 9.98741E-05 0.0225373 0.00408287 9.98741E-05 0.147732 9.98741E-05 0.0183562 9.98741E-05 9.98741E-05 9.98741E-05 9.98741E-05 0.50497 0.0667041 9.98741E-05 9.98741E-05 0.0786969 9.98741E-05 9.98741E-05 9.98741E-05 9.98741E-05 0.0234859 9.98741E-05 0.0497915 0.00613978
0.0612717 0.0344793 0.0100795 0.0355496 0.0081286 9.98921E-05 0.144457 9.98921E-05 9.98921E-05 9.98921E-05 9.98921E-05 9.98921E-05 0.0114952 0.535902 0.0506488 9.98921E-05 9.98921E-05 0.0404704 0.00471696 9.98921E-05 9.98921E-05 9.98921E-05 9.98921E-05 0.00524756 0.0527841 0.00357045
0.0209195 0.0273883 9.98648E-05 0.0242599 9.98648E-05 9.98648E-05 0.271298 9.98648E-05 0.0214189 9.98648E-05 9.98648E-05 9.98648E-05 9.98648E-05 0.333958 0.00440354 9.98648E-05 0.103819 9.98648E-05 9.98648E-05 9.98648E-05 0.0588166 9.98648E-05 9.98648E-05 9.98648E-05 9.98648E-05 0.13212
0.0266134 9.98382E-05 9.98382E-05 0.001154 9.98382E-05 9.98382E-05 0.122439 9.98382E-05 0.0231157 0.0871932 9.98382E-05 9.98382E-05 9.98382E-05 0.688686 0.00923127 9.98382E-05 0.0397705 9.98382E-05 9.98382E-05 9.98382E-05 9.98382E-05 9.98382E-05 9.98382E-05 9.98382E-05 9.98382E-05 9.98382E-05
9.98562E-05 0.0220978 9.98562E-05 9.98562E-05 9.98562E-05 9.98562E-05 0.375207 9.98562E-05 0.040817 9.98562E-05 9.98562E-05 9.98562E-05 9.98562E-05 0.291353 0.00570049 0.032977 0.105515 9.98562E-05 9.98562E-05 0.0571112 9.98562E-05 9.98562E-05 9.98562E-05 9.98562E-05 0.048851 0.0187725
9.98562E-05 9.98562E-05 0.00478179 9.98562E-05 9.98562E-05 9.98562E-05 0.0612135 9.98562E-05 0.0328453 0.0205579 9.98562E-05 9.98562E-05 9.98562E-05 0.621418 0.00832855 9.98562E-05 0.110678 9.98562E-05 9.98562E-05 0.046022 0.0779327 9.98562E-05 9.98562E-05 9.98562E-05 0.0146244 9.98562E-05
9.98562E-05 9.98562E-05 0.00374549 9.98562E-05 9.98562E-05 9.98562E-05 0.152564 9.98562E-05 0.0931691 9.98562E-05 9.98562E-05 9.98562E-05 0.0037684 0.443015 0.0199642 9.98562E-05 0.178226 9.98562E-05 0.0313783 9.98562E-05 0.00528632 9.98562E-05 9.98562E-05 9.98562E-05 0.0672848 9.98562E-05
0.0653859 9.98562E-05 0.0173201 0.00439645 9.98562E-05 9.98562E-05 0.413345 9.98562E-05 9.98562E-05 0.0373607 9.98562E-05 9.98562E-05 9.98562E-05 0.221259 0.0349549 9.98562E-05 0.163621 9.98562E-05 0.00116139 9.98562E-05 0.0395981 9.98562E-05 9.98562E-05 9.98562E-05 9.98562E-05 9.98562E-05
0.0303755 0.0506901 9.98653E-05 0.000595775 0.021494 0.00188825 0.422743 9.98653E-05 9.98653E-05 0.10681 9.98653E-05 9.98653E-05 9.98653E-05 0.283376 0.0425629 0.0177041 9.98653E-05 9.98653E-05 9.98653E-05 9.98653E-05 9.98653E-05 0.0202631 9.98653E-05 9.98653E-05 9.98653E-05 9.98653E-05
0.0249388 0.192641 9.98472E-05 9.98472E-05 9.98472E-05 9.98472E-05 0.559739 9.98472E-05 0.0417032 9.98472E-05 9.98472E-05 0.00335877 9.98472E-05 0.0969329 9.98472E-05 0.00936677 9.98472E-05 9.98472E-05 9.98472E-05 9.98472E-05 9.98472E-05 0.0393736 9.98472E-05 0.0302487 9.98472E-05 9.98472E-05
9.98382E-05 9.98382E-05 9.98382E-05 9.98382E-05 9.98382E-05 9.98382E-05 0.462268 9.98382E-05 9.98382E-05 0.0421176 9.98382E-05 9.98382E-05 9.98382E-05 0.245252 9.98382E-05 9.98382E-05 0.0268941 0.00771493 9.98382E-05 0.0963793 9.98382E-05 0.0355271 9.98382E-05 9.98382E-05 9.98382E-05 0.0820498
9.98831E-05 0.0420965 0.0222575 9.98831E-05 9.98831E-05 9.98831E-05 0.514634 9.98831E-05 0.0961039 0.00661049 9.98831E-05 9.98831E-05 0.0508147 0.00948483 9.98831E-05 0.0695637 9.98831E-05 9.98831E-05 9.98831E-05 0.0591056 0.0138206 0.0419471 9.98831E-05 9.98831E-05 0.00756008 0.064703
0.0608554 9.98741E-05 0.0393323 0.0140522 9.98741E-05 9.98741E-05 0.330966 0.00455306 0.0466392 0.0565765 9.98741E-05 9.98741E-05 9.98741E-05 0.253518 0.0464551 0.0753844 0.00358963 9.98741E-05 9.98741E-05 9.98741E-05 9.98741E-05 0.0666802 9.98741E-05 9.98741E-05 9.98741E-05 9.98741E-05
0.0112915 9.98651E-05 0.00868322 9.98651E-05 0.107033 9.98651E-05 0.580193 0.0020601 0.00225419 9.98651E-05 9.98651E-05 0.052407 9.98651E-05 0.0903191 0.0729372 0.0382183 0.0331057 9.98651E-05 9.98651E-05 9.98651E-05 9.98651E-05 9.98651E-05 9.98651E-05 9.98651E-05 9.98651E-05 9.98651E-05
9.98382E-05 0.0967941 9.98382E-05 9.98382E-05 9.98382E-05 9.98382E-05 0.673481 0.0228951 9.98382E-05 9.98382E-05 9.98382E-05 9.98382E-05 9.98382E-05 0.13991 9.98382E-05 0.0206954 9.98382E-05 0.0270063 9.98382E-05 0.00444962 0.0129711 9.98382E-05 9.98382E-05 9.98382E-05 9.98382E-05 9.98382E-05
0.00305486 0.144287 9.98921E-05 0.0560529 9.98921E-05 9.98921E-05 0.526641 0.0634179 0.0253793 9.98921E-05 9.98921E-05 9.98921E-05 9.98921E-05 9.98921E-05 9.98921E-05 0.00957858 9.98921E-05 0.116378 9.98921E-05 9.98921E-05 0.00998345 0.00181908 0.00720408 0.0233154 0.00732863 0.0043614
0.0294284 0.116435 9.98741E-05 0.00142149 9.98741E-05 9.98741E-05 0.568666 9.98741E-05 0.147386 9.98741E-05 9.98741E-05 9.98741E-05 0.0105572 0.00638097 9.98741E-05 0.0707427 0.00335685 0.0334389 9.98741E-05 9.98741E-05 0.00384335 9.98741E-05 9.98741E-05 0.00694508 9.98741E-05 9.98741E-05
9.98472E-05 0.172166 9.98472E-05 0.0612474 9.98472E-05 9.98472E-05 0.554272 0.045523 9.98472E-05 9.98472E-05 9.98472E-05 9.98472E-05 9.98472E-05 9.98472E-05 9.98472E-05 0.0130841 9.98472E-05 9.98472E-05 0.0316669 9.98472E-05 0.0372699 9.98472E-05 9.98472E-05 0.0308047 9.98472E-05 0.0522685
9.98562E-05 0.205433 0.0079037 0.0366141 9.98562E-05 9.98562E-05 0.547316 0.00605567 9.98562E-05 9.98562E-05 9.98562E-05 9.98562E-05 9.98562E-05 0.0749912 9.98562E-05 0.038044 0.0106679 9.98562E-05 0.00428733 0.067089 9.98562E-05 9.98562E-05 9.98562E-05 9.98562E-05 9.98562E-05 9.98562E-05
9.98562E-05 0.224187 0.0499398 9.98562E-05 9.98562E-05 9.98562E-05 0.474516 9.98562E-05 9.98562E-05 9.98562E-05 9.98562E-05 0.0210982 9.98562E-05 9.98562E-05 9.98562E-05 0.0177999 0.024706 0.077681 9.98562E-05 0.0323152 9.98562E-05 0.0310328 9.98562E-05 9.98562E-05 0.0451266 9.98562E-05
9.98562E-05 9.98562E-05 9.98562E-05 0.0201634 0.0352032 9.98562E-05 0.489563 0.00446834 9.98562E-05 9.98562E-05 9.98562E-05 9.98562E-05 9.98562E-05 0.090397 0.110587 9.98562E-05 9.98562E-05 9.98562E-05 9.98562E-05 0.0662772 9.98562E-05 9.98562E-05 0.0405311 9.98562E-05 0.00702654 0.134185
9.98473E-05 9.98473E-05 0.00503538 9.98473E-05 0.0634097 9.98473E-05 0.640853 9.98473E-05 9.98473E-05 9.98473E-05 9.98473E-05 9.98473E-05 9.98473E-05 0.125734 0.0374921 0.0666553 9.98473E-05 0.00789967 9.98473E-05 9.98473E-05 9.98473E-05 9.98473E-05 9.98473E-05 9.98473E-05 0.0335595 0.0176638
0.0121774 0.0874382 0.0870309 9.98831E-05 9.98831E-05 0.0198626 0.441259 9.98831E-05 9.98831E-05 0.0278463 9.98831E-05 0.00306077 0.00667834 0.202681 9.98831E-05 9.98831E-05 0.00425573 9.98831E-05 0.0155579 9.98831E-05 0.0794013 0.0114524 9.98831E-05 9.98831E-05 9.98831E-05 9.98831E-05
9.99011E-05 0.0360516 9.99011E-05 9.99011E-05 9.99011E-05 9.99011E-05 0.530163 0.0642353 0.0705583 0.00220438 9.99011E-05 9.99011E-05 0.0717989 0.0247619 0.0470308 0.00710984 9.99011E-05 0.0614141 9.99011E-05 9.99011E-05 0.000221607 0.0239437 9.99011E-05 0.0152929 0.00711239 0.0370023
9.98921E-05 9.98921E-05 0.0340217 0.0301146 9.98921E-05 9.98921E-05 0.446372 0.00365887 0.0335118 0.135581 0.0124028 9.98921E-05 0.0105091 0.0460426 9.98921E-05 9.98921E-05 0.0290733 9.98921E-05 0.00712151 9.98921E-05 9.98921E-05 0.0285191 9.98921E-05 9.98921E-05 0.038151 0.143722
0.0556207 9.98831E-05 0.0985656 0.0575733 9.98831E-05 9.98831E-05 0.283844 9.98831E-05 0.0221375 9.98831E-05 0.0427082 9.98831E-05 9.98831E-05 0.284704 0.0245612 0.0866698 9.98831E-05 9.98831E-05 0.00675025 9.98831E-05 9.98831E-05 0.0101095 9.98831E-05 0.00372635 0.0217312 9.98831E-05
9.9901E-05 9.9901E-05 9.9901E-05 0.0187291 9.9901E-05 9.9901E-05 0.43938 9.9901E-05 0.0154412 0.0933021 0.0148716 9.9901E-05 0.0784738 0.0500938 0.00628768 9.9901E-05 0.00816974 0.00901229 0.0289552 9.9901E-05 9.9901E-05 0.0339298 9.9901E-05 0.00321951 0.0341504 0.164885
9.98562E-05 9.98562E-05 9.98562E-05 9.98562E-05 0.0339358 9.98562E-05 0.498762 0.0296879 9.98562E-05 9.98562E-05 9.98562E-05 9.98562E-05 9.98562E-05 0.122435 0.0744251 0.0218437 9.98562E-05 9.98562E-05 9.98562E-05 0.0110932 9.98562E-05 9.98562E-05 0.0260311 9.98562E-05 0.0336288 0.14656
9.98293E-05 9.98293E-05 0.017781 0.0470511 9.98293E-05 9.98293E-05 0.624892 9.98293E-05 9.98293E-05 9.98293E-05 9.98293E-05 0.0739103 9.98293E-05 9.98293E-05 9.98293E-05 9.98293E-05 0.0390682 9.98293E-05 9.98293E-05 0.108011 9.98293E-05 9.98293E-05 9.98293E-05 9.98293E-05 9.98293E-05 0.0873899
0.010538 9.98293E-05 9.98293E-05 0.0833768 9.98293E-05 9.98293E-05 0.641631 9.98293E-05 9.98293E-05 9.98293E-05 9.98293E-05 0.0543368 9.98293E-05 9.98293E-05 9.98293E-05 9.98293E-05 0.0242058 9.98293E-05 9.98293E-05 0.0602091 9.98293E-05 9.98293E-05 9.98293E-05 9.98293E-05 9.98293E-05 0.123806
0.0398362 9.98652E-05 9.98652E-05 9.98652E-05 9.98652E-05 9.98652E-05 0.550507 9.98652E-05 0.0838221 0.00578844 9.98652E-05 9.98652E-05 0.00799106 0.0495077 9.98652E-05 9.98652E-05 9.98652E-05 0.0206872 0.0690086 0.0344931 9.98652E-05 9.98652E-05 0.0870775 9.98652E-05 0.0497828 9.98652E-05
0.0597012 9.98383E-05 9.98383E-05 9.98383E-05 9.98383E-05 9.98383E-05 0.606824 9.98383E-05 0.0640755 9.98383E-05 9.98383E-05 9.98383E-05 0.00348715 0.0681664 9.98383E-05 9.98383E-05 9.98383E-05 9.98383E-05 0.0469179 0.0586427 9.98383E-05 9.98383E-05 0.0903877 9.98383E-05 9.98383E-05 9.98383E-05
9.98382E-05 9.98382E-05 9.98382E-05 0.139479 9.98382E-05 9.98382E-05 0.634157 0.015604 9.98382E-05 9.98382E-05 9.98382E-05 9.98382E-05 9.98382E-05 9.98382E-05 0.028787 9.98382E-05 9.98382E-05 0.0602369 0.0256484 9.98382E-05 0.0311832 9.98382E-05 9.98382E-05 9.98382E-05 9.98382E-05 0.0631067
9.98382E-05 0.163119 0.0229818 9.98382E-05 9.98382E-05 9.98382E-05 0.653984 9.98382E-05 0.0178918 9.98382E-05 9.98382E-05 9.98382E-05 9.98382E-05 9.98382E-05 9.98382E-05 9.98382E-05 9.98382E-05 0.0385181 9.98382E-05 9.98382E-05 9.98382E-05 9.98382E-05 9.98382E-05 0.0224427 0.0633702 0.0158949
9.98651E-05 9.98651E-05 9.98651E-05 0.123863 9.98651E-05 9.98651E-05 0.709443 0.0408849 9.98651E-05 9.98651E-05 9.98651E-05 0.00453428 9.98651E-05 9.98651E-05 0.0337941 9.98651E-05 9.98651E-05 0.0285996 9.98651E-05 0.0179394 0.00544661 9.98651E-05 0.00790714 9.98651E-05 0.00339451 0.0226952
0.0115508 9.98741E-05 9.98741E-05 0.00492352 9.98741E-05 9.98741E-05 0.707752 0.00247816 0.00920669 9.98741E-05 0.0406308 0.00475173 9.98741E-05 0.0419641 9.98741E-05 9.98741E-05 9.98741E-05 9.98741E-05 9.98741E-05 0.126367 9.98741E-05 9.98741E-05 0.0197334 0.0187373 0.0105064 9.98741E-05
0.0550821 0.11277 9.98472E-05 0.0903718 9.98472E-05 9.98472E-05 0.541705 9.98472E-05 0.0642003 9.98472E-05 9.98472E-05 9.98472E-05 9.98472E-05 0.0384756 9.98472E-05 9.98472E-05 9.98472E-05 0.00347185 9.98472E-05 9.98472E-05 9.98472E-05 9.98472E-05 0.0776844 0.0145414 9.98472E-05 9.98472E-05
0.0525796 9.98651E-05 9.98651E-05 0.0613521 0.00213371 9.98651E-05 0.625388 0.0444662 9.98651E-05 9.98651E-05 9.98651E-05 0.0167677 9.98651E-05 9.98651E-05 0.0111644 0.0330359 9.98651E-05 9.98651E-05 9.98651E-05 9.98651E-05 0.00397068 0.0938943 9.98651E-05 0.0537498 9.98651E-05 9.98651E-05
0.1026 9.98562E-05 9.98562E-05 0.0653502 9.98562E-05 9.98562E-05 0.627815 0.0265654 9.98562E-05 0.00936601 0.0701559 9.98562E-05 9.98562E-05 9.98562E-05 0.00792825 0.0140715 9.98562E-05 9.98562E-05 0.0377486 9.98562E-05 0.0368014 9.98562E-05 9.98562E-05 9.98562E-05 9.98562E-05 9.98562E-05
9.98382E-05 9.98382E-05 9.98382E-05 0.0706235 9.98382E-05 9.98382E-05 0.595308 9.98382E-05 9.98382E-05 9.98382E-05 9.98382E-05 9.98382E-05 0.0234955 0.0419441 9.98382E-05 9.98382E-05 9.98382E-05 9.98382E-05 9.98382E-05 0.158088 9.98382E-05 9.98382E-05 0.0640284 0.00826207 0.0364532 9.98382E-05
0.0497747 9.98382E-05 9.98382E-05 0.0436341 9.98382E-05 9.98382E-05 0.703052 0.0896513 9.98382E-05 9.98382E-05 9.98382E-05 9.98382E-05 9.98382E-05 9.98382E-05 0.0202965 9.98382E-05 9.98382E-05 0.0585547 9.98382E-05 9.98382E-05 9.98382E-05 9.98382E-05 0.0186851 9.98382E-05 9.98382E-05 0.0145541
0.0254473 9.98561E-05 0.0337017 9.98561E-05 0.019963 0.0320127 0.543061 9.98561E-05 0.042191 0.0848591 9.98561E-05 9.98561E-05 9.98561E-05 0.203349 9.98561E-05 9.98561E-05 0.00427054 9.98561E-05 9.98561E-05 9.98561E-05 0.00954708 9.98561E-05 9.98561E-05 9.98561E-05 9.98561E-05 9.98561E-05
0.0283182 0.0114444 9.98651E-05 9.98651E-05 0.0538648 9.98651E-05 0.725551 9.98651E-05 9.98651E-05 9.98651E-05 9.98651E-05 9.98651E-05 0.000883301 0.0465351 0.015859 0.00929171 0.0376132 0.0277365 0.0414052 9.98651E-05 9.98651E-05 9.98651E-05 9.98651E-05 9.98651E-05 9.98651E-05 9.98651E-05
9.98472E-05 9.98472E-05 9.98472E-05 9.98472E-05 0.0374679 0.0111624 0.724927 9.98472E-05 9.98472E-05 9.98472E-05 9.98472E-05 9.98472E-05 0.0364728 9.98472E-05 0.0361786 0.00569353 9.98472E-05 9.98472E-05 9.98472E-05 0.0851456 9.98472E-05 9.98472E-05 9.98472E-05 0.00277372 9.98472E-05 0.0584808
0.00473562 0.0236534 9.98742E-05 0.10294 9.98742E-05 9.98742E-05 0.548686 9.98742E-05 9.98742E-05 0.00576368 9.98742E-05 0.0180461 9.98742E-05 0.121905 0.00790052 9.98742E-05 0.039251 9.98742E-05 9.98742E-05 9.98742E-05 0.0681786 9.98742E-05 0.041973 9.98742E-05 0.0155692 9.98742E-05
0.0433948 9.98472E-05 9.98472E-05 0.0173304 9.98472E-05 0.00655074 0.699959 9.98472E-05 0.0494398 0.0158206 9.98472E-05 9.98472E-05 9.98472E-05 9.98472E-05 9.98472E-05 9.98472E-05 9.98472E-05 9.98472E-05 9.98472E-05 0.0852218 9.98472E-05 9.98472E-05 0.0521649 9.98472E-05 0.0284202 9.98472E-05
