0.0413351 0.0231769 9.9955E-05 0.119109 9.9955E-05 0.540064 9.9955E-05 0.0700914 0.0422589 0.0607425 9.9955E-05 9.9955E-05 0.102722
0.0138625 0.0476591 0.0211533 0.0622345 0.0282549 0.60288 0.00920103 0.067278 0.1198 0.027377 9.9973E-05 9.9973E-05 9.9973E-05
0.308635 9.9946E-05 0.0177631 0.0426637 9.9946E-05 0.494369 9.9946E-05 9.9946E-05 0.00670745 9.9946E-05 0.00369211 9.9946E-05 0.125569
0.175163 0.0346637 9.9946E-05 9.9946E-05 9.9946E-05 0.566314 0.000757252 9.9946E-05 0.0806052 0.0364528 9.9946E-05 9.9946E-05 0.105444
0.182068 0.106253 0.0584357 0.0237083 9.9964E-05 0.54159 0.0131184 0.0237038 0.0229205 9.9964E-05 9.9964E-05 0.027802 9.9964E-05
0.0636755 0.0202532 9.9955E-05 9.9955E-05 9.9955E-05 0.727722 0.00510095 9.9955E-05 0.0363665 0.0370168 0.0283225 9.9955E-05 0.0810425
0.141121 9.99371E-05 9.99371E-05 9.99371E-05 9.99371E-05 0.693875 0.000181083 9.99371E-05 0.0457219 0.0544687 9.99371E-05 9.99371E-05 0.0639324
0.177224 0.0834151 0.0755652 0.0332643 0.03835 0.442425 9.9973E-05 0.0540878 0.0229969 9.9973E-05 9.9973E-05 0.0195685 0.0528025
0.0613426 0.0981122 9.9955E-05 9.9955E-05 9.9955E-05 0.645312 0.114783 0.0488512 0.0230273 0.00300342 9.9955E-05 9.9955E-05 0.00506807
0.0295136 0.125813 0.0161862 0.0310727 0.0555989 0.547222 9.9964E-05 9.9964E-05 0.0344944 0.0536956 9.9964E-05 9.9964E-05 0.106004
0.102525 0.130059 0.0256055 0.0487305 9.9964E-05 0.487373 0.100944 9.9964E-05 0.0724978 0.000674153 9.9964E-05 9.9964E-05 0.0311918
0.295369 0.051129 9.9946E-05 9.9946E-05 9.9946E-05 0.527268 0.043211 9.9946E-05 9.9946E-05 0.0153363 0.00612864 9.9946E-05 0.0609583
0.0838618 0.129192 0.0376441 0.0414875 9.9946E-05 0.533172 9.9946E-05 9.9946E-05 0.0688303 9.9946E-05 9.9946E-05 9.9946E-05 0.105212
0.000446907 0.112735 0.0280068 0.0163158 9.9973E-05 0.572391 0.0443404 0.00634129 0.0824009 9.9973E-05 9.9973E-05 0.00413453 0.132587
0.0273203 0.0906587 0.0449886 0.051387 9.9955E-05 0.560177 9.9955E-05 0.0370111 0.0651395 9.9955E-05 9.9955E-05 9.9955E-05 0.122818
0.0767489 0.133544 0.0263761 0.0374248 9.9964E-05 0.531812 0.0676713 0.0189156 0.0451154 9.9964E-05 9.9964E-05 9.9964E-05 0.0619922
0.172799 0.0295888 0.0547161 9.9937E-05 9.9937E-05 0.471833 9.9937E-05 9.9937E-05 0.0968967 9.9937E-05 9.9937E-05 9.9937E-05 0.173467
0.17572 0.0239045 0.0858105 9.9946E-05 9.9946E-05 0.44971 9.9946E-05 0.0092396 0.0695459 9.9946E-05 9.9946E-05 9.9946E-05 0.185469
0.260743 0.0593259 0.0118513 9.9955E-05 9.9955E-05 0.454154 9.9955E-05 0.0134072 0.0603272 9.9955E-05 9.9955E-05 0.00444067 0.135251
9.99101E-05 9.99101E-05 9.99101E-05 9.99101E-05 9.99101E-05 0.986002 0.00577803 9.99101E-05 0.00722122 9.99101E-05 9.99101E-05 9.99101E-05 9.99101E-05
9.9928E-05 9.9928E-05 9.9928E-05 0.0366821 9.9928E-05 0.804548 9.9928E-05 0.0743906 0.0518922 0.0316872 9.9928E-05 9.9928E-05 9.9928E-05
9.9937E-05 9.9937E-05 9.9937E-05 0.0415116 9.9937E-05 0.766148 0.0476543 0.0305894 0.0182957 0.0951013 9.9937E-05 9.9937E-05 9.9937E-05
9.99281E-05 9.99281E-05 0.219477 0.0104718 9.99281E-05 0.690484 9.99281E-05 9.99281E-05 0.0476014 9.99281E-05 0.0311665 9.99281E-05 9.99281E-05
0.0276792 9.9964E-05 0.123771 0.0162456 0.115424 0.615357 9.9964E-05 0.062409 0.00894076 9.9964E-05 9.9964E-05 0.00168994 0.0280838
0.0522461 0.062072 0.0295398 9.9964E-05 0.0445471 0.669031 0.0292381 0.0617252 9.9964E-05 0.00858042 9.9964E-05 0.0426207 9.9964E-05
9.99281E-05 9.99281E-05 0.0121682 9.99281E-05 0.0610319 0.883069 9.99281E-05 9.99281E-05 9.99281E-05 9.99281E-05 9.99281E-05 0.0417239 0.00120756
9.9937E-05 0.0321785 9.9937E-05 9.9937E-05 9.9937E-05 0.81953 0.0321532 0.0568912 0.0390137 9.9937E-05 9.9937E-05 0.0195336 9.9937E-05
9.9946E-05 9.9946E-05 9.9946E-05 0.0251106 9.9946E-05 0.788281 0.0524433 0.0360551 0.0254263 0.0349971 9.9946E-05 9.9946E-05 0.0370866
9.9946E-05 9.9946E-05 9.9946E-05 0.0485801 9.9946E-05 0.833374 0.030603 0.00306389 0.0156976 0.0204744 9.9946E-05 9.9946E-05 0.0476068
9.99101E-05 9.99101E-05 9.99101E-05 9.99101E-05 9.99101E-05 0.974498 0.017043 9.99101E-05 9.99101E-05 9.99101E-05 0.00746035 9.99101E-05 9.99101E-05
9.99101E-05 0.00268979 9.99101E-05 9.99101E-05 9.99101E-05 0.948535 0.0477766 9.99101E-05 9.99101E-05 9.99101E-05 9.99101E-05 9.99101E-05 9.99101E-05
9.99191E-05 9.99191E-05 9.99191E-05 9.99191E-05 9.99191E-05 0.980408 0.000687683 0.000403075 9.99191E-05 9.99191E-05 0.017602 9.99191E-05 9.99191E-05
9.99101E-05 9.99101E-05 9.99101E-05 9.99101E-05 9.99101E-05 0.978643 9.99101E-05 9.99101E-05 9.99101E-05 0.00137453 0.0189837 9.99101E-05 9.99101E-05
9.99011E-05 9.99011E-05 9.99011E-05 9.99011E-05 9.99011E-05 0.942522 0.0563791 9.99011E-05 9.99011E-05 9.99011E-05 9.99011E-05 9.99011E-05 9.99011E-05
9.99101E-05 9.99101E-05 9.99101E-05 0.0556712 9.99101E-05 0.941333 0.00199694 9.99101E-05 9.99101E-05 9.99101E-05 9.99101E-05 9.99101E-05 9.99101E-05
0.0730511 9.9946E-05 0.138134 0.0121166 0.0871128 0.663363 9.9946E-05 9.9946E-05 9.9946E-05 9.9946E-05 9.9946E-05 0.00703914 0.0185838
9.9964E-05 9.9964E-05 0.0191367 0.0203804 0.0963963 0.548949 9.9964E-05 0.028918 0.126369 0.0238708 0.0864124 9.9964E-05 0.0491674
0.0203106 9.9946E-05 0.211385 0.0112385 9.9946E-05 0.622318 9.9946E-05 0.0102118 0.103247 9.9946E-05 0.0206891 9.9946E-05 9.9946E-05
0.0189344 9.99281E-05 9.99281E-05 9.99281E-05 9.99281E-05 0.833321 9.99281E-05 9.99281E-05 0.00148252 9.99281E-05 0.0895035 0.0559592 9.99281E-05
0.0262666 0.0196121 0.0194993 0.00743072 0.0374298 0.727265 0.0376744 9.9964E-05 9.9964E-05 9.9964E-05 0.0437253 0.0806965 9.9964E-05
9.9946E-05 9.9946E-05 9.9946E-05 0.0137572 0.0336084 0.787781 9.9946E-05 0.000154773 0.0303584 9.9946E-05 0.0116461 0.122094 9.9946E-05
9.99281E-05 9.99281E-05 9.99281E-05 9.99281E-05 0.0239596 0.767451 0.0141467 9.99281E-05 0.153758 9.99281E-05 9.99281E-05 9.99281E-05 0.0398853
0.0391643 9.9946E-05 9.9946E-05 0.0553559 0.0246744 0.70274 9.9946E-05 9.9946E-05 0.0407039 9.9946E-05 0.0596194 0.0771429 9.9946E-05
0.14084 9.9946E-05 0.0333172 9.9946E-05 0.0817879 0.605425 0.00230878 9.9946E-05 9.9946E-05 9.9946E-05 9.9946E-05 0.054899 0.0808231
9.9964E-05 9.9964E-05 0.0176742 0.055156 9.9964E-05 0.606698 9.9964E-05 0.0248363 0.0338274 0.045796 0.0426708 0.0174995 0.155442
0.149232 9.9964E-05 0.018099 0.0252059 0.00469503 0.664135 9.9964E-05 9.9964E-05 0.0112634 9.9964E-05 0.0167342 0.064496 0.0457401
0.00877967 0.0294763 0.0236817 0.0161134 0.0084324 0.788253 9.9964E-05 9.9964E-05 0.0329211 0.0336265 9.9964E-05 0.0583159 9.9964E-05
9.9937E-05 0.0501858 0.123979 9.9937E-05 9.9937E-05 0.768711 9.9937E-05 9.9937E-05 0.0285306 0.0274366 9.9937E-05 0.000456824 9.9937E-05
9.98921E-05 9.98921E-05 9.98921E-05 9.98921E-05 9.98921E-05 9.98921E-05 9.98921E-05 9.98921E-05 9.98921E-05 9.98921E-05 9.98921E-05 0.998801 9.98921E-05
9.99101E-05 9.99101E-05 9.99101E-05 9.99101E-05 0.00894602 9.99101E-05 9.99101E-05 9.99101E-05 0.00576887 9.99101E-05 9.99101E-05 0.984286 9.99101E-05
9.98921E-05 9.98921E-05 9.98921E-05 9.98921E-05 9.98921E-05 9.98921E-05 9.98921E-05 9.98921E-05 9.98921E-05 9.98921E-05 9.98921E-05 0.998801 9.98921E-05
9.98921E-05 9.98921E-05 9.98921E-05 9.98921E-05 9.98921E-05 9.98921E-05 9.98921E-05 9.98921E-05 9.98921E-05 9.98921E-05 9.98921E-05 0.998801 9.98921E-05
9.98921E-05 9.98921E-05 9.98921E-05 9.98921E-05 9.98921E-05 9.98921E-05 9.98921E-05 9.98921E-05 9.98921E-05 9.98921E-05 9.98921E-05 0.998801 9.98921E-05
9.98921E-05 9.98921E-05 9.98921E-05 9.98921E-05 9.98921E-05 9.98921E-05 9.98921E-05 9.98921E-05 9.98921E-05 9.98921E-05 9.98921E-05 0.998801 9.98921E-05
9.99191E-05 9.99191E-05 9.99191E-05 9.99191E-05 9.99191E-05 9.99191E-05 9.99191E-05 0.0160166 9.99191E-05 0.0037323 9.99191E-05 0.957801 0.0215509
9.98921E-05 9.98921E-05 9.98921E-05 9.98921E-05 9.98921E-05 9.98921E-05 9.98921E-05 9.98921E-05 9.98921E-05 9.98921E-05 9.98921E-05 0.998801 9.98921E-05
9.98921E-05 9.98921E-05 9.98921E-05 9.98921E-05 9.98921E-05 9.98921E-05 9.98921E-05 9.98921E-05 9.98921E-05 9.98921E-05 9.98921E-05 0.998801 9.98921E-05
9.9937E-05 9.9937E-05 9.9937E-05 0.00616283 0.0247891 0.757431 0.0143963 0.0127207 9.9937E-05 9.9937E-05 9.9937E-05 0.183801 9.9937E-05
0.185811 0.100097 9.9937E-05 9.9937E-05 9.9937E-05 0.579614 9.9937E-05 0.0170409 9.9937E-05 0.0713168 9.9937E-05 0.0454211 9.9937E-05
9.9964E-05 9.9964E-05 9.9964E-05 0.0343085 0.0213795 0.749316 0.0258583 0.0203321 9.9964E-05 0.076681 0.00457009 0.0628926 0.0042617
0.0715411 0.084931 0.00446093 9.9964E-05 0.0728861 0.667308 0.0421363 9.9964E-05 9.9964E-05 0.0385827 0.0117744 0.00597978 9.9964E-05
0.0379775 9.99371E-05 9.99371E-05 9.99371E-05 9.99371E-05 0.78146 9.99371E-05 0.0483045 0.00524352 9.99371E-05 0.0758766 0.0504383 9.99371E-05
9.9928E-05 9.9928E-05 0.0332461 0.0885782 9.9928E-05 0.824914 9.9928E-05 0.000273769 0.0521887 9.9928E-05 9.9928E-05 9.9928E-05 9.9928E-05
0.0134018 0.00669469 0.0343776 0.100351 0.136791 0.554883 0.0782799 0.0388969 9.9973E-05 0.00198868 9.9973E-05 0.0340351 9.9973E-05
9.98922E-05 9.98922E-05 9.98922E-05 9.98922E-05 9.98922E-05 0.998801 9.98922E-05 9.98922E-05 9.98922E-05 9.98922E-05 9.98922E-05 9.98922E-05 9.98922E-05
9.9946E-05 0.00323323 0.041792 9.9946E-05 9.9946E-05 0.875895 0.0141456 0.0311946 9.9946E-05 0.0204051 9.9946E-05 9.9946E-05 0.0127344
0.19391 0.0579648 9.9937E-05 9.9937E-05 9.9937E-05 0.631437 9.9937E-05 0.0014588 9.9937E-05 0.0829839 9.9937E-05 0.0315463 9.9937E-05
9.9937E-05 0.0327033 0.0306438 9.9937E-05 9.9937E-05 0.841867 0.0345276 0.0517744 9.9937E-05 9.9937E-05 9.9937E-05 9.9937E-05 0.00778464
9.9937E-05 0.0249602 0.0177606 9.9937E-05 9.9937E-05 0.819426 9.9937E-05 0.0131677 9.9937E-05 9.9937E-05 9.9937E-05 0.0273516 0.0966348
9.99281E-05 0.0536061 0.000738508 9.99281E-05 9.99281E-05 0.818171 9.99281E-05 9.99281E-05 9.99281E-05 9.99281E-05 9.99281E-05 0.0451659 0.0815193
9.99281E-05 0.0363661 9.99281E-05 9.99281E-05 9.99281E-05 0.81174 9.99281E-05 0.0201286 9.99281E-05 9.99281E-05 9.99281E-05 0.0249578 0.106008
0.0248503 0.00651397 0.0114455 9.9955E-05 0.0215744 0.84415 0.0371096 0.0210094 9.9955E-05 0.0328473 9.9955E-05 9.9955E-05 9.9955E-05
0.0982928 0.0287153 9.9955E-05 0.000551961 0.00297391 0.694751 9.9955E-05 9.9955E-05 9.9955E-05 9.9955E-05 0.0383649 0.0582469 0.077603
9.99191E-05 0.0452397 9.99191E-05 0.0249782 9.99191E-05 0.884913 9.99191E-05 9.99191E-05 9.99191E-05 9.99191E-05 9.99191E-05 0.0439699 9.99191E-05
0.0145755 9.9955E-05 0.0282253 9.9955E-05 0.0271122 0.679172 9.9955E-05 0.0897605 0.0542986 9.9955E-05 0.00493423 0.101422 9.9955E-05
0.0186961 9.9937E-05 0.032882 9.9937E-05 9.9937E-05 0.677831 9.9937E-05 0.143453 9.9937E-05 0.052245 9.9937E-05 0.0741928 9.9937E-05
0.0122645 9.9955E-05 0.0523188 9.9955E-05 0.0138016 0.635452 9.9955E-05 0.127769 0.0298139 0.0582802 9.9955E-05 0.0698005 9.9955E-05
0.0738948 9.9964E-05 0.0169994 9.9964E-05 0.0235232 0.665829 9.9964E-05 0.0925942 0.0303532 9.9964E-05 0.013817 0.0772197 0.0053694
0.0238862 9.9937E-05 9.9937E-05 9.9937E-05 9.9937E-05 0.65812 9.9937E-05 0.103977 9.9937E-05 9.9937E-05 0.0743462 0.135995 0.00297632
0.00849977 0.0779568 9.9937E-05 9.9937E-05 0.105887 0.663025 9.9937E-05 9.9937E-05 9.9937E-05 9.9937E-05 0.0146339 0.129297 9.9937E-05
0.100698 9.9946E-05 9.9946E-05 0.022295 0.0275274 0.732838 0.0317942 9.9946E-05 9.9946E-05 9.9946E-05 0.0474419 0.0368052 9.9946E-05
9.99191E-05 9.99191E-05 9.99191E-05 0.0139374 9.99191E-05 0.893511 9.99191E-05 0.00334737 9.99191E-05 9.99191E-05 9.99191E-05 0.088305 9.99191E-05
9.9928E-05 9.9928E-05 9.9928E-05 9.9928E-05 9.9928E-05 0.853832 0.0134464 0.0313961 9.9928E-05 0.00690177 9.9928E-05 0.093624 9.9928E-05
9.99281E-05 9.99281E-05 9.99281E-05 9.99281E-05 9.99281E-05 0.803007 0.0355349 9.99281E-05 0.0377094 9.99281E-05 0.0723462 0.0506031 9.99281E-05
0.0308239 9.9955E-05 0.037292 0.00595717 0.0417542 0.702375 0.0508747 0.0417018 9.9955E-05 9.9955E-05 9.9955E-05 0.0887216 9.9955E-05
0.137228 0.0163358 9.9937E-05 9.9937E-05 9.9937E-05 0.743144 9.9937E-05 0.00812992 9.9937E-05 0.0136396 9.9937E-05 0.0808228 9.9937E-05
9.99281E-05 0.00466337 9.99281E-05 9.99281E-05 9.99281E-05 0.835651 9.99281E-05 0.0108218 9.99281E-05 9.99281E-05 0.0542049 0.0938591 9.99281E-05
0.158762 0.0361302 9.9964E-05 9.9964E-05 0.00370662 0.629398 9.9964E-05 0.0139031 0.0360271 0.0392384 0.0363554 0.0460789 9.9964E-05
9.9946E-05 9.9946E-05 9.9946E-05 9.9946E-05 0.0159906 0.778186 0.0304304 0.0318774 0.0355987 9.9946E-05 9.9946E-05 0.0588511 0.0484658
9.9937E-05 9.9937E-05 9.9937E-05 9.9937E-05 0.0289653 0.774412 0.00468265 9.9937E-05 0.0467101 9.9937E-05 9.9937E-05 0.0570537 0.0874765
0.0279364 0.0155567 0.0497875 0.0774703 0.0123563 0.620274 0.00994484 0.0266137 9.9973E-05 9.9973E-05 0.0310859 0.128675 9.9973E-05
9.9955E-05 0.0225278 0.0239155 0.0875404 0.00453932 0.672353 0.0184931 9.9955E-05 9.9955E-05 9.9955E-05 0.0682655 0.101865 9.9955E-05
0.0577137 9.9955E-05 0.0492757 0.0327714 9.9955E-05 0.62504 0.0486253 9.9955E-05 9.9955E-05 0.0340896 9.9955E-05 0.0745569 0.0774272
9.99281E-05 0.0661506 9.99281E-05 0.0436943 9.99281E-05 0.769694 0.0539277 9.99281E-05 9.99281E-05 9.99281E-05 9.99281E-05 0.0657344 9.99281E-05
9.9946E-05 0.0232131 9.9946E-05 0.00139802 0.00811355 0.860598 0.0464463 9.9946E-05 9.9946E-05 0.0410033 9.9946E-05 0.0186286 9.9946E-05
9.9946E-05 0.0249932 9.9946E-05 9.9946E-05 9.9946E-05 0.812362 0.0174233 0.00703703 9.9946E-05 9.9946E-05 0.0104365 0.0668071 0.0603413
9.9946E-05 0.00479101 9.9946E-05 9.9946E-05 9.9946E-05 0.770622 0.0810401 0.0478015 9.9946E-05 9.9946E-05 0.012845 0.0612808 0.0210197
9.9955E-05 0.0211241 9.9955E-05 0.053207 9.9955E-05 0.739102 9.9955E-05 0.0600697 0.00439423 9.9955E-05 0.00619321 0.065494 0.0499155
9.9964E-05 0.14231 0.0236046 0.0321699 0.0307098 0.626949 9.9964E-05 9.9964E-05 0.0117299 0.0203736 9.9964E-05 0.0964246 0.0153293
9.9955E-05 9.9955E-05 9.9955E-05 0.074505 0.0755665 0.641407 0.0559451 0.0152856 0.0652233 9.9955E-05 9.9955E-05 0.0102976 0.0612706
9.9955E-05 0.0541366 0.00770177 9.9955E-05 9.9955E-05 0.773109 9.9955E-05 0.0272361 0.0732209 0.0226904 0.0277512 9.9955E-05 0.0136541
0.0138484 0.0287626 9.9973E-05 0.00423301 0.058902 0.577464 0.112032 0.0556117 0.0672005 9.9973E-05 0.060617 9.9973E-05 0.0210285
9.9964E-05 0.0629949 0.00985969 0.0737476 0.0862563 0.528979 0.0416345 0.0490645 0.0695794 9.9964E-05 9.9964E-05 0.0774843 9.9964E-05
0.15069 9.9937E-05 9.9937E-05 0.0250648 0.0283535 0.660829 9.9937E-05 0.0371724 9.9937E-05 9.9937E-05 9.9937E-05 0.0971904 9.9937E-05
0.0998368 9.9937E-05 9.9937E-05 9.9937E-05 0.0108353 0.82222 9.9937E-05 0.000959318 9.9937E-05 0.0313129 9.9937E-05 9.9937E-05 0.0341362
0.283431 9.9964E-05 0.095072 0.00425337 0.0410773 0.456075 0.0348559 9.9964E-05 0.0134342 9.9964E-05 9.9964E-05 0.0229255 0.0484762
0.00340904 9.9973E-05 0.060111 0.0286406 0.0730123 0.564817 0.189691 9.9973E-05 0.0120914 9.9973E-05 0.0255642 0.00625738 0.0361068
0.229712 9.9946E-05 0.118611 9.9946E-05 0.0565685 0.503504 0.0155487 9.9946E-05 9.9946E-05 9.9946E-05 9.9946E-05 0.006111 0.0693452
0.0671653 9.9955E-05 0.0660851 9.9955E-05 0.0445331 0.754316 0.0340408 0.0269208 0.00324853 0.00319109 9.9955E-05 9.9955E-05 9.9955E-05
0.111376 0.00673737 0.0533594 0.00733432 0.0595122 0.619407 0.00708455 0.0844846 0.0503053 9.9964E-05 9.9964E-05 9.9964E-05 9.9964E-05
0.196215 9.99281E-05 0.0489314 9.99281E-05 9.99281E-05 0.590965 9.99281E-05 9.99281E-05 9.99281E-05 9.99281E-05 9.99281E-05 0.130773 0.0323163
0.118135 9.99371E-05 9.99371E-05 9.99371E-05 0.0706574 0.717652 9.99371E-05 0.0249177 9.99371E-05 0.021797 9.99371E-05 0.0461408 9.99371E-05
0.00948413 0.036794 9.9964E-05 0.049647 9.9964E-05 0.662183 9.9964E-05 0.0994594 0.00587473 0.0335289 0.0077953 9.9964E-05 0.0948334
0.141694 0.0179604 9.9973E-05 9.9973E-05 0.00386595 0.522947 0.084905 9.9973E-05 0.0271506 0.0356213 0.0805177 0.0689977 0.0160404
0.122198 0.130266 0.0343159 9.9964E-05 9.9964E-05 0.519148 0.0550264 0.0425529 0.0561446 9.9964E-05 0.0307366 0.00921148 9.9964E-05
9.9955E-05 9.9955E-05 0.0437504 0.0524211 0.138112 0.501698 0.0225535 0.172046 0.00777345 9.9955E-05 9.9955E-05 0.0611451 9.9955E-05
0.168096 0.104474 0.0247583 9.9973E-05 0.000405048 0.513347 0.0267188 0.0173065 0.0844143 9.9973E-05 0.040404 0.0197761 9.9973E-05
0.19 9.9937E-05 0.0176949 9.9937E-05 0.00635291 0.670177 9.9937E-05 9.9937E-05 9.9937E-05 9.9937E-05 9.9937E-05 0.0927667 0.0223086
0.0949356 0.0127933 0.0878032 0.014196 0.0064547 0.672495 9.9964E-05 0.083044 9.9964E-05 0.0214674 9.9964E-05 0.00641085 9.9964E-05
0.105744 9.9946E-05 0.135282 0.0173421 0.000844095 0.669623 9.9946E-05 0.0595795 9.9946E-05 9.9946E-05 9.9946E-05 0.0109847 9.9946E-05
0.088475 9.9955E-05 0.0248115 0.0662359 9.9955E-05 0.689683 0.0300016 9.9955E-05 9.9955E-05 9.9955E-05 0.0365353 0.00272224 0.0610355
0.172047 9.99371E-05 9.99371E-05 0.0584616 9.99371E-05 0.680493 0.0641872 9.99371E-05 9.99371E-05 9.99371E-05 0.0152605 9.99371E-05 0.00885122
0.238921 9.9937E-05 0.185658 0.00208552 9.9937E-05 0.453228 9.9937E-05 9.9937E-05 9.9937E-05 9.9937E-05 9.9937E-05 0.0762955 0.0431122
0.0634861 9.9964E-05 0.084502 9.9964E-05 0.000446561 0.655028 0.0591186 0.078466 0.0276908 9.9964E-05 9.9964E-05 0.0152232 0.0156391
0.205096 9.9937E-05 0.14619 0.0178087 9.9937E-05 0.522473 9.9937E-05 9.9937E-05 9.9937E-05 9.9937E-05 9.9937E-05 0.0786144 0.0291185
0.157237 9.9937E-05 0.0201737 0.0509617 9.9937E-05 0.721041 0.0128859 9.9937E-05 9.9937E-05 9.9937E-05 9.9937E-05 0.0370011 9.9937E-05
0.0644761 0.0189406 0.131032 0.0726876 9.9964E-05 0.584564 0.0587944 0.0203995 0.0289437 9.9964E-05 9.9964E-05 0.0197618 9.9964E-05
0.135917 9.9955E-05 0.091744 0.114627 0.0378556 0.523217 9.9955E-05 9.9955E-05 0.0469846 9.9955E-05 9.9955E-05 0.044547 0.00460684
0.200827 0.00350028 0.08199 0.130519 0.0415466 0.464819 9.9964E-05 9.9964E-05 0.00691172 9.9964E-05 9.9964E-05 0.0494673 0.020019
0.111941 9.9928E-05 0.0658073 0.0472865 9.9928E-05 0.755997 9.9928E-05 9.9928E-05 9.9928E-05 9.9928E-05 0.0181681 9.9928E-05 9.9928E-05
0.225613 9.9937E-05 0.0365427 0.0803117 0.0301051 0.568128 9.9937E-05 9.9937E-05 9.9937E-05 9.9937E-05 9.9937E-05 0.0585992 9.9937E-05
9.9955E-05 0.0759251 9.9955E-05 0.0379569 9.9955E-05 0.715641 0.0385561 0.05279 9.9955E-05 0.062687 0.00265496 9.9955E-05 0.0132889
0.0834057 9.9955E-05 9.9955E-05 0.0436262 0.0117407 0.769485 9.9955E-05 0.0202005 0.0119902 0.0270799 9.9955E-05 0.0319725 9.9955E-05
0.061445 0.0358673 0.0268927 9.9973E-05 0.034097 0.680294 0.00878557 9.9973E-05 0.0175818 0.0696305 0.0225589 0.0425475 9.9973E-05
0.0219633 9.9946E-05 0.105446 0.0360591 9.9946E-05 0.710998 0.0244183 9.9946E-05 9.9946E-05 0.0485686 9.9946E-05 0.0519473 9.9946E-05
9.9946E-05 0.0205425 0.0667412 0.0305962 9.9946E-05 0.799787 0.0315551 9.9946E-05 0.0248385 0.02534 9.9946E-05 9.9946E-05 9.9946E-05
9.9946E-05 9.9946E-05 9.9946E-05 0.0240809 9.9946E-05 0.854721 0.0376453 9.9946E-05 0.010716 0.0467563 0.0135508 0.0119303 9.9946E-05
0.125863 0.0106011 9.9937E-05 9.9937E-05 0.00852671 0.757844 9.9937E-05 9.9937E-05 9.9937E-05 9.9937E-05 9.9937E-05 0.0748316 0.0216344
9.9955E-05 9.9955E-05 0.0302326 0.0533018 9.9955E-05 0.718564 9.9955E-05 0.0367329 9.9955E-05 0.0316617 0.0457424 0.0189574 0.0643071
0.153914 9.9937E-05 9.9937E-05 9.9937E-05 9.9937E-05 0.729321 9.9937E-05 0.0137461 9.9937E-05 0.0266405 0.0221352 0.0535434 9.9937E-05
9.9946E-05 0.0604962 9.9946E-05 9.9946E-05 9.9946E-05 0.680718 9.9946E-05 0.0599211 0.00205149 0.0560024 0.0474354 9.9946E-05 0.0927754
9.9964E-05 0.0395594 0.106832 9.9964E-05 9.9964E-05 0.650191 0.0623749 0.0108357 0.0132105 0.0270673 9.9964E-05 0.0147567 0.0747726
0.244263 9.9946E-05 9.9946E-05 9.9946E-05 0.028348 0.669067 9.9946E-05 9.9946E-05 0.0184035 0.0234156 9.9946E-05 0.00345972 0.0124441
0.0932923 0.0302351 0.079026 0.00191079 9.9955E-05 0.676714 9.9955E-05 0.0176345 9.9955E-05 0.031397 9.9955E-05 0.0692903 9.9955E-05
0.0791027 9.9946E-05 9.9946E-05 9.9946E-05 0.0724094 0.694297 0.0019487 9.9946E-05 9.9946E-05 0.0387652 9.9946E-05 0.0300521 0.0828256
9.9973E-05 0.0114228 0.010916 9.9973E-05 0.0624638 0.706446 0.0744944 0.0178305 0.00464631 0.0423115 0.0139772 9.9973E-05 0.0551912
0.000775745 9.9982E-05 0.00985898 0.0662837 0.041895 0.680866 0.0720989 9.9982E-05 0.0211004 0.0258621 0.0314864 0.0316502 0.0179222
0.109508 9.9928E-05 9.9928E-05 9.9928E-05 9.9928E-05 0.771883 9.9928E-05 9.9928E-05 0.0383781 0.0163833 9.9928E-05 0.0630476 9.9928E-05
0.0587379 9.9973E-05 0.120058 0.000170889 0.0440387 0.577401 9.9973E-05 0.0234102 0.057051 9.9973E-05 0.0825315 0.0325605 0.00374069
0.0512596 9.9964E-05 0.0365166 0.00644862 9.9964E-05 0.684111 9.9964E-05 0.108036 0.00459226 9.9964E-05 0.0157333 0.0076134 0.0852899
0.0988823 0.0812444 0.131377 0.0868734 0.035494 0.360047 0.0600156 0.00423449 0.045776 9.9982E-05 0.0432649 0.0525901 9.9982E-05
0.328341 0.0416361 0.0244298 0.0207933 0.0711258 0.388658 0.0266356 9.9973E-05 9.9973E-05 9.9973E-05 0.00380197 0.0594134 0.0348649
0.0214112 0.0398901 0.0675362 0.0302334 0.0795158 0.444331 0.118916 0.0331281 0.0326887 9.9991E-05 0.00735781 0.0377323 0.0871595
0.306475 0.0411062 0.0275216 9.9964E-05 0.0491062 0.325427 9.9964E-05 9.9964E-05 0.0228539 0.0013963 0.122599 0.103115 9.9964E-05
0.0192512 9.99191E-05 0.93898 9.99191E-05 9.99191E-05 9.99191E-05 9.99191E-05 0.0160553 0.0248143 9.99191E-05 9.99191E-05 9.99191E-05 9.99191E-05
9.98921E-05 9.98921E-05 0.998801 9.98921E-05 9.98921E-05 9.98921E-05 9.98921E-05 9.98921E-05 9.98921E-05 9.98921E-05 9.98921E-05 9.98921E-05 9.98921E-05
9.98921E-05 9.98921E-05 0.998801 9.98921E-05 9.98921E-05 9.98921E-05 9.98921E-05 9.98921E-05 9.98921E-05 9.98921E-05 9.98921E-05 9.98921E-05 9.98921E-05
9.98921E-05 9.98921E-05 0.998801 9.98921E-05 9.98921E-05 9.98921E-05 9.98921E-05 9.98921E-05 9.98921E-05 9.98921E-05 9.98921E-05 9.98921E-05 9.98921E-05
0.0716814 9.9955E-05 0.75615 9.9955E-05 0.00955972 0.0385965 0.0435026 9.9955E-05 9.9955E-05 9.9955E-05 0.0209298 0.0239968 0.0350831
9.98921E-05 9.98921E-05 0.998801 9.98921E-05 9.98921E-05 9.98921E-05 9.98921E-05 9.98921E-05 9.98921E-05 9.98921E-05 9.98921E-05 9.98921E-05 9.98921E-05
9.98921E-05 9.98921E-05 0.998801 9.98921E-05 9.98921E-05 9.98921E-05 9.98921E-05 9.98921E-05 9.98921E-05 9.98921E-05 9.98921E-05 9.98921E-05 9.98921E-05
9.99101E-05 9.99101E-05 0.979388 9.99101E-05 0.00387818 9.99101E-05 9.99101E-05 9.99101E-05 9.99101E-05 9.99101E-05 9.99101E-05 9.99101E-05 0.015735
9.98921E-05 9.98921E-05 0.998801 9.98921E-05 9.98921E-05 9.98921E-05 9.98921E-05 9.98921E-05 9.98921E-05 9.98921E-05 9.98921E-05 9.98921E-05 9.98921E-05
9.98921E-05 9.98921E-05 0.998801 9.98921E-05 9.98921E-05 9.98921E-05 9.98921E-05 9.98921E-05 9.98921E-05 9.98921E-05 9.98921E-05 9.98921E-05 9.98921E-05
9.99011E-05 9.99011E-05 0.989979 9.99011E-05 9.99011E-05 9.99011E-05 9.99011E-05 9.99011E-05 9.99011E-05 9.99011E-05 0.00892257 9.99011E-05 9.99011E-05
9.98921E-05 9.98921E-05 0.998801 9.98921E-05 9.98921E-05 9.98921E-05 9.98921E-05 9.98921E-05 9.98921E-05 9.98921E-05 9.98921E-05 9.98921E-05 9.98921E-05
9.99011E-05 9.99011E-05 0.981058 9.99011E-05 9.99011E-05 9.99011E-05 9.99011E-05 9.99011E-05 9.99011E-05 9.99011E-05 9.99011E-05 9.99011E-05 0.0178431
9.99191E-05 9.99191E-05 0.986188 9.99191E-05 9.99191E-05 9.99191E-05 0.00845821 0.000175178 0.00427906 9.99191E-05 9.99191E-05 9.99191E-05 9.99191E-05
9.98921E-05 9.98921E-05 0.998801 9.98921E-05 9.98921E-05 9.98921E-05 9.98921E-05 9.98921E-05 9.98921E-05 9.98921E-05 9.98921E-05 9.98921E-05 9.98921E-05
0.201341 9.9946E-05 0.52793 9.9946E-05 9.9946E-05 0.204895 0.0234806 9.9946E-05 0.00864023 9.9946E-05 0.0285091 0.00460486 9.9946E-05
9.99101E-05 9.99101E-05 0.962171 9.99101E-05 9.99101E-05 9.99101E-05 0.019314 9.99101E-05 0.0175162 9.99101E-05 9.99101E-05 9.99101E-05 9.99101E-05
9.99191E-05 0.00294165 0.992944 0.0022246 9.99191E-05 9.99191E-05 9.99191E-05 0.000990311 9.99191E-05 9.99191E-05 9.99191E-05 9.99191E-05 9.99191E-05
0.328638 0.0285251 0.15098 0.0485932 9.9955E-05 0.235546 0.122385 9.9955E-05 0.00526153 9.9955E-05 9.9955E-05 9.9955E-05 0.0795724
0.165 0.0462798 0.0935382 0.0756852 0.00152833 0.422649 0.056541 0.0253787 9.9982E-05 9.9982E-05 0.0562304 0.00165125 0.0553188
0.262754 0.0692589 0.0696758 0.059046 9.9964E-05 0.358306 0.0704341 9.9964E-05 9.9964E-05 9.9964E-05 0.0866392 0.0149616 0.00852454
0.282664 9.9955E-05 0.122175 0.0342667 0.0469856 0.362445 0.0790574 9.9955E-05 9.9955E-05 9.9955E-05 0.0373153 9.9955E-05 0.0345912
0.123858 0.121141 0.144041 0.0978897 0.000207677 0.300366 0.078582 9.9964E-05 9.9964E-05 9.9964E-05 0.0409506 9.9964E-05 0.0925643
0.438871 9.9955E-05 0.0374685 0.00760128 0.00783791 0.468834 0.0146325 9.9955E-05 0.0187933 9.9955E-05 9.9955E-05 9.9955E-05 0.00546171
0.206756 0.00870111 0.122936 0.112424 9.9964E-05 0.290686 0.135641 9.9964E-05 0.039535 9.9964E-05 9.9964E-05 0.0352692 0.047651
0.185882 0.0397204 0.0888609 0.0895755 0.0151593 0.407764 0.0530754 0.0207877 9.9973E-05 9.9973E-05 0.0500148 9.9973E-05 0.0488593
0.37137 0.0732882 0.0907074 0.0177343 0.020816 0.311129 0.0900715 9.9964E-05 9.9964E-05 9.9964E-05 0.0143102 0.0101735 9.9964E-05
0.294717 0.0966053 0.110108 0.0176278 0.0042814 0.259178 0.0062466 0.0271792 0.0217019 9.9991E-05 0.112227 0.0218754 0.0281527
0.452434 0.0479084 0.0305317 0.0568119 0.0238128 0.280603 0.0210615 9.9982E-05 9.9982E-05 0.0123941 0.0209047 0.0249462 0.0283914
0.493881 0.0195852 9.9964E-05 0.10552 0.0180732 0.28041 0.0038874 9.9964E-05 9.9964E-05 0.0403361 0.022698 0.0152099 9.9964E-05
0.255534 9.9955E-05 0.213021 0.0613982 9.9955E-05 0.290883 0.125559 9.9955E-05 9.9955E-05 0.022371 0.0101533 9.9955E-05 0.0205813
0.317166 0.114731 0.0633184 0.00593442 0.053878 0.3363 0.0272945 9.9964E-05 9.9964E-05 9.9964E-05 0.0129568 9.9964E-05 0.0680214
0.211989 0.0190615 0.0643256 0.0275114 0.0528472 0.276139 0.0456249 9.9982E-05 0.170349 9.9982E-05 0.0678591 0.0293784 0.0347143
0.208019 0.0297245 0.0561417 0.0860164 0.0355952 0.318799 0.0678209 0.088384 9.9982E-05 9.9982E-05 0.0482564 0.00910233 0.0519406
0.175244 9.9955E-05 0.0943396 0.104312 0.045919 0.239481 0.103591 9.9955E-05 0.161934 9.9955E-05 9.9955E-05 9.9955E-05 0.0746804
0.290172 0.061014 0.0156292 0.0547808 0.0399015 0.274984 0.0394498 0.0231653 0.0357633 9.9991E-05 0.0379701 0.031231 0.0958392
0.65874 9.99371E-05 0.0516872 9.99371E-05 9.99371E-05 0.184843 9.99371E-05 9.99371E-05 0.0716757 9.99371E-05 0.00885337 0.0235005 9.99371E-05
0.090646 0.12125 0.179621 0.00632137 0.0126027 0.271696 9.9982E-05 0.0951285 0.0693598 0.038044 0.0763702 9.9982E-05 0.03876
0.360642 0.0467722 0.0610466 0.095417 0.0418457 0.178083 0.116496 0.0119631 9.9982E-05 9.9982E-05 0.0153291 0.0393986 0.0328068
0.635264 9.99371E-05 0.0157504 9.99371E-05 9.99371E-05 0.284703 9.99371E-05 9.99371E-05 0.0571284 9.99371E-05 9.99371E-05 0.00423311 0.00222202
0.333183 0.0250668 0.141083 0.0242437 0.0188626 0.232593 0.128397 9.9964E-05 9.9964E-05 9.9964E-05 9.9964E-05 0.0326067 0.0635635
0.433304 9.9946E-05 0.121413 9.9946E-05 0.0687435 0.180709 0.0880773 9.9946E-05 9.9946E-05 9.9946E-05 9.9946E-05 0.0266116 0.0805418
0.492085 0.120819 0.134512 0.0916677 9.9946E-05 0.127621 9.9946E-05 9.9946E-05 9.9946E-05 0.0105146 0.0221811 9.9946E-05 9.9946E-05
0.381269 0.050172 0.0808931 0.0107759 0.100827 0.197485 0.130455 9.9964E-05 0.0128308 0.0348915 9.9964E-05 9.9964E-05 9.9964E-05
0.315046 9.9964E-05 0.190401 9.9964E-05 0.0433479 0.344569 0.0190526 0.00329921 9.9964E-05 9.9964E-05 0.040378 0.0253508 0.0181563
0.490474 0.0520283 0.139687 0.0196067 0.0333497 0.181387 0.0751537 9.9955E-05 9.9955E-05 9.9955E-05 0.00781353 9.9955E-05 9.9955E-05
0.333069 0.0545819 0.0774698 0.0284896 9.9964E-05 0.329982 0.0678676 9.9964E-05 0.0172311 0.0536203 0.0372884 9.9964E-05 9.9964E-05
0.573593 9.9928E-05 0.14258 9.9928E-05 0.0765458 0.193235 9.9928E-05 9.9928E-05 9.9928E-05 9.9928E-05 9.9928E-05 0.0132471 9.9928E-05
0.361835 0.107037 0.0403233 0.000387524 9.9955E-05 0.30372 0.102488 9.9955E-05 9.9955E-05 9.9955E-05 9.9955E-05 0.0134455 0.0702638
0.345008 0.116385 0.150966 9.9937E-05 9.9937E-05 0.208199 0.0785873 9.9937E-05 9.9937E-05 9.9937E-05 9.9937E-05 9.9937E-05 0.100155
0.649258 0.0965206 9.9946E-05 9.9946E-05 0.00527167 0.111915 0.0442313 9.9946E-05 9.9946E-05 9.9946E-05 9.9946E-05 0.0855614 0.00664246
0.488806 0.0279171 0.114426 0.08743 9.9955E-05 0.128877 0.0577317 9.9955E-05 9.9955E-05 9.9955E-05 9.9955E-05 0.0627364 0.0315758
0.378917 0.116072 0.178378 0.0313041 0.033924 0.153881 0.050526 9.9955E-05 9.9955E-05 0.056498 9.9955E-05 9.9955E-05 9.9955E-05
0.356117 0.121522 0.0916723 0.0131111 0.0737322 0.160322 9.9973E-05 0.0246266 9.9973E-05 0.128307 0.0230072 0.00728127 9.9973E-05
0.334553 0.0561853 0.0973273 0.00624769 0.0317024 0.277798 0.0687375 9.9973E-05 9.9973E-05 0.0539772 9.9973E-05 0.0201113 0.0530605
0.60674 0.069587 0.0321265 0.0732905 9.9955E-05 0.150118 0.0431479 0.0132283 9.9955E-05 0.0112626 9.9955E-05 9.9955E-05 9.9955E-05
0.410724 9.9946E-05 0.178729 0.0290878 9.9946E-05 0.13136 0.112933 9.9946E-05 0.0242703 0.112297 9.9946E-05 9.9946E-05 9.9946E-05
0.397419 0.0800219 0.130136 0.00240932 9.9955E-05 0.166684 0.0549671 0.0247214 9.9955E-05 0.143141 9.9955E-05 9.9955E-05 9.9955E-05
0.348184 0.0155406 0.191548 0.0369818 9.9964E-05 0.130596 0.119305 0.00684526 9.9964E-05 0.137839 9.9964E-05 9.9964E-05 0.0127608
0.176916 9.9973E-05 0.118155 0.0496974 0.0807142 0.31982 0.0213672 9.9973E-05 9.9973E-05 0.126102 0.083401 0.00116646 0.0223609
0.399999 0.0275057 0.175937 0.0406697 0.0723294 0.119577 0.0527295 9.9973E-05 0.0157636 0.0852742 9.9973E-05 9.9973E-05 0.00991519
0.416164 0.0245672 0.161324 0.00982541 0.0918844 0.133378 0.0455832 9.9973E-05 0.00667609 0.0971979 9.9973E-05 9.9973E-05 0.0131
0.31702 0.0297789 0.213454 0.0088873 0.0935477 0.162901 0.0913002 9.9964E-05 0.00329268 0.0794181 9.9964E-05 9.9964E-05 9.9964E-05
0.766052 0.0158591 0.0883938 9.9955E-05 9.9955E-05 0.0725807 9.9955E-05 9.9955E-05 0.00188327 0.0122654 0.0252897 9.9955E-05 0.0171764
0.643925 9.9955E-05 0.153923 0.00308178 9.9955E-05 0.0819421 0.0351471 9.9955E-05 9.9955E-05 0.0173488 0.0567939 9.9955E-05 0.00733813
0.292426 0.0250564 0.22715 0.0125179 0.122687 0.130682 0.0849943 9.9964E-05 0.0256395 0.0784462 9.9964E-05 9.9964E-05 9.9964E-05
0.216473 0.0278083 0.227118 0.0131776 0.0523841 0.142746 0.116658 9.9973E-05 0.0595785 0.12095 9.9973E-05 9.9973E-05 0.0228061
0.410612 0.056544 0.0425993 0.0614671 0.0586351 0.210282 0.0301188 0.0223891 9.9973E-05 0.0870867 9.9973E-05 0.0199665 9.9973E-05
0.364088 9.9955E-05 0.105345 0.0502642 0.0213448 0.210314 0.0350555 0.0156981 9.9955E-05 0.197391 9.9955E-05 9.9955E-05 9.9955E-05
0.554206 0.000435492 0.0534797 0.00179659 9.9964E-05 0.325074 0.032003 0.0157015 9.9964E-05 0.00720411 0.00969979 9.9964E-05 9.9964E-05
0.45848 9.9955E-05 0.0756661 0.00168801 9.9955E-05 0.267855 0.0944803 0.025721 9.9955E-05 0.0738741 9.9955E-05 9.9955E-05 0.00173556
0.566406 0.0619267 0.0581693 0.0277932 9.9955E-05 0.22054 0.0611894 0.0025543 9.9955E-05 9.9955E-05 0.000921792 9.9955E-05 9.9955E-05
0.320525 0.0105423 0.189106 0.0304818 0.0527699 0.265549 0.0861077 0.0174342 9.9982E-05 0.0166529 9.9982E-05 0.0102553 0.000375411
0.463129 9.9964E-05 0.0825993 0.111597 0.0296173 0.134522 9.9964E-05 0.0299724 0.0304522 0.0607454 9.9964E-05 0.0569662 9.9964E-05
0.444065 0.0985304 0.119281 9.99371E-05 9.99371E-05 0.230505 0.0229718 9.99371E-05 9.99371E-05 9.99371E-05 9.99371E-05 9.99371E-05 0.083947
0.396542 0.0890439 0.00193569 9.9955E-05 0.0495289 0.210339 0.134734 9.9955E-05 9.9955E-05 0.0309278 0.0864502 9.9955E-05 9.9955E-05
0.429264 0.0318501 0.0340723 0.0195269 0.0700051 0.174515 0.116896 9.9973E-05 9.9973E-05 0.0801185 0.0408084 9.9973E-05 0.00264359
0.281286 0.043192 0.0648341 0.0452371 0.0539913 0.251013 0.133785 0.0373326 9.9973E-05 9.9973E-05 0.0138017 9.9973E-05 0.0752273
0.451347 0.0215984 0.0353846 0.0456942 9.9946E-05 0.341884 0.0725719 9.9946E-05 9.9946E-05 9.9946E-05 9.9946E-05 9.9946E-05 0.0309198
0.389622 9.9946E-05 0.0605472 0.0669312 0.0332678 0.322243 0.124882 9.9946E-05 9.9946E-05 9.9946E-05 9.9946E-05 9.9946E-05 0.00190815
0.216145 0.101305 0.161434 0.0032202 0.10754 0.215345 0.173068 9.9964E-05 9.9964E-05 0.0131136 9.9964E-05 0.00842837 9.9964E-05
0.210271 0.10718 0.213487 9.9955E-05 0.0679217 0.205344 0.174185 9.9955E-05 9.9955E-05 0.00849975 9.9955E-05 0.0126119 9.9955E-05
0.285125 0.115621 0.183051 9.9946E-05 0.0739851 0.184459 0.145794 9.9946E-05 9.9946E-05 9.9946E-05 9.9946E-05 0.0113641 9.9946E-05
0.135647 0.0773623 0.187813 0.0348477 9.9982E-05 0.241866 0.0682033 0.0168025 0.0513809 0.0913082 9.9982E-05 0.0120172 0.0825516
0.328963 0.038355 0.105332 0.0762471 9.9973E-05 0.224756 0.0328778 0.0184816 0.0689933 0.0441831 0.0615117 9.9973E-05 9.9973E-05
0.443082 9.9973E-05 0.0763136 0.0345779 0.0560302 0.244618 0.0135344 0.0238625 0.0209907 0.0092859 9.9973E-05 9.9973E-05 0.0774052
0.469772 9.9955E-05 0.138327 0.0515716 0.0727952 0.199921 0.0242922 9.9955E-05 9.9955E-05 0.00321253 9.9955E-05 9.9955E-05 0.0396091
0.347126 0.060901 0.0989907 0.019435 0.0375483 0.131214 0.0259257 0.0694521 9.9982E-05 0.107085 0.0975923 0.00452948 9.9982E-05
0.351726 0.0843234 0.0871487 0.0435172 0.0461907 0.318438 0.0316231 9.9964E-05 9.9964E-05 9.9964E-05 9.9964E-05 0.03192 0.004713
0.353255 0.0714975 0.0622273 9.9964E-05 0.00526487 0.167432 0.164265 9.9964E-05 0.0251422 9.9964E-05 0.0439826 9.9964E-05 0.106535
0.460608 0.0872939 0.0679926 0.0136966 9.9964E-05 0.193799 0.0635093 9.9964E-05 9.9964E-05 0.064097 0.00861996 9.9964E-05 0.0399844
0.516072 9.9946E-05 9.9946E-05 0.0764465 0.154984 0.175215 0.0479138 0.00135816 9.9946E-05 0.027411 9.9946E-05 9.9946E-05 9.9946E-05
0.212721 0.0961038 0.0427795 0.0509482 0.00253803 0.274058 0.135476 0.110553 9.9982E-05 0.0208903 0.0147516 9.9982E-05 0.0389816
0.716422 9.9928E-05 9.9928E-05 9.9928E-05 9.9928E-05 0.131346 9.9928E-05 9.9928E-05 0.048968 0.027357 9.9928E-05 9.9928E-05 0.0751073
0.764415 9.99281E-05 9.99281E-05 9.99281E-05 9.99281E-05 0.0887083 9.99281E-05 9.99281E-05 0.0807072 0.00180084 9.99281E-05 9.99281E-05 0.0635689
0.706069 9.9946E-05 0.0272226 9.9946E-05 0.00434877 0.0631179 0.00666319 9.9946E-05 0.101258 9.9946E-05 9.9946E-05 9.9946E-05 0.0907215
0.732406 9.9955E-05 9.9955E-05 9.9955E-05 9.9955E-05 0.0574555 0.0499365 0.00498127 0.0669975 0.015977 0.0199198 9.9955E-05 0.0518264
0.721895 9.9937E-05 9.9937E-05 0.0102966 9.9937E-05 0.0349202 9.9937E-05 9.9937E-05 0.158377 0.0165157 9.9937E-05 9.9937E-05 0.0572959
0.793496 9.99281E-05 9.99281E-05 9.99281E-05 9.99281E-05 0.0636064 9.99281E-05 9.99281E-05 0.0898434 0.00154538 9.99281E-05 9.99281E-05 0.0507089
0.435213 0.0541632 0.0666131 0.0859606 0.0841166 0.0674043 0.103216 0.0440592 0.0251767 9.9973E-05 9.9973E-05 9.9973E-05 0.0337776
0.769626 9.9928E-05 9.9928E-05 9.9928E-05 9.9928E-05 0.0707424 9.9928E-05 9.9928E-05 0.0816326 0.0274223 9.9928E-05 9.9928E-05 0.0497772
0.667248 0.0557576 0.0395685 0.0444371 0.0957102 0.0771539 0.0195247 9.9946E-05 9.9946E-05 9.9946E-05 9.9946E-05 9.9946E-05 9.9946E-05
0.668393 9.9964E-05 0.0661025 0.0336818 0.02866 0.00741008 9.9964E-05 0.0226256 0.0689144 0.0384879 9.9964E-05 0.0653246 9.9964E-05
0.416704 0.0330575 0.075914 0.0838463 0.14795 0.0419202 0.0891331 9.9964E-05 9.9964E-05 0.037241 9.9964E-05 9.9964E-05 0.0738346
0.436435 9.9955E-05 0.0673044 0.0678794 0.161976 0.038685 0.11455 9.9955E-05 9.9955E-05 0.0727058 9.9955E-05 9.9955E-05 0.0399652
0.622654 0.0362851 0.0199396 9.9973E-05 0.0428567 0.106674 0.00172827 0.0199976 0.0988243 0.0445822 9.9973E-05 0.00615913 9.9973E-05
0.523622 0.102115 0.0256984 0.0218944 0.100894 0.0984725 0.0458889 9.9973E-05 0.0251961 0.0387636 9.9973E-05 9.9973E-05 0.0171555
0.427524 0.133825 0.0264915 0.0478098 0.0737389 0.121472 0.0360148 9.9964E-05 0.081864 9.9964E-05 9.9964E-05 9.9964E-05 0.0508602
0.558721 0.0650399 0.00368098 0.0416664 0.0965981 0.101996 0.00870319 9.9964E-05 0.0929333 9.9964E-05 9.9964E-05 9.9964E-05 0.0302616
0.425786 0.158644 0.0441146 0.0531668 0.128147 0.100288 0.0303849 9.9964E-05 0.0229087 0.0361599 9.9964E-05 9.9964E-05 9.9964E-05
0.716295 0.0283774 0.040373 0.0408059 0.0246462 0.0711727 9.9964E-05 0.0248766 0.0273472 9.9964E-05 0.0257064 9.9964E-05 9.9964E-05
0.749576 0.0509622 0.0618683 9.99281E-05 9.99281E-05 0.122863 9.99281E-05 9.99281E-05 9.99281E-05 9.99281E-05 9.99281E-05 0.013931 9.99281E-05
0.757456 0.011972 9.99371E-05 9.99371E-05 0.00245846 0.181734 0.023985 9.99371E-05 9.99371E-05 0.0216953 9.99371E-05 9.99371E-05 9.99371E-05
0.481199 0.102609 9.99836E-05 0.0450582 0.113766 0.0466976 0.0104833 0.0619356 0.0497719 0.0461698 0.0113305 0.0307796 9.99836E-05
0.700431 0.0332331 0.0556286 9.9964E-05 0.0803052 0.00217076 0.00665765 9.9964E-05 0.0521329 0.0327774 9.9964E-05 0.0362641 9.9964E-05
0.666909 0.0699912 0.0238105 0.0157311 0.0681331 9.99811E-05 0.0574439 9.99811E-05 0.0252241 0.044842 0.000241599 0.027373 9.99811E-05
0.653892 0.09899 0.00845118 0.00831576 0.0381483 0.0141438 0.0648318 0.00793051 0.0119078 0.0357519 0.0467744 0.0107629 9.9991E-05
0.664218 0.0787005 0.0246621 0.00532675 0.0841953 9.9982E-05 0.071433 0.0127492 0.0102383 0.0220243 0.00298613 0.0232663 9.9982E-05
0.699212 0.0673203 0.0237986 9.9964E-05 0.0866789 9.9964E-05 0.0339106 0.0310625 9.9964E-05 0.0176824 0.0175144 0.0224206 9.9964E-05
0.293007 0.0598301 0.0790962 0.0320234 0.0199492 0.208689 9.9973E-05 9.9973E-05 9.9973E-05 0.10571 0.134159 0.0278863 0.0393504
0.494122 0.0693494 0.0680585 9.9946E-05 9.9946E-05 0.204922 9.9946E-05 0.00254034 9.9946E-05 0.109167 0.0512415 9.9946E-05 9.9946E-05
0.443696 0.0282694 0.0717216 0.0673256 9.9973E-05 0.0719836 9.9973E-05 0.0635917 9.9973E-05 0.126592 0.0893402 0.00496431 0.0322163
0.533246 0.0681395 0.0128128 0.0779783 0.0403394 0.0460111 0.0548958 9.9982E-05 0.0523067 0.0444126 0.0449834 0.0246741 9.9982E-05
0.629319 0.119018 0.00446797 9.9982E-05 0.0835534 0.00647698 0.0230696 0.0134431 0.0682244 0.0114133 0.00742811 0.0333862 9.9982E-05
0.631306 0.0922256 0.0198806 9.9964E-05 0.087046 9.9964E-05 0.0181561 9.9964E-05 0.0565642 0.0577916 0.0206306 0.0159996 9.9964E-05
0.494239 0.120742 0.00939507 9.9964E-05 0.00713559 0.193729 9.9964E-05 9.9964E-05 0.0753596 0.000426278 0.0455057 0.0530682 9.9964E-05
0.35066 0.146671 0.10105 9.9955E-05 9.9955E-05 0.148012 9.9955E-05 9.9955E-05 9.9955E-05 0.13998 0.0839969 0.0089458 0.0201836
0.435062 0.143053 0.064001 9.9937E-05 9.9937E-05 0.166057 9.9937E-05 9.9937E-05 9.9937E-05 0.157261 0.0338668 9.9937E-05 9.9937E-05
0.622912 0.0433754 0.0417747 0.0366506 0.0357196 0.0448639 9.9973E-05 0.0191328 9.9973E-05 0.0105854 9.9973E-05 0.0268559 0.11783
0.414948 0.0422885 0.0495259 0.119018 0.0453554 0.0743946 0.0686354 9.9982E-05 0.0352876 0.0143432 9.9982E-05 0.00456425 0.13144
0.452959 0.041951 0.027342 0.089204 0.0601371 0.0981037 0.0589671 9.9982E-05 0.0394321 0.0208718 9.9982E-05 0.010115 0.100718
0.895982 9.9937E-05 0.00372153 9.9937E-05 9.9937E-05 0.0257369 0.0625676 0.00210592 9.9937E-05 9.9937E-05 0.00918611 9.9937E-05 9.9937E-05
0.776272 9.9955E-05 0.050438 0.0450951 0.0253743 0.0202004 0.0102365 9.9955E-05 9.9955E-05 0.0459616 0.0259217 9.9955E-05 9.9955E-05
0.792467 9.9955E-05 0.022964 9.9955E-05 0.0321386 0.028866 0.0608368 9.9955E-05 0.00563431 0.00880593 0.0477875 9.9955E-05 9.9955E-05
0.67765 0.0140448 0.0199438 9.9964E-05 0.0362577 9.9964E-05 9.9964E-05 9.9964E-05 0.0594945 0.110606 0.00843548 0.0152865 0.0578812
0.742838 0.0403048 0.00289358 9.9964E-05 0.00908414 0.00925123 9.9964E-05 9.9964E-05 0.0299087 0.0758194 9.9964E-05 0.0212003 0.0682997
0.781587 0.000172611 9.99457E-05 9.99457E-05 0.020442 0.00522552 9.99457E-05 9.99457E-05 9.99457E-05 0.139067 9.99457E-05 9.99457E-05 0.0528067
0.79936 0.0238256 0.00692218 9.9973E-05 0.0163018 0.0177687 9.9973E-05 0.0111464 9.9973E-05 0.0633828 0.0125793 0.00845905 0.0399544
0.795691 0.0163447 0.0159405 9.9955E-05 9.9955E-05 0.00171941 9.9955E-05 0.023463 9.9955E-05 0.0705773 9.9955E-05 0.0182897 0.0574742
0.817548 0.0193133 9.9937E-05 9.9937E-05 0.0214805 9.9937E-05 9.9937E-05 9.9937E-05 9.9937E-05 0.0779784 9.9937E-05 0.00204209 0.0609386
0.766958 0.0418217 0.03756 0.0272622 9.9964E-05 0.0188456 0.0199005 9.9964E-05 9.9964E-05 0.0137141 0.0701661 0.00337199 9.9964E-05
