0.655156 9.9946E-05 0.0208846 0.0057343 9.9946E-05 0.0210229 0.17074 9.9946E-05 9.9946E-05 9.9946E-05 9.9946E-05 0.125862
0.791172 0.0531899 9.9946E-05 9.9946E-05 0.00797393 9.9946E-05 0.00406917 9.9946E-05 0.018052 9.9946E-05 0.124943 9.9946E-05
0.998901 9.99011E-05 9.99011E-05 9.99011E-05 9.99011E-05 9.99011E-05 9.99011E-05 9.99011E-05 9.99011E-05 9.99011E-05 9.99011E-05 9.99011E-05
0.779599 9.9946E-05 9.9946E-05 0.05866 9.9946E-05 9.9946E-05 9.9946E-05 0.0928254 0.00545315 0.00147639 0.0613863 9.9946E-05
0.63558 0.0771055 9.9928E-05 0.0482291 9.9928E-05 9.9928E-05 9.9928E-05 0.238286 9.9928E-05 9.9928E-05 9.9928E-05 9.9928E-05
0.79457 9.9937E-05 0.0275212 9.9937E-05 9.9937E-05 9.9937E-05 0.0247891 0.127626 9.9937E-05 9.9937E-05 9.9937E-05 0.0247946
0.603342 9.9937E-05 9.9937E-05 9.9937E-05 0.0565148 0.22361 9.9937E-05 0.110763 9.9937E-05 0.00507071 9.9937E-05 9.9937E-05
0.831919 0.108985 9.99191E-05 9.99191E-05 9.99191E-05 9.99191E-05 9.99191E-05 9.99191E-05 9.99191E-05 9.99191E-05 9.99191E-05 0.0581968
0.76084 9.9937E-05 0.0407552 0.0181623 9.9937E-05 9.9937E-05 0.123941 9.9937E-05 9.9937E-05 0.0556017 9.9937E-05 9.9937E-05
0.874092 0.0697298 9.9928E-05 9.9928E-05 9.9928E-05 9.9928E-05 9.9928E-05 9.9928E-05 0.0343277 9.9928E-05 0.0210509 9.9928E-05
0.720308 0.11086 9.9928E-05 9.9928E-05 9.9928E-05 9.9928E-05 9.9928E-05 9.9928E-05 9.9928E-05 0.00292072 9.9928E-05 0.165112
9.99011E-05 9.99011E-05 9.99011E-05 9.99011E-05 9.99011E-05 9.99011E-05 9.99011E-05 9.99011E-05 0.998901 9.99011E-05 9.99011E-05 9.99011E-05
9.9946E-05 0.0467411 0.0118991 0.122577 0.0403075 9.9946E-05 9.9946E-05 9.9946E-05 0.764497 9.9946E-05 0.0133794 9.9946E-05
0.0199776 9.9937E-05 9.9937E-05 9.9937E-05 9.9937E-05 0.000379763 9.9937E-05 0.313804 0.605481 0.0596577 9.9937E-05 9.9937E-05
9.9964E-05 0.0179699 9.9964E-05 0.0617199 0.0080308 0.0596026 0.0554489 0.26511 0.507936 0.0237826 9.9964E-05 9.9964E-05
9.9928E-05 9.9928E-05 0.0988051 9.9928E-05 9.9928E-05 9.9928E-05 0.21604 9.9928E-05 0.677838 9.9928E-05 0.00651724 9.9928E-05
0.0189597 9.9937E-05 9.9937E-05 9.9937E-05 9.9937E-05 0.0915042 9.9937E-05 0.0542761 0.743842 9.9937E-05 9.9937E-05 0.0907185
9.9928E-05 0.0984593 0.165584 9.9928E-05 9.9928E-05 9.9928E-05 9.9928E-05 9.9928E-05 0.637028 9.9928E-05 9.9928E-05 0.098129
9.9964E-05 0.0338245 0.0577271 0.0257752 9.9964E-05 9.9964E-05 0.128769 9.9964E-05 0.637264 0.0317368 0.0570014 0.0275018
9.9937E-05 9.9937E-05 0.0360641 9.9937E-05 9.9937E-05 9.9937E-05 9.9937E-05 0.390527 0.410131 0.0259067 9.9937E-05 0.136672
9.9955E-05 0.146466 9.9955E-05 9.9955E-05 0.0944319 0.12023 0.103818 0.00085868 0.480509 9.9955E-05 0.0531866 9.9955E-05
0.0125051 9.9937E-05 0.181987 9.9937E-05 9.9937E-05 9.9937E-05 9.9937E-05 9.9937E-05 9.9937E-05 0.0225641 0.643039 0.139205
9.9937E-05 9.9937E-05 0.0975198 9.9937E-05 9.9937E-05 0.032309 0.0414654 0.129612 9.9937E-05 9.9937E-05 0.698394 9.9937E-05
0.0861991 0.00512916 0.00366766 9.9964E-05 0.0338784 0.0845217 9.9964E-05 9.9964E-05 0.0602832 0.0528108 0.67311 9.9964E-05
9.99191E-05 9.99191E-05 9.99191E-05 0.0179765 0.0136009 9.99191E-05 9.99191E-05 9.99191E-05 9.99191E-05 9.99191E-05 0.967523 9.99191E-05
9.9928E-05 9.9928E-05 9.9928E-05 9.9928E-05 9.9928E-05 0.0682363 9.9928E-05 0.238983 9.9928E-05 9.9928E-05 0.613899 0.0780816
9.9964E-05 0.173469 9.9964E-05 0.0163394 9.9964E-05 9.9964E-05 0.00526293 0.0445227 0.0774096 0.0092066 0.484892 0.188497
9.99011E-05 9.99011E-05 9.99011E-05 9.99011E-05 9.99011E-05 9.99011E-05 9.99011E-05 9.99011E-05 9.99011E-05 9.99011E-05 0.998901 9.99011E-05
9.99191E-05 9.99191E-05 9.99191E-05 9.99191E-05 9.99191E-05 0.242097 0.00620678 9.99191E-05 9.99191E-05 9.99191E-05 0.750797 9.99191E-05
9.99191E-05 9.99191E-05 9.99191E-05 0.00911649 9.99191E-05 9.99191E-05 0.0526162 9.99191E-05 9.99191E-05 9.99191E-05 0.937368 9.99191E-05
9.9964E-05 0.0604635 0.327348 0.145742 9.9964E-05 0.182139 9.9964E-05 0.035089 9.9964E-05 0.00843798 0.159439 0.0809412
0.0753796 9.9946E-05 0.272498 9.9946E-05 9.9946E-05 0.486795 9.9946E-05 0.0651691 0.000733741 9.9946E-05 9.9946E-05 0.098825
0.0677444 0.233385 0.243753 9.9946E-05 9.9946E-05 9.9946E-05 9.9946E-05 9.9946E-05 0.0674711 9.9946E-05 0.102291 0.284756
9.9946E-05 9.9946E-05 0.697365 9.9946E-05 9.9946E-05 9.9946E-05 0.0113561 0.185406 0.00852812 0.00259053 0.0941548 9.9946E-05
0.0703229 0.0578167 0.436336 9.9973E-05 0.0735174 0.00176043 0.11446 9.9973E-05 9.9973E-05 0.0858219 0.13028 0.0293855
9.9955E-05 0.0920612 0.643321 9.9955E-05 9.9955E-05 0.0102643 9.9955E-05 0.0670908 0.128264 9.9955E-05 0.0345627 0.0239359
0.116062 9.9946E-05 0.212476 9.9946E-05 9.9946E-05 9.9946E-05 9.9946E-05 0.18983 0.224121 9.9946E-05 0.17682 0.0800917
9.9955E-05 0.0473903 0.11216 9.9955E-05 0.05649 9.9955E-05 0.184681 9.9955E-05 0.425946 9.9955E-05 0.0868036 0.0860294
9.99011E-05 9.99011E-05 0.998901 9.99011E-05 9.99011E-05 9.99011E-05 9.99011E-05 9.99011E-05 9.99011E-05 9.99011E-05 9.99011E-05 9.99011E-05
0.116514 9.9937E-05 0.726615 9.9937E-05 9.9937E-05 9.9937E-05 0.0140068 0.10518 9.9937E-05 9.9937E-05 9.9937E-05 0.0369841
0.0698275 0.0835986 0.493249 0.0425215 9.9973E-05 0.0381733 9.9973E-05 0.000180954 0.0823925 9.9973E-05 0.128838 0.0609189
0.0137587 9.9937E-05 0.722022 9.9937E-05 9.9937E-05 0.0740302 0.184067 9.9937E-05 9.9937E-05 9.9937E-05 0.0054231 9.9937E-05
9.9946E-05 0.124181 0.391782 0.0892248 9.9946E-05 0.024902 9.9946E-05 9.9946E-05 0.338769 9.9946E-05 0.0305414 9.9946E-05
9.9955E-05 9.9955E-05 0.252635 0.0423665 0.0050421 9.9955E-05 9.9955E-05 0.0648014 0.309147 9.9955E-05 0.116657 0.208851
9.9937E-05 0.164499 0.650839 9.9937E-05 9.9937E-05 9.9937E-05 9.9937E-05 0.0566237 9.9937E-05 0.112759 9.9937E-05 0.0145794
9.9955E-05 0.102386 0.447187 0.0611113 9.9955E-05 0.0253286 9.9955E-05 0.0323189 9.9955E-05 9.9955E-05 0.206149 0.12502
9.9937E-05 9.9937E-05 0.544264 9.9937E-05 0.0316786 9.9937E-05 0.218662 9.9937E-05 9.9937E-05 9.9937E-05 0.0344005 0.170296
0.104764 9.9964E-05 0.183471 9.9964E-05 0.0162966 0.172191 9.9964E-05 0.174006 0.123817 9.9964E-05 0.0217925 0.203261
9.9937E-05 9.9937E-05 0.452576 0.00367352 9.9937E-05 0.179917 9.9937E-05 9.9937E-05 0.247863 9.9937E-05 9.9937E-05 0.115271
0.0311739 9.9973E-05 0.65138 0.00601131 9.9973E-05 0.0215374 9.9973E-05 0.0294281 0.010527 0.0634681 0.0673557 0.118819
9.9937E-05 9.9937E-05 0.563677 0.0434494 9.9937E-05 0.235198 0.124018 0.0329574 9.9937E-05 9.9937E-05 9.9937E-05 9.9937E-05
0.0293744 0.124671 0.463323 9.9955E-05 9.9955E-05 0.104016 9.9955E-05 9.9955E-05 0.0163369 0.116318 0.14546 9.9955E-05
9.9928E-05 9.9928E-05 0.914843 0.0616703 9.9928E-05 0.00869638 9.9928E-05 9.9928E-05 9.9928E-05 9.9928E-05 0.0139908 9.9928E-05
0.00912749 0.204159 0.267251 9.9955E-05 9.9955E-05 0.156433 9.9955E-05 9.9955E-05 9.9955E-05 0.0440827 0.220508 0.0979397
0.0449553 9.9982E-05 0.487089 0.121017 0.0642211 0.15432 0.00991507 0.00204476 0.0153661 0.0177447 0.0831273 9.9982E-05
9.9964E-05 0.0254323 0.322058 0.204572 9.9964E-05 0.256815 9.9964E-05 0.0987304 0.0195933 0.0364373 0.0359611 9.9964E-05
9.9955E-05 0.127553 0.373251 9.9955E-05 9.9955E-05 0.284447 0.0309178 0.0199064 9.9955E-05 9.9955E-05 0.124141 0.0392844
9.9937E-05 9.9937E-05 0.49922 0.059538 9.9937E-05 0.13512 9.9937E-05 9.9937E-05 0.0456655 9.9937E-05 0.259757 9.9937E-05
0.087632 9.9964E-05 0.445175 0.0118004 0.00865797 0.0396314 0.0401849 9.9964E-05 0.0259891 9.9964E-05 9.9964E-05 0.340529
0.0373308 9.9937E-05 0.488519 0.121811 9.9937E-05 9.9937E-05 9.9937E-05 0.0971587 9.9937E-05 9.9937E-05 0.254481 9.9937E-05
9.9928E-05 9.9928E-05 0.653063 0.27065 9.9928E-05 9.9928E-05 9.9928E-05 0.0423573 0.0331303 9.9928E-05 9.9928E-05 9.9928E-05
0.0883542 0.00612881 0.291211 9.9964E-05 0.0359165 9.9964E-05 9.9964E-05 0.0031451 0.0149964 9.9964E-05 0.0734693 0.486378
9.9964E-05 9.9964E-05 0.0176035 0.0807112 0.0164328 0.552813 0.0677877 9.9964E-05 9.9964E-05 0.0669318 0.181817 0.0155031
9.9928E-05 9.9928E-05 9.9928E-05 9.9928E-05 0.00955581 0.701539 9.9928E-05 0.142346 9.9928E-05 9.9928E-05 9.9928E-05 0.145759
0.0370767 9.9955E-05 9.9955E-05 9.9955E-05 0.00576225 0.472668 9.9955E-05 9.9955E-05 0.0788023 0.0617439 0.115765 0.227682
9.9928E-05 0.189654 9.9928E-05 9.9928E-05 0.00641824 0.739827 9.9928E-05 9.9928E-05 0.0633018 9.9928E-05 9.9928E-05 9.9928E-05
0.023847 0.0764835 9.9964E-05 9.9964E-05 0.0388239 0.607519 9.9964E-05 0.0365878 0.0784351 0.0119885 0.125916 9.9964E-05
9.9955E-05 0.00377028 0.0012062 0.169377 9.9955E-05 0.682836 9.9955E-05 9.9955E-05 9.9955E-05 0.0506695 0.0515878 0.040053
0.048379 9.9946E-05 9.9946E-05 0.0273761 9.9946E-05 0.870142 0.00842211 9.9946E-05 9.9946E-05 9.9946E-05 0.0419677 0.00311349
9.9937E-05 0.0492684 9.9937E-05 0.063746 9.9937E-05 0.593727 0.0999891 0.19257 9.9937E-05 9.9937E-05 9.9937E-05 9.9937E-05
9.993E-05 9.993E-05 9.993E-05 9.993E-05 0.00754515 0.507825 0.0336243 0.192208 9.993E-05 9.993E-05 9.993E-05 0.258097
0.00867591 9.9946E-05 9.9946E-05 9.9946E-05 9.9946E-05 0.618401 0.0691273 9.9946E-05 0.10833 0.0825718 9.9946E-05 0.112295
0.0528024 0.0569771 9.9946E-05 0.0608794 9.9946E-05 0.67696 0.146126 9.9946E-05 0.00565546 9.9946E-05 9.9946E-05 9.9946E-05
0.0367663 0.0931454 0.0403523 0.133544 0.00494662 0.447329 0.0160229 9.9973E-05 0.138697 9.9973E-05 0.0888968 9.9973E-05
0.0259507 9.9946E-05 9.9946E-05 0.111419 0.0141164 0.783374 9.9946E-05 9.9946E-05 0.0247663 9.9946E-05 0.0397738 9.9946E-05
9.9937E-05 0.15426 0.0450957 9.9937E-05 9.9937E-05 0.75313 0.0219357 9.9937E-05 9.9937E-05 0.024879 9.9937E-05 9.9937E-05
9.9946E-05 0.113194 9.9946E-05 0.0371939 0.0080987 0.718408 9.9946E-05 0.114179 9.9946E-05 0.00832565 9.9946E-05 9.9946E-05
9.9955E-05 0.276158 0.0731756 9.9955E-05 9.9955E-05 0.380111 9.9955E-05 0.0400321 0.0231393 0.0429055 9.9955E-05 0.163979
9.9937E-05 9.9937E-05 0.0393956 0.487001 9.9937E-05 0.299309 9.9937E-05 0.115309 0.058286 9.9937E-05 9.9937E-05 9.9937E-05
9.99191E-05 0.0593761 9.99191E-05 0.840931 9.99191E-05 9.99191E-05 9.99191E-05 9.99191E-05 0.0987932 9.99191E-05 9.99191E-05 9.99191E-05
9.9928E-05 0.138418 9.9928E-05 0.640063 9.9928E-05 0.20086 9.9928E-05 0.0198604 9.9928E-05 9.9928E-05 9.9928E-05 9.9928E-05
9.9928E-05 9.9928E-05 0.0795706 0.722206 9.9928E-05 0.0409887 9.9928E-05 0.156436 9.9928E-05 9.9928E-05 9.9928E-05 9.9928E-05
0.0366722 9.9937E-05 9.9937E-05 0.732314 9.9937E-05 9.9937E-05 9.9937E-05 9.9937E-05 9.9937E-05 0.0180048 0.0935683 0.118741
0.0434286 0.0195199 9.9973E-05 0.494125 0.0232921 0.0977602 0.088694 0.0873322 9.9973E-05 9.9973E-05 0.0317782 0.11377
9.9946E-05 0.0319227 9.9946E-05 0.713552 0.0346134 0.105138 9.9946E-05 0.107349 9.9946E-05 0.00682516 9.9946E-05 9.9946E-05
0.0752795 9.9946E-05 9.9946E-05 0.759585 9.9946E-05 9.9946E-05 9.9946E-05 9.9946E-05 0.0111682 0.0673228 0.034704 0.051341
9.9919E-05 9.9919E-05 9.9919E-05 0.967345 0.026939 9.9919E-05 9.9919E-05 9.9919E-05 9.9919E-05 9.9919E-05 9.9919E-05 0.00481659
9.9964E-05 0.0756452 0.0385472 0.0701463 0.0091817 0.0974003 9.9964E-05 0.0705936 9.9964E-05 9.9964E-05 0.0686431 0.569443
9.9919E-05 9.9919E-05 9.9919E-05 9.9919E-05 9.9919E-05 9.9919E-05 0.00310819 9.9919E-05 9.9919E-05 0.0281703 9.9919E-05 0.967822
9.99281E-05 0.0778823 9.99281E-05 0.116178 0.0169449 9.99281E-05 9.99281E-05 9.99281E-05 9.99281E-05 9.99281E-05 9.99281E-05 0.788195
9.99191E-05 9.99191E-05 0.0211466 9.99191E-05 9.99191E-05 9.99191E-05 9.99191E-05 0.171799 9.99191E-05 9.99191E-05 9.99191E-05 0.806155
0.123235 9.9937E-05 9.9937E-05 0.102961 0.00475875 9.9937E-05 9.9937E-05 0.0523468 9.9937E-05 9.9937E-05 9.9937E-05 0.715998
0.0159927 9.9946E-05 0.344626 9.9946E-05 0.0392397 0.100724 9.9946E-05 9.9946E-05 0.0361749 9.9946E-05 9.9946E-05 0.462644
9.9946E-05 9.9946E-05 0.180325 0.195642 9.9946E-05 9.9946E-05 0.0332718 0.100854 9.9946E-05 9.9946E-05 0.0196504 0.469658
0.107622 9.9946E-05 9.9946E-05 9.9946E-05 0.0131942 9.9946E-05 0.0266861 9.9946E-05 9.9946E-05 0.0795842 0.0860905 0.686223
9.9937E-05 0.0253757 0.0252956 9.9937E-05 9.9937E-05 0.13531 9.9937E-05 9.9937E-05 0.10201 9.9937E-05 9.9937E-05 0.711309
0.0691111 0.140106 9.9955E-05 0.0264582 9.9955E-05 0.116529 0.0299104 9.9955E-05 0.0936722 9.9955E-05 9.9955E-05 0.523713
0.0186268 0.0944527 9.9964E-05 0.0744183 9.9964E-05 0.0184971 9.9964E-05 0.0565743 0.0775812 9.9964E-05 0.0239175 0.635532
0.11831 0.0454783 0.0720784 0.00768915 0.0252367 0.0116016 0.119766 9.9982E-05 9.9982E-05 0.0633382 0.0418688 0.494432
0.0350086 0.0669971 9.9973E-05 0.156453 0.00199204 0.0161048 9.9973E-05 9.9973E-05 0.0893994 0.044659 0.0357401 0.553346
0.0268352 9.9955E-05 9.9955E-05 9.9955E-05 9.9955E-05 0.279502 0.0178507 0.106158 9.9955E-05 0.0174208 0.0253717 0.526362
0.0817853 9.9955E-05 9.9955E-05 9.9955E-05 0.0114233 0.352915 0.0234404 0.0963819 9.9955E-05 9.9955E-05 0.0178238 0.415731
0.0317452 9.9946E-05 0.137648 0.118864 9.9946E-05 9.9946E-05 9.9946E-05 0.163063 9.9946E-05 9.9946E-05 0.0499252 0.498154
9.9955E-05 9.9955E-05 9.9955E-05 0.035894 0.0123111 0.0221399 9.9955E-05 9.9955E-05 0.0408678 0.0332761 0.108095 0.746916
0.00689538 9.9955E-05 9.9955E-05 0.0511064 0.00122757 0.0924618 9.9955E-05 0.230903 9.9955E-05 0.0386609 9.9955E-05 0.578245
9.9937E-05 9.9937E-05 9.9937E-05 0.0957549 9.9937E-05 0.129893 9.9937E-05 0.106836 0.100673 9.9937E-05 9.9937E-05 0.566144
9.9946E-05 0.128805 0.0084249 9.9946E-05 9.9946E-05 0.493425 0.127337 0.170978 9.9946E-05 9.9946E-05 0.0704295 9.9946E-05
0.00684462 0.359383 9.9973E-05 0.0974492 0.0145899 0.214977 9.9973E-05 0.0913469 0.0500384 9.9973E-05 0.00581362 0.159257
0.0753547 0.240308 9.9955E-05 9.9955E-05 0.0108683 0.398546 9.9955E-05 0.0922249 9.9955E-05 9.9955E-05 0.0595482 0.122651
9.9937E-05 0.329058 9.9937E-05 9.9937E-05 9.9937E-05 0.334608 9.9937E-05 0.0111869 9.9937E-05 9.9937E-05 0.187717 0.13673
9.9937E-05 0.229225 9.9937E-05 0.080724 9.9937E-05 9.9937E-05 0.157958 0.496057 9.9937E-05 0.0353369 9.9937E-05 9.9937E-05
9.9973E-05 0.178666 0.00189393 0.0356389 9.9973E-05 9.9973E-05 0.111614 0.475801 0.0386124 0.00364677 0.0705451 0.0832826
0.00339165 0.0572035 9.9937E-05 9.9937E-05 9.9937E-05 9.9937E-05 0.127136 0.803975 9.9937E-05 9.9937E-05 9.9937E-05 0.00759431
0.0494942 9.9946E-05 0.0813398 9.9946E-05 9.9946E-05 0.022218 0.259392 0.532318 9.9946E-05 0.0546385 9.9946E-05 9.9946E-05
9.9928E-05 9.9928E-05 9.9928E-05 0.0709677 0.0107908 0.182419 9.9928E-05 0.735023 9.9928E-05 9.9928E-05 9.9928E-05 9.9928E-05
0.161052 0.030247 0.0335969 9.9937E-05 0.00296802 9.9937E-05 9.9937E-05 0.771436 9.9937E-05 9.9937E-05 9.9937E-05 9.9937E-05
0.225517 9.9964E-05 0.0132583 0.0235722 9.9964E-05 9.9964E-05 0.0103726 0.494039 0.0878274 0.105322 0.0396925 9.9964E-05
0.0635218 0.152396 9.9955E-05 9.9955E-05 9.9955E-05 0.15503 0.107772 0.444149 9.9955E-05 9.9955E-05 0.0577924 0.0188401
9.9937E-05 9.9937E-05 0.0771887 9.9937E-05 9.9937E-05 0.0238221 0.172629 0.6955 9.9937E-05 0.030161 9.9937E-05 9.9937E-05
0.161755 0.283981 9.9973E-05 0.00228086 0.00864356 0.0193232 9.9973E-05 0.368054 0.013429 0.0019458 0.140287 9.9973E-05
9.99011E-05 9.99011E-05 9.99011E-05 9.99011E-05 9.99011E-05 9.99011E-05 9.99011E-05 0.998901 9.99011E-05 9.99011E-05 9.99011E-05 9.99011E-05
0.041783 0.232591 9.9973E-05 0.0712941 0.00139787 9.9973E-05 0.217464 0.300386 0.0679633 9.9973E-05 0.0405505 0.0262703
9.9937E-05 0.112217 9.9937E-05 9.9937E-05 9.9937E-05 0.0946557 9.9937E-05 0.726986 9.9937E-05 0.0575751 9.9937E-05 0.00786665
0.142345 0.0793486 0.0531434 9.9973E-05 0.015296 0.0684479 0.188549 0.359976 9.9973E-05 0.0685487 9.9973E-05 0.0240459
9.99011E-05 9.99011E-05 9.99011E-05 9.99011E-05 9.99011E-05 9.99011E-05 9.99011E-05 9.99011E-05 9.99011E-05 0.998901 9.99011E-05 9.99011E-05
9.995E-05 0.138211 0.00923125 9.995E-05 0.00430725 0.0444453 0.373147 0.317985 9.995E-05 9.995E-05 9.995E-05 0.112174
9.9937E-05 0.129038 0.0915797 9.9937E-05 9.9937E-05 9.9937E-05 0.537888 0.2296 9.9937E-05 0.0111942 9.9937E-05 9.9937E-05
9.99011E-05 9.99011E-05 9.99011E-05 9.99011E-05 9.99011E-05 9.99011E-05 9.99011E-05 9.99011E-05 9.99011E-05 0.998901 9.99011E-05 9.99011E-05
0.167707 0.248191 9.9928E-05 9.9928E-05 9.9928E-05 9.9928E-05 0.460003 0.123299 9.9928E-05 9.9928E-05 9.9928E-05 9.9928E-05
9.9928E-05 9.9928E-05 9.9928E-05 9.9928E-05 9.9928E-05 0.0172721 0.277762 0.64971 9.9928E-05 9.9928E-05 9.9928E-05 0.0544568
0.0180759 0.213258 0.00318143 0.00722422 9.9973E-05 0.044522 0.138212 0.30907 0.0432367 0.222921 9.9973E-05 9.9973E-05
0.073667 0.112865 9.9946E-05 0.017476 9.9946E-05 9.9946E-05 0.696671 0.0884729 9.9946E-05 0.0102488 9.9946E-05 9.9946E-05
9.9937E-05 9.9937E-05 0.0162759 9.9937E-05 9.9937E-05 9.9937E-05 0.809383 0.134949 0.0303526 0.00833995 9.9937E-05 9.9937E-05
0.00829867 0.358922 9.9946E-05 9.9946E-05 9.9946E-05 0.0172598 0.514956 9.9946E-05 0.0698128 0.030151 9.9946E-05 9.9946E-05
9.9946E-05 0.114611 9.9946E-05 0.0476404 9.9946E-05 9.9946E-05 0.604406 0.0607404 9.9946E-05 0.115962 0.0560408 9.9946E-05
0.0650208 9.9919E-05 9.9919E-05 9.9919E-05 9.9919E-05 9.9919E-05 0.739593 0.194487 9.9919E-05 9.9919E-05 9.9919E-05 9.9919E-05
9.9937E-05 0.0413131 0.0184782 9.9937E-05 0.0134145 9.9937E-05 0.885705 9.9937E-05 9.9937E-05 9.9937E-05 9.9937E-05 0.0403897
9.9928E-05 9.9928E-05 9.9928E-05 9.9928E-05 9.9928E-05 0.174736 0.597942 0.190314 9.9928E-05 0.036209 9.9928E-05 9.9928E-05
9.99191E-05 0.19555 9.99191E-05 9.99191E-05 9.99191E-05 9.99191E-05 0.797277 9.99191E-05 9.99191E-05 9.99191E-05 9.99191E-05 0.0062736
9.9928E-05 9.9928E-05 9.9928E-05 0.0249979 9.9928E-05 9.9928E-05 0.876545 0.0617884 9.9928E-05 9.9928E-05 9.9928E-05 0.0358688
9.9946E-05 9.9946E-05 9.9946E-05 9.9946E-05 0.0447675 9.9946E-05 0.622712 0.148117 9.9946E-05 0.0443408 0.0234794 0.115983
9.9937E-05 0.186028 9.9937E-05 0.0147207 0.0210411 9.9937E-05 0.774704 0.00280724 9.9937E-05 9.9937E-05 9.9937E-05 9.9937E-05
9.9928E-05 0.302789 9.9928E-05 0.039739 9.9928E-05 9.9928E-05 0.639441 9.9928E-05 9.9928E-05 0.0172325 9.9928E-05 9.9928E-05
9.9946E-05 0.0821833 0.0577629 9.9946E-05 0.0191905 9.9946E-05 0.794308 9.9946E-05 9.9946E-05 0.00214956 0.0438059 9.9946E-05
0.00979826 9.9919E-05 9.9919E-05 9.9919E-05 9.9919E-05 9.9919E-05 0.950742 9.9919E-05 9.9919E-05 0.03856 9.9919E-05 9.9919E-05
0.0558369 0.213472 9.9973E-05 0.0509785 9.9973E-05 0.00066923 0.337237 0.278532 0.0382172 0.0132993 0.0114586 9.9973E-05
9.9946E-05 0.096132 9.9946E-05 9.9946E-05 9.9946E-05 9.9946E-05 0.818801 0.00352257 0.0133362 0.0260479 9.9946E-05 0.0415605
0.0831459 0.0755902 9.9955E-05 9.9955E-05 9.9955E-05 0.0119578 0.56711 0.168204 9.9955E-05 0.0653801 9.9955E-05 0.0281125
0.00478882 9.9928E-05 0.127751 9.9928E-05 9.9928E-05 9.9928E-05 0.411569 0.455091 9.9928E-05 9.9928E-05 9.9928E-05 9.9928E-05
9.9955E-05 0.136395 0.0135174 0.023431 0.0141839 9.9955E-05 0.687439 9.9955E-05 9.9955E-05 0.0717848 0.0527498 9.9955E-05
9.9937E-05 9.9937E-05 9.9937E-05 0.00397416 9.9937E-05 9.9937E-05 0.499596 0.426987 0.0353649 0.0333778 9.9937E-05 9.9937E-05
9.9946E-05 0.283526 0.0108955 9.9946E-05 0.0163549 9.9946E-05 0.233556 0.442898 9.9946E-05 9.9946E-05 9.9946E-05 0.0121696
9.9919E-05 0.0901107 9.9919E-05 9.9919E-05 9.9919E-05 9.9919E-05 0.375602 0.533388 9.9919E-05 9.9919E-05 9.9919E-05 9.9919E-05
0.0263555 9.9946E-05 0.0269045 9.9946E-05 9.9946E-05 0.0237698 0.653923 0.19849 9.9946E-05 9.9946E-05 9.9946E-05 0.069958
0.0407702 0.153192 9.9946E-05 9.9946E-05 0.00107332 9.9946E-05 0.404687 0.388614 9.9946E-05 9.9946E-05 0.011064 9.9946E-05
9.9955E-05 0.204732 0.0118492 9.9955E-05 9.9955E-05 0.0151515 0.200935 0.433662 9.9955E-05 9.9955E-05 0.0195736 0.113598
9.995E-05 0.240581 9.995E-05 9.995E-05 0.0160056 9.995E-05 0.146892 0.365836 0.00719571 0.124055 9.995E-05 0.0989341
0.19102 0.164954 9.9955E-05 0.0143855 0.0366552 9.9955E-05 0.128675 0.399738 9.9955E-05 0.064072 9.9955E-05 9.9955E-05
0.050593 0.445083 0.0113567 0.0389561 0.0249834 9.9964E-05 0.171663 0.229617 9.9964E-05 0.0273478 9.9964E-05 9.9964E-05
9.9955E-05 9.9955E-05 9.9955E-05 0.0155078 0.0242443 0.117032 0.491375 0.301064 0.0261752 9.9955E-05 9.9955E-05 0.0241015
9.9955E-05 0.425512 9.9955E-05 0.0044706 0.0169442 9.9955E-05 0.0918593 0.432442 0.0136579 0.0146147 9.9955E-05 9.9955E-05
0.132287 0.23121 9.9946E-05 0.00343524 9.9946E-05 9.9946E-05 0.350318 0.279934 9.9946E-05 9.9946E-05 0.00221572 9.9946E-05
9.9973E-05 0.273747 9.9973E-05 0.0236493 0.117694 0.0512856 0.234734 0.221653 0.017985 0.0359568 9.9973E-05 0.0229949
9.9964E-05 0.148841 0.00651677 0.00655845 0.0399042 9.9964E-05 0.226978 0.477835 0.0374258 9.9964E-05 9.9964E-05 0.0555413
0.0520678 0.59253 9.9955E-05 0.050815 0.0121265 9.9955E-05 0.250082 9.9955E-05 9.9955E-05 0.0261302 0.0157487 9.9955E-05
9.9946E-05 0.365926 9.9946E-05 0.0360589 0.0444308 0.0263378 0.409729 0.116918 9.9946E-05 9.9946E-05 9.9946E-05 9.9946E-05
9.99281E-05 0.364802 9.99281E-05 9.99281E-05 0.0417638 9.99281E-05 0.580224 9.99281E-05 9.99281E-05 9.99281E-05 0.0124099 9.99281E-05
9.9937E-05 0.408545 9.9937E-05 9.9937E-05 0.019133 9.9937E-05 0.471152 9.9937E-05 9.9937E-05 0.0355608 0.0649103 9.9937E-05
0.0316648 0.338203 9.9946E-05 9.9946E-05 0.0748719 9.9946E-05 0.503845 0.0477216 9.9946E-05 9.9946E-05 0.00309312 9.9946E-05
9.9928E-05 0.302088 9.9928E-05 9.9928E-05 0.0222753 9.9928E-05 0.555794 9.9928E-05 9.9928E-05 0.119044 9.9928E-05 9.9928E-05
0.0192668 0.388408 9.9946E-05 0.0722243 0.0258515 9.9946E-05 0.437938 0.0557117 9.9946E-05 9.9946E-05 9.9946E-05 9.9946E-05
9.99281E-05 0.372998 9.99281E-05 9.99281E-05 9.99281E-05 9.99281E-05 0.588132 9.99281E-05 9.99281E-05 0.0234677 9.99281E-05 0.0146035
9.9964E-05 0.560415 0.0636681 0.0350505 0.0666078 0.0418227 0.166349 0.0633376 9.9964E-05 9.9964E-05 9.9964E-05 0.00234955
9.9964E-05 0.2597 0.0908666 9.9964E-05 0.0834339 9.9964E-05 0.097424 0.312721 9.9964E-05 0.00598757 0.109045 0.0404224
9.9946E-05 0.615688 0.0215467 0.0644396 9.9946E-05 9.9946E-05 0.200628 9.9946E-05 0.0240324 9.9946E-05 9.9946E-05 0.0730655
0.107517 0.522544 0.0201635 0.0930524 9.9955E-05 9.9955E-05 0.0390507 9.9955E-05 9.9955E-05 9.9955E-05 0.0638564 0.153316
0.0408566 0.536705 9.9964E-05 0.0356103 0.0195153 0.0216644 0.235136 9.9964E-05 9.9964E-05 0.0245411 9.9964E-05 0.0855709
9.9946E-05 0.549647 9.9946E-05 0.0114396 9.9946E-05 9.9946E-05 0.286377 0.0480448 9.9946E-05 0.0693522 9.9946E-05 0.0345395
9.9928E-05 0.620573 9.9928E-05 9.9928E-05 0.0666886 9.9928E-05 0.257908 9.9928E-05 9.9928E-05 0.0540309 9.9928E-05 9.9928E-05
9.9937E-05 0.538804 9.9937E-05 0.00783679 9.9937E-05 9.9937E-05 0.315738 0.0503753 9.9937E-05 0.086547 9.9937E-05 9.9937E-05
9.99281E-05 0.722302 9.99281E-05 9.99281E-05 9.99281E-05 9.99281E-05 0.0539622 0.205017 9.99281E-05 9.99281E-05 9.99281E-05 0.0179192
9.99191E-05 0.832817 9.99191E-05 9.99191E-05 9.99191E-05 9.99191E-05 9.99191E-05 0.164201 9.99191E-05 9.99191E-05 9.99191E-05 0.0020835
0.0194128 0.668126 9.9955E-05 0.0131539 0.0254698 9.9955E-05 0.079747 0.171433 9.9955E-05 9.9955E-05 0.022157 9.9955E-05
9.9946E-05 0.673659 9.9946E-05 9.9946E-05 0.0595284 9.9946E-05 0.232544 9.9946E-05 9.9946E-05 0.0122223 0.018554 0.00289213
0.0147541 0.447048 9.9955E-05 0.094797 0.114444 9.9955E-05 0.137275 0.146695 9.9955E-05 9.9955E-05 0.0444868 9.9955E-05
0.106489 0.572033 9.9964E-05 9.9964E-05 0.00281496 9.9964E-05 0.183523 0.0499343 9.9964E-05 0.0175789 0.0270819 0.0401458
9.9955E-05 0.624093 9.9955E-05 0.0407504 0.0036168 9.9955E-05 0.161935 0.122238 0.00812167 9.9955E-05 0.0387454 9.9955E-05
9.99101E-05 0.933295 0.0657054 9.99101E-05 9.99101E-05 9.99101E-05 9.99101E-05 9.99101E-05 9.99101E-05 9.99101E-05 9.99101E-05 9.99101E-05
9.9955E-05 0.573616 9.9955E-05 0.0628283 9.9955E-05 0.0390822 0.262423 0.049418 9.9955E-05 0.00189604 0.0102368 9.9955E-05
0.047516 0.340019 9.9955E-05 9.9955E-05 0.0569796 9.9955E-05 0.372437 0.112796 0.0503795 0.0193737 9.9955E-05 9.9955E-05
0.004759 0.651804 9.9973E-05 0.0546837 9.9973E-05 0.00501701 0.141371 0.0377623 9.9973E-05 0.0383676 0.0368524 0.0290825
9.9946E-05 0.664105 9.9946E-05 0.00336903 0.0388219 9.9946E-05 0.130397 0.0849041 9.9946E-05 0.0778031 9.9946E-05 9.9946E-05
0.0108491 0.581257 0.0334979 9.9964E-05 0.026936 9.9964E-05 0.256441 0.0579753 0.0236892 9.9964E-05 9.9964E-05 0.00895461
9.9937E-05 0.417625 0.019753 9.9937E-05 0.126719 9.9937E-05 0.374 9.9937E-05 9.9937E-05 9.9937E-05 9.9937E-05 0.0612033
0.0120117 0.730214 9.9946E-05 0.0204136 0.024486 9.9946E-05 0.192356 9.9946E-05 9.9946E-05 9.9946E-05 0.0199184 9.9946E-05
9.99101E-05 0.939688 9.99101E-05 9.99101E-05 9.99101E-05 9.99101E-05 0.0593127 9.99101E-05 9.99101E-05 9.99101E-05 9.99101E-05 9.99101E-05
0.000923042 0.829137 9.9946E-05 0.00830282 9.9946E-05 9.9946E-05 9.9946E-05 0.136084 0.0239775 0.000975146 9.9946E-05 9.9946E-05
9.99101E-05 0.998899 9.99101E-05 9.99101E-05 9.99101E-05 9.99101E-05 9.99101E-05 9.99101E-05 9.99101E-05 0.000101895 9.99101E-05 9.99101E-05
9.99011E-05 0.998901 9.99011E-05 9.99011E-05 9.99011E-05 9.99011E-05 9.99011E-05 9.99011E-05 9.99011E-05 9.99011E-05 9.99011E-05 9.99011E-05
9.99011E-05 0.998901 9.99011E-05 9.99011E-05 9.99011E-05 9.99011E-05 9.99011E-05 9.99011E-05 9.99011E-05 9.99011E-05 9.99011E-05 9.99011E-05
9.99011E-05 0.998901 9.99011E-05 9.99011E-05 9.99011E-05 9.99011E-05 9.99011E-05 9.99011E-05 9.99011E-05 9.99011E-05 9.99011E-05 9.99011E-05
9.99191E-05 0.968992 9.99191E-05 9.99191E-05 0.000636117 9.99191E-05 9.99191E-05 9.99191E-05 9.99191E-05 0.0294728 9.99191E-05 9.99191E-05
9.99011E-05 0.998901 9.99011E-05 9.99011E-05 9.99011E-05 9.99011E-05 9.99011E-05 9.99011E-05 9.99011E-05 9.99011E-05 9.99011E-05 9.99011E-05
9.99281E-05 0.954118 9.99281E-05 9.99281E-05 0.0150994 0.0226167 9.99281E-05 9.99281E-05 9.99281E-05 0.00736635 9.99281E-05 9.99281E-05
9.99101E-05 0.987577 9.99101E-05 9.99101E-05 0.0114241 9.99101E-05 9.99101E-05 9.99101E-05 9.99101E-05 9.99101E-05 9.99101E-05 9.99101E-05
0.0423208 0.882022 9.99281E-05 0.0206339 9.99281E-05 9.99281E-05 9.99281E-05 9.99281E-05 9.99281E-05 0.0542236 9.99281E-05 9.99281E-05
9.99101E-05 0.992676 9.99101E-05 9.99101E-05 9.99101E-05 9.99101E-05 9.99101E-05 9.99101E-05 9.99101E-05 9.99101E-05 9.99101E-05 0.00632496
9.9937E-05 0.863355 9.9937E-05 9.9937E-05 0.031179 9.9937E-05 0.0175172 9.9937E-05 9.9937E-05 0.0562584 9.9937E-05 0.030991
9.99011E-05 0.998901 9.99011E-05 9.99011E-05 9.99011E-05 9.99011E-05 9.99011E-05 9.99011E-05 9.99011E-05 9.99011E-05 9.99011E-05 9.99011E-05
0.00555439 0.923747 9.9937E-05 9.9937E-05 0.0355903 9.9937E-05 9.9937E-05 0.0150867 9.9937E-05 0.0193225 9.9937E-05 9.9937E-05
9.99191E-05 0.929314 9.99191E-05 9.99191E-05 0.0135323 9.99191E-05 0.0562543 9.99191E-05 9.99191E-05 9.99191E-05 9.99191E-05 9.99191E-05
9.99191E-05 0.953358 9.99191E-05 9.99191E-05 9.99191E-05 9.99191E-05 9.99191E-05 9.99191E-05 0.00769239 9.99191E-05 0.03805 9.99191E-05
9.9928E-05 0.810817 9.9928E-05 9.9928E-05 0.0164797 9.9928E-05 9.9928E-05 0.161842 9.9928E-05 0.0100612 9.9928E-05 9.9928E-05
9.99281E-05 0.843938 9.99281E-05 9.99281E-05 9.99281E-05 9.99281E-05 0.0741961 9.99281E-05 0.059344 0.0217229 9.99281E-05 9.99281E-05
9.99191E-05 0.936258 0.0440351 9.99191E-05 9.99191E-05 9.99191E-05 9.99191E-05 0.0188077 9.99191E-05 9.99191E-05 9.99191E-05 9.99191E-05
9.9937E-05 0.817508 9.9937E-05 0.00254565 9.9937E-05 0.0872004 0.0355145 9.9937E-05 9.9937E-05 0.0565316 9.9937E-05 9.9937E-05
0.0367754 0.783954 9.9964E-05 0.0114036 0.00808795 9.9964E-05 0.084874 9.9964E-05 0.0110374 0.0594898 9.9964E-05 0.0039778
9.9928E-05 0.850189 9.9928E-05 0.0386733 9.9928E-05 9.9928E-05 0.0842445 9.9928E-05 0.0260942 9.9928E-05 9.9928E-05 9.9928E-05
9.99281E-05 0.926888 9.99281E-05 9.99281E-05 0.00615651 9.99281E-05 0.00803232 9.99281E-05 9.99281E-05 9.99281E-05 9.99281E-05 0.0581235
0.0207619 0.95081 9.9937E-05 9.9937E-05 0.00816233 9.9937E-05 9.9937E-05 0.00966029 9.9937E-05 0.00990632 9.9937E-05 9.9937E-05
9.9928E-05 0.914391 9.9928E-05 0.05134 0.0169864 0.0164831 9.9928E-05 9.9928E-05 9.9928E-05 9.9928E-05 9.9928E-05 9.9928E-05
0.0396854 0.917102 9.99191E-05 9.99191E-05 0.0423137 9.99191E-05 9.99191E-05 9.99191E-05 9.99191E-05 9.99191E-05 9.99191E-05 9.99191E-05
0.0217327 0.961419 9.99191E-05 0.0159492 9.99191E-05 9.99191E-05 9.99191E-05 9.99191E-05 9.99191E-05 9.99191E-05 9.99191E-05 9.99191E-05
9.99371E-05 0.806993 9.99371E-05 0.0576188 0.027122 9.99371E-05 0.0715323 9.99371E-05 9.99371E-05 0.036034 9.99371E-05 9.99371E-05
0.0101135 0.530882 0.00506146 9.9937E-05 9.9937E-05 0.0717691 9.9937E-05 0.381474 9.9937E-05 9.9937E-05 9.9937E-05 9.9937E-05
9.9946E-05 0.884037 0.00541687 9.9946E-05 9.9946E-05 9.9946E-05 0.0633647 9.9946E-05 9.9946E-05 0.0085402 0.0196989 0.0183428
9.99191E-05 0.577745 0.00325396 9.99191E-05 9.99191E-05 9.99191E-05 9.99191E-05 0.418102 9.99191E-05 9.99191E-05 9.99191E-05 9.99191E-05
0.0166088 0.798219 9.9937E-05 9.9937E-05 0.0889116 0.0459614 9.9937E-05 9.9937E-05 9.9937E-05 0.0495995 9.9937E-05 9.9937E-05
0.0320894 0.530275 9.995E-05 0.0544948 9.995E-05 0.00289605 0.14784 0.200695 0.031209 9.995E-05 9.995E-05 9.995E-05
0.0458426 0.51132 9.9955E-05 9.9955E-05 0.138488 9.9955E-05 9.9955E-05 0.212683 9.9955E-05 0.0146619 0.0478778 0.0286265
9.9946E-05 0.161464 9.9946E-05 0.00226949 0.676692 0.0458232 0.104035 9.9946E-05 9.9946E-05 0.00911607 9.9946E-05 9.9946E-05
9.9901E-05 9.9901E-05 9.9901E-05 9.9901E-05 0.998901 9.9901E-05 9.9901E-05 9.9901E-05 9.9901E-05 9.9901E-05 9.9901E-05 9.9901E-05
9.9928E-05 0.244709 9.9928E-05 9.9928E-05 0.408491 9.9928E-05 0.0883413 0.257659 9.9928E-05 9.9928E-05 9.9928E-05 9.9928E-05
9.9955E-05 0.902599 0.0153834 0.00775467 9.9955E-05 0.00674373 0.0176798 9.9955E-05 0.0355905 0.0137488 9.9955E-05 9.9955E-05
0.102148 0.576943 0.0117347 9.9946E-05 0.101939 9.9946E-05 9.9946E-05 0.167433 9.9946E-05 0.0392026 9.9946E-05 9.9946E-05
0.04886 0.740181 0.00124973 0.018932 0.0170136 9.9982E-05 0.0186014 0.0149424 0.0257757 0.0583894 0.0558547 9.9982E-05
9.9937E-05 0.775661 9.9937E-05 9.9937E-05 0.0541773 0.0249111 0.0782067 0.0663443 9.9937E-05 9.9937E-05 9.9937E-05 9.9937E-05
0.0774596 0.6124 0.0587363 0.0493811 0.129026 9.9955E-05 9.9955E-05 9.9955E-05 9.9955E-05 9.9955E-05 0.0471214 0.0253763
0.0265821 0.566027 0.0876214 0.0674784 0.0843119 9.9973E-05 0.0529664 9.9973E-05 9.9973E-05 0.0507224 0.0443422 0.0196486
9.9946E-05 0.742131 0.0139185 9.9946E-05 0.102264 9.9946E-05 9.9946E-05 0.118487 9.9946E-05 9.9946E-05 0.0124117 0.0101883
0.0526009 0.608124 0.0469209 9.995E-05 0.0332963 9.995E-05 0.239134 9.995E-05 9.995E-05 9.995E-05 0.00840255 0.0110213
0.0699948 0.793088 9.9946E-05 0.0444652 0.0769011 9.9946E-05 9.9946E-05 9.9946E-05 9.9946E-05 0.00361533 0.011336 9.9946E-05
