0.0870043 9.9937E-05 0.245651 0.0972966 9.9937E-05 0.0308795 0.040138 0.0141534 0.0619526 9.9937E-05 9.9937E-05 9.9937E-05 0.422226 9.9937E-05 9.9937E-05
0.00864966 9.9955E-05 0.0320117 0.0969379 0.0262177 0.0656692 0.0914502 0.0391802 0.0454131 9.9955E-05 9.9955E-05 0.0354425 0.558528 9.9955E-05 9.9955E-05
0.0787112 0.008395 0.140664 0.0817701 9.9964E-05 0.14622 9.9964E-05 0.0048597 0.130249 0.0204359 9.9964E-05 0.00424672 0.374423 9.9964E-05 0.0096248
0.0986425 9.99191E-05 9.99191E-05 9.99191E-05 9.99191E-05 0.182154 0.103753 0.0344237 0.0226844 9.99191E-05 9.99191E-05 9.99191E-05 0.557443 9.99191E-05 9.99191E-05
9.9973E-05 0.0524879 0.265643 0.0409754 9.9973E-05 0.02373 0.0156164 0.0386631 0.0766445 0.0108025 0.0203596 0.0124508 0.422217 9.9973E-05 0.02011
0.0483955 9.9937E-05 9.9937E-05 9.9937E-05 0.00228769 0.111573 0.0430963 0.0325912 0.0657849 0.0293821 9.9937E-05 9.9937E-05 0.666189 9.9937E-05 9.9937E-05
0.0644898 9.99281E-05 9.99281E-05 9.99281E-05 0.0160289 0.134328 0.0630936 0.0067293 0.0475253 9.99281E-05 9.99281E-05 9.99281E-05 0.667005 9.99281E-05 9.99281E-05
0.046353 0.06275 0.285895 0.0447766 0.00377135 0.00558449 0.0170216 0.0343882 0.0448091 9.9982E-05 0.0311905 0.0940374 0.326406 0.00281676 9.9982E-05
0.011828 9.9946E-05 0.106895 9.9946E-05 0.0678204 0.061413 0.00560298 0.107684 0.0293205 9.9946E-05 9.9946E-05 0.0144401 0.594397 9.9946E-05 9.9946E-05
0.0929024 0.0018096 0.195823 0.0240877 0.0148984 9.9955E-05 0.0763978 0.111388 0.0672848 9.9955E-05 9.9955E-05 9.9955E-05 0.40471 0.0101982 9.9955E-05
0.0209057 0.049484 0.0201379 0.0446423 0.098532 0.0276703 0.0744386 0.123883 0.130097 9.9964E-05 9.9964E-05 9.9964E-05 0.348488 9.9964E-05 0.0613208
0.067392 9.9946E-05 0.281852 9.9946E-05 0.0466059 0.033673 9.9946E-05 0.0292761 0.0306419 0.00900663 9.9946E-05 9.9946E-05 0.466644 9.9946E-05 0.0343094
0.0869337 0.0331275 9.9955E-05 0.0614519 0.00411907 0.084137 0.0692132 0.104114 0.070498 9.9955E-05 9.9955E-05 9.9955E-05 0.476136 9.9955E-05 0.00976957
0.0716254 0.0530605 9.9955E-05 0.0114171 0.0309107 0.0775783 0.0627046 0.130696 0.0690204 9.9955E-05 9.9955E-05 9.9955E-05 0.466258 9.9955E-05 0.0262293
0.0799988 0.0524293 9.9964E-05 0.0409759 0.0562058 0.0235222 0.0534061 0.1114 0.0478837 9.9964E-05 9.9964E-05 0.00950771 0.51614 9.9964E-05 0.00813158
0.030175 0.0404301 9.9973E-05 0.0051669 0.025766 0.0898794 0.0416829 0.102655 0.0336143 0.0394507 9.9973E-05 0.0116322 0.514796 9.9973E-05 0.0644522
0.174 0.0756256 0.0744337 9.9946E-05 9.9946E-05 0.10996 0.071959 0.0100937 0.0649506 9.9946E-05 9.9946E-05 0.0121978 0.40618 9.9946E-05 9.9946E-05
0.177993 0.0780296 0.060364 9.9946E-05 9.9946E-05 0.123738 0.0546965 0.0340574 0.0610885 9.9946E-05 9.9946E-05 0.00871919 0.400714 9.9946E-05 9.9946E-05
0.114555 0.00230346 0.128211 9.9937E-05 9.9937E-05 0.116042 0.0393729 0.110095 0.0783635 9.9937E-05 9.9937E-05 9.9937E-05 0.410358 9.9937E-05 9.9937E-05
9.98741E-05 9.98741E-05 9.98741E-05 9.98741E-05 9.98741E-05 9.98741E-05 9.98741E-05 9.98741E-05 0.998602 9.98741E-05 9.98741E-05 9.98741E-05 9.98741E-05 9.98741E-05 9.98741E-05
9.9928E-05 9.9928E-05 9.9928E-05 0.0381015 9.9928E-05 0.0810289 0.0396904 9.9928E-05 0.258463 9.9928E-05 0.00992593 0.0301004 0.54189 9.9928E-05 9.9928E-05
9.9928E-05 9.9928E-05 9.9928E-05 0.0363202 0.0723534 0.0294658 0.0320866 9.9928E-05 0.222847 9.9928E-05 9.9928E-05 0.0323712 0.573757 9.9928E-05 9.9928E-05
9.99281E-05 0.211378 9.99281E-05 0.0123388 9.99281E-05 0.0629288 0.0103732 9.99281E-05 0.212248 0.00205737 9.99281E-05 9.99281E-05 0.487877 9.99281E-05 9.99281E-05
0.05434 0.127117 9.9928E-05 9.9928E-05 9.9928E-05 0.0897074 9.9928E-05 9.9928E-05 0.162924 9.9928E-05 9.9928E-05 0.102973 0.378136 0.0840024 9.9928E-05
9.9955E-05 0.0164398 0.112547 9.9955E-05 0.0128834 0.0764795 9.9955E-05 0.0587902 0.121395 9.9955E-05 0.0333702 0.0203778 0.533622 0.0135956 9.9955E-05
0.0166208 0.0492508 0.024461 9.99281E-05 9.99281E-05 9.99281E-05 9.99281E-05 9.99281E-05 0.287798 9.99281E-05 0.0600314 9.99281E-05 0.556478 0.00456081 9.99281E-05
9.99281E-05 9.99281E-05 9.99281E-05 9.99281E-05 0.0526538 9.99281E-05 0.00574004 0.0644423 0.269483 9.99281E-05 0.0322565 0.0420602 0.532565 9.99281E-05 9.99281E-05
0.0698703 9.9937E-05 0.030983 0.0355942 9.9937E-05 0.093268 0.0104823 9.9937E-05 0.154641 9.9937E-05 9.9937E-05 0.00968707 0.594774 9.9937E-05 9.9937E-05
0.00902473 9.9937E-05 0.0797456 0.062576 0.000953704 0.048833 0.00214615 9.9937E-05 0.184657 9.9937E-05 9.9937E-05 9.9937E-05 0.611364 9.9937E-05 9.9937E-05
9.98741E-05 9.98741E-05 9.98741E-05 9.98741E-05 9.98741E-05 9.98741E-05 9.98741E-05 9.98741E-05 0.998602 9.98741E-05 9.98741E-05 9.98741E-05 9.98741E-05 9.98741E-05 9.98741E-05
9.98831E-05 9.98831E-05 9.98831E-05 9.98831E-05 9.98831E-05 9.98831E-05 9.98831E-05 0.0117784 0.986923 9.98831E-05 9.98831E-05 9.98831E-05 9.98831E-05 9.98831E-05 9.98831E-05
9.98831E-05 9.98831E-05 9.98831E-05 9.98831E-05 9.98831E-05 0.00803183 9.98831E-05 9.98831E-05 0.99067 9.98831E-05 9.98831E-05 9.98831E-05 9.98831E-05 9.98831E-05 9.98831E-05
9.98741E-05 9.98741E-05 9.98741E-05 9.98741E-05 9.98741E-05 9.98741E-05 9.98741E-05 9.98741E-05 0.998602 9.98741E-05 9.98741E-05 9.98741E-05 9.98741E-05 9.98741E-05 9.98741E-05
9.99011E-05 9.99011E-05 9.99011E-05 0.0437574 9.99011E-05 9.99011E-05 9.99011E-05 9.99011E-05 0.916247 9.99011E-05 9.99011E-05 9.99011E-05 0.00969279 0.0292039 9.99011E-05
9.98921E-05 0.0181022 9.98921E-05 9.98921E-05 0.0181463 9.98921E-05 9.98921E-05 9.98921E-05 0.962553 9.98921E-05 9.98921E-05 9.98921E-05 9.98921E-05 9.98921E-05 9.98921E-05
0.0434199 0.132487 0.0517999 0.0564967 0.00771938 9.9955E-05 9.9955E-05 9.9955E-05 0.176237 9.9955E-05 0.0354999 9.9955E-05 0.424421 0.0437046 0.0277141
0.0640657 0.0298472 0.0592259 0.00521158 0.0131376 9.9964E-05 0.189038 9.9964E-05 0.176875 0.0582358 0.00104074 9.9964E-05 0.397478 0.00544566 9.9964E-05
0.0208145 0.225697 9.99191E-05 9.99191E-05 9.99191E-05 0.0702167 0.0494961 9.99191E-05 0.190013 9.99191E-05 9.99191E-05 9.99191E-05 0.442864 9.99191E-05 9.99191E-05
0.0131672 9.99101E-05 0.0229914 9.99101E-05 9.99101E-05 9.99101E-05 9.99101E-05 9.99101E-05 9.99101E-05 0.080382 0.0229228 9.99101E-05 0.859538 9.99101E-05 9.99101E-05
9.9955E-05 0.0145766 9.9955E-05 0.0020872 0.0123861 0.0247971 9.9955E-05 0.0042529 0.00536424 0.0683794 0.0701905 9.9955E-05 0.749959 0.0475074 9.9955E-05
9.99101E-05 9.99101E-05 9.99101E-05 9.99101E-05 0.0170145 9.99101E-05 9.99101E-05 9.99101E-05 0.00199901 9.99101E-05 0.116592 9.99101E-05 0.801229 0.0621664 9.99101E-05
0.0345184 9.9937E-05 9.9937E-05 0.00323877 9.9937E-05 0.00709545 0.123713 9.9937E-05 0.0597223 9.9937E-05 9.9937E-05 9.9937E-05 0.706812 0.00730887 0.0568913
0.00445396 0.00759413 9.9955E-05 0.0546576 9.9955E-05 0.0307265 0.0556973 9.9955E-05 0.00311849 0.0701894 0.0442149 9.9955E-05 0.720868 0.00797998 9.9955E-05
0.064631 0.0170965 0.0652522 9.9946E-05 0.017884 0.0478529 9.9946E-05 9.9946E-05 9.9946E-05 0.0431128 0.0367015 9.9946E-05 0.666356 0.040513 9.9946E-05
0.110546 0.0180904 0.0377112 0.0607299 9.9973E-05 9.9973E-05 0.0495296 0.0141245 0.0560099 0.0608331 0.000347745 0.0222744 0.569306 0.000197038 9.9973E-05
0.0506792 0.0295728 0.095633 0.0283478 9.9955E-05 0.0333158 0.00712258 9.9955E-05 0.0630286 0.0317858 0.0556781 9.9955E-05 0.604337 9.9955E-05 9.9955E-05
9.99371E-05 0.00173088 9.99371E-05 0.00655546 9.99371E-05 0.076567 0.0574536 0.00675807 0.0212571 9.99371E-05 0.0296815 9.99371E-05 0.799297 9.99371E-05 9.99371E-05
9.99191E-05 0.0937736 0.0700135 9.99191E-05 9.99191E-05 9.99191E-05 0.027649 0.0452119 0.0317084 9.99191E-05 9.99191E-05 9.99191E-05 0.730744 9.99191E-05 9.99191E-05
9.98742E-05 9.98742E-05 9.98742E-05 9.98742E-05 9.98742E-05 9.98742E-05 9.98742E-05 9.98742E-05 9.98742E-05 9.98742E-05 0.998602 9.98742E-05 9.98742E-05 9.98742E-05 9.98742E-05
0.00249837 9.99101E-05 9.99101E-05 0.0042794 0.00882276 9.99101E-05 9.99101E-05 9.99101E-05 9.99101E-05 9.99101E-05 0.954276 9.99101E-05 0.0291244 9.99101E-05 9.99101E-05
9.98742E-05 9.98742E-05 9.98742E-05 9.98742E-05 9.98742E-05 9.98742E-05 9.98742E-05 9.98742E-05 9.98742E-05 9.98742E-05 0.998602 9.98742E-05 9.98742E-05 9.98742E-05 9.98742E-05
9.98742E-05 9.98742E-05 9.98742E-05 9.98742E-05 9.98742E-05 9.98742E-05 9.98742E-05 9.98742E-05 9.98742E-05 9.98742E-05 0.998602 9.98742E-05 9.98742E-05 9.98742E-05 9.98742E-05
9.98742E-05 9.98742E-05 9.98742E-05 9.98742E-05 9.98742E-05 9.98742E-05 9.98742E-05 9.98742E-05 9.98742E-05 9.98742E-05 0.998602 9.98742E-05 9.98742E-05 9.98742E-05 9.98742E-05
9.98742E-05 9.98742E-05 9.98742E-05 9.98742E-05 9.98742E-05 9.98742E-05 9.98742E-05 9.98742E-05 9.98742E-05 9.98742E-05 0.998602 9.98742E-05 9.98742E-05 9.98742E-05 9.98742E-05
0.00549454 0.0190794 9.9937E-05 0.00770143 9.9937E-05 0.00196892 0.0111233 0.00384502 9.9937E-05 9.9937E-05 0.949296 0.000791854 9.9937E-05 9.9937E-05 9.9937E-05
9.98742E-05 9.98742E-05 9.98742E-05 9.98742E-05 9.98742E-05 9.98742E-05 9.98742E-05 9.98742E-05 9.98742E-05 9.98742E-05 0.998602 9.98742E-05 9.98742E-05 9.98742E-05 9.98742E-05
9.98742E-05 9.98742E-05 9.98742E-05 9.98742E-05 9.98742E-05 9.98742E-05 9.98742E-05 9.98742E-05 9.98742E-05 9.98742E-05 0.998602 9.98742E-05 9.98742E-05 9.98742E-05 9.98742E-05
9.99101E-05 9.99101E-05 9.99101E-05 0.0062744 0.0195219 9.99101E-05 9.99101E-05 9.99101E-05 9.99101E-05 9.99101E-05 0.16724 9.99101E-05 0.790391 0.0155735 9.99101E-05
9.99281E-05 9.99281E-05 0.088767 9.99281E-05 9.99281E-05 0.0233152 9.99281E-05 0.0980681 9.99281E-05 9.99281E-05 0.0180544 0.0444846 0.641456 9.99281E-05 0.0850554
0.0192996 9.9946E-05 0.0368847 0.0582089 0.033633 9.9946E-05 9.9946E-05 9.9946E-05 0.0106149 9.9946E-05 0.0672539 0.0330442 0.718827 0.0216338 9.9946E-05
9.99281E-05 9.99281E-05 0.092216 9.99281E-05 0.00535007 9.99281E-05 9.99281E-05 0.106093 9.99281E-05 0.0246697 9.99281E-05 9.99281E-05 0.703287 0.0627396 0.00484571
9.99281E-05 9.99281E-05 0.0537321 9.99281E-05 9.99281E-05 9.99281E-05 9.99281E-05 9.99281E-05 0.0908657 0.080258 0.0332965 0.0402524 0.691137 9.99281E-05 0.00965866
9.9919E-05 0.0337127 9.9919E-05 0.0899739 9.9919E-05 9.9919E-05 0.0706107 9.9919E-05 0.0368451 9.9919E-05 9.9919E-05 0.0086877 0.759271 9.9919E-05 9.9919E-05
9.9955E-05 0.0453144 9.9955E-05 0.0842355 0.0529571 9.9955E-05 9.9955E-05 0.00325235 0.0989657 9.9955E-05 0.0421811 0.0383747 0.454526 0.119295 0.0603982
9.98832E-05 9.98832E-05 9.98832E-05 9.98832E-05 9.98832E-05 9.98832E-05 9.98832E-05 9.98832E-05 0.03354 9.98832E-05 9.98832E-05 9.98832E-05 0.965162 9.98832E-05 9.98832E-05
0.0498343 0.0219248 9.99281E-05 9.99281E-05 0.00967229 9.99281E-05 9.99281E-05 9.99281E-05 0.00907758 9.99281E-05 9.99281E-05 0.0278696 0.871367 9.99281E-05 0.00945533
9.9937E-05 9.9937E-05 0.0432624 9.9937E-05 9.9937E-05 0.033759 9.9937E-05 0.0910192 9.9937E-05 9.9937E-05 0.0174234 0.008094 0.657429 0.0503023 0.0980108
0.0227604 0.00890837 9.9946E-05 9.9946E-05 0.0100979 9.9946E-05 0.00510168 0.0220066 0.0290583 9.9946E-05 9.9946E-05 0.0242432 0.868547 9.9946E-05 0.00867691
0.0864757 0.0115123 9.99101E-05 9.99101E-05 9.99101E-05 9.99101E-05 9.99101E-05 0.0430465 9.99101E-05 9.99101E-05 0.00947324 9.99101E-05 0.848493 9.99101E-05 9.99101E-05
0.0604461 0.00207847 9.99101E-05 9.99101E-05 9.99101E-05 9.99101E-05 9.99101E-05 0.0852304 9.99101E-05 9.99101E-05 0.00744972 9.99101E-05 0.843796 9.99101E-05 9.99101E-05
0.0784293 9.98921E-05 9.98921E-05 9.98921E-05 9.98921E-05 9.98921E-05 9.98921E-05 0.0577115 9.98921E-05 9.98921E-05 9.98921E-05 9.98921E-05 0.86266 9.98921E-05 9.98921E-05
9.99101E-05 9.99101E-05 0.0075953 9.99101E-05 0.0227071 0.0752622 9.99101E-05 9.99101E-05 9.99101E-05 9.99101E-05 9.99101E-05 9.99101E-05 0.884767 0.00866891 9.99101E-05
0.0567497 9.9946E-05 9.9946E-05 9.9946E-05 0.00185457 0.0407199 9.9946E-05 0.0521317 0.0918489 0.0266208 0.0383784 9.9946E-05 0.686908 9.9946E-05 0.00418856
9.99101E-05 9.99101E-05 9.99101E-05 0.0601182 9.99101E-05 9.99101E-05 9.99101E-05 0.0533998 0.0736071 9.99101E-05 0.0111306 9.99101E-05 0.800745 9.99101E-05 9.99101E-05
9.9937E-05 9.9937E-05 0.128592 9.9937E-05 9.9937E-05 0.00265858 0.0160163 9.9937E-05 9.9937E-05 0.003639 0.057202 0.0501459 0.734438 0.00660848 9.9937E-05
9.99011E-05 9.99011E-05 0.115991 9.99011E-05 9.99011E-05 9.99011E-05 9.99011E-05 9.99011E-05 9.99011E-05 9.99011E-05 0.0624533 0.114264 0.706192 9.99011E-05 9.99011E-05
9.99281E-05 9.99281E-05 0.0632386 9.99281E-05 9.99281E-05 9.99281E-05 0.0349362 9.99281E-05 0.014625 0.0145633 0.0539075 0.168176 0.649754 9.99281E-05 9.99281E-05
9.99281E-05 9.99281E-05 0.0926586 9.99281E-05 9.99281E-05 9.99281E-05 0.0261465 0.000668266 9.99281E-05 9.99281E-05 0.0536699 0.0852959 0.721894 0.0188672 9.99281E-05
9.99101E-05 9.99101E-05 9.99101E-05 9.99101E-05 9.99101E-05 9.99101E-05 9.99101E-05 9.99101E-05 9.99101E-05 0.0251026 0.112333 0.0905045 0.747393 9.99101E-05 0.0236683
9.99191E-05 9.99191E-05 0.137345 9.99191E-05 9.99191E-05 9.99191E-05 9.99191E-05 0.0352319 9.99191E-05 0.00151144 0.10403 9.99191E-05 0.658842 0.0621407 9.99191E-05
9.9955E-05 9.9955E-05 9.9955E-05 0.0257835 0.030671 0.0443211 0.00246673 9.9955E-05 0.0575611 0.0834893 0.0337284 9.9955E-05 0.657266 0.0239908 0.0402219
9.99011E-05 9.99011E-05 9.99011E-05 0.018218 9.99011E-05 9.99011E-05 9.99011E-05 9.99011E-05 0.049236 9.99011E-05 0.0867572 9.99011E-05 0.84469 9.99011E-05 9.99011E-05
0.0131206 9.9955E-05 9.9955E-05 0.00946158 0.00180069 0.0289898 9.9955E-05 0.000806904 0.102712 9.9955E-05 0.0953059 0.0103569 0.735692 9.9955E-05 0.00125402
9.99191E-05 0.00599581 0.00748839 9.99191E-05 0.0268669 9.99191E-05 9.99191E-05 9.99191E-05 9.99191E-05 0.066249 0.0413367 9.99191E-05 0.851164 9.99191E-05 9.99191E-05
9.99281E-05 0.0295176 0.0680003 9.99281E-05 0.08256 9.99281E-05 9.99281E-05 9.99281E-05 9.99281E-05 9.99281E-05 0.0712559 0.0217109 0.702879 0.0232773 9.99281E-05
9.9937E-05 9.9937E-05 0.0825512 9.9937E-05 0.0126536 9.9937E-05 9.9937E-05 0.0429897 0.00549694 0.0197564 0.0657282 0.031988 0.738136 9.9937E-05 9.9937E-05
9.98921E-05 9.98921E-05 9.98921E-05 9.98921E-05 9.98921E-05 9.98921E-05 9.98921E-05 9.98921E-05 9.98921E-05 0.047374 0.0585393 9.98921E-05 0.892888 9.98921E-05 9.98921E-05
9.9946E-05 9.9946E-05 0.0678776 9.9946E-05 9.9946E-05 0.0651465 0.0435381 0.0673505 0.00357443 0.0529631 0.0205366 9.9946E-05 0.659327 9.9946E-05 0.0190868
0.0376704 9.9937E-05 9.9937E-05 0.00362558 0.0444952 9.9937E-05 0.00718432 9.9937E-05 0.045985 9.9937E-05 0.0351704 9.9937E-05 0.785338 0.0398319 9.9937E-05
0.0696304 9.9928E-05 9.9928E-05 9.9928E-05 0.0117961 9.9928E-05 0.0367253 9.9928E-05 0.0114711 9.9928E-05 0.0454723 9.9928E-05 0.818483 0.00562246 9.9928E-05
9.9964E-05 0.0388892 0.01318 0.0831316 0.0162505 9.9964E-05 9.9964E-05 0.0211295 0.0682651 0.018718 0.111751 0.0272365 0.57852 0.0225291 9.9964E-05
9.9937E-05 0.0468485 9.9937E-05 0.0681454 9.9937E-05 9.9937E-05 9.9937E-05 0.0341947 0.0546193 0.0379114 0.0879647 9.9937E-05 0.658623 0.0109934 9.9937E-05
0.0589457 0.0366181 0.0904657 0.0415986 0.0599457 9.99371E-05 9.99371E-05 9.99371E-05 9.99371E-05 9.99371E-05 0.0372987 9.99371E-05 0.671559 0.00286883 9.99371E-05
9.99101E-05 9.99101E-05 9.99101E-05 0.0478201 0.0361556 9.99101E-05 9.99101E-05 0.0824229 9.99101E-05 9.99101E-05 0.0297102 9.99101E-05 0.802892 9.99101E-05 9.99101E-05
9.9928E-05 9.9928E-05 9.9928E-05 0.00186025 0.0543669 9.9928E-05 9.9928E-05 0.0205547 0.0408402 9.9928E-05 0.020528 9.9928E-05 0.826527 0.034523 9.9928E-05
0.0672047 9.9928E-05 9.9928E-05 9.9928E-05 0.0327117 9.9928E-05 9.9928E-05 0.0155948 0.00387739 0.012202 0.0381514 9.9928E-05 0.829459 9.9928E-05 9.9928E-05
9.99191E-05 9.99191E-05 9.99191E-05 9.99191E-05 0.0778108 9.99191E-05 9.99191E-05 9.99191E-05 0.0850415 0.00260022 0.0443778 0.0601808 0.72909 9.99191E-05 9.99191E-05
0.0196235 0.00286899 9.9955E-05 0.057747 9.9955E-05 0.00484554 0.00586477 0.0528555 9.9955E-05 9.9955E-05 0.0540494 0.0192677 0.772162 9.9955E-05 0.0102156
9.9937E-05 0.00602127 0.0349185 0.0229021 9.9937E-05 9.9937E-05 0.0276135 0.120261 9.9937E-05 9.9937E-05 0.0617834 9.9937E-05 0.68888 0.0369208 9.9937E-05
0.0240917 9.9928E-05 0.083824 0.0565911 0.0360149 9.9928E-05 0.0208452 9.9928E-05 9.9928E-05 9.9928E-05 9.9928E-05 9.9928E-05 0.706786 0.071048 9.9928E-05
9.99011E-05 9.99011E-05 9.99011E-05 9.99011E-05 9.99011E-05 9.99011E-05 0.109899 0.0976701 0.00401058 9.99011E-05 9.99011E-05 9.99011E-05 0.787321 9.99011E-05 9.99011E-05
9.9973E-05 9.9973E-05 0.0114164 0.00916452 0.107062 0.0182813 0.0700993 0.0289205 0.0215756 0.0647178 9.9973E-05 0.0519388 0.579264 0.0335286 0.00373155
9.9937E-05 9.9937E-05 9.9937E-05 0.0532195 0.0637236 9.9937E-05 0.0740276 0.0343856 9.9937E-05 9.9937E-05 0.0642083 0.0561659 0.560342 0.0932282 9.9937E-05
9.9946E-05 9.9946E-05 0.0695145 0.0123791 0.0136059 0.0192535 9.9946E-05 9.9946E-05 9.9946E-05 9.9946E-05 0.0855471 0.0326688 0.697242 0.0565011 0.0126882
0.0246048 9.99101E-05 0.0805349 9.99101E-05 9.99101E-05 0.034028 9.99101E-05 9.99101E-05 9.99101E-05 9.99101E-05 9.99101E-05 9.99101E-05 0.821585 0.0382483 9.99101E-05
0.0387764 0.117709 0.23805 0.0192979 0.0413232 0.055053 9.9964E-05 9.9964E-05 0.00126122 9.9964E-05 0.00656613 9.9964E-05 0.453961 0.0248286 0.00277344
0.0136942 0.0331324 0.0909599 0.0129641 0.177426 9.9937E-05 9.9937E-05 9.9937E-05 9.9937E-05 0.0102455 9.9937E-05 9.9937E-05 0.597797 0.0630822 9.9937E-05
0.0610692 0.137636 0.207412 9.9955E-05 0.00320828 0.0156666 0.00377556 9.9955E-05 0.00637791 9.9955E-05 9.9955E-05 9.9955E-05 0.478738 0.0502089 0.0354073
9.99281E-05 0.0473955 0.0994245 9.99281E-05 0.0547657 0.0134729 9.99281E-05 9.99281E-05 0.000482607 9.99281E-05 9.99281E-05 9.99281E-05 0.754069 0.0295904 9.99281E-05
9.9946E-05 0.00169194 0.22642 0.00417897 0.0201863 9.9946E-05 0.0224804 9.9946E-05 0.0486504 9.9946E-05 9.9946E-05 0.058961 0.557181 0.0596508 9.9946E-05
9.99281E-05 0.0183774 0.21867 9.99281E-05 9.99281E-05 0.0361435 9.99281E-05 9.99281E-05 0.0391396 9.99281E-05 0.135464 9.99281E-05 0.52911 9.99281E-05 0.0222962
9.99281E-05 9.99281E-05 9.99281E-05 9.99281E-05 9.99281E-05 9.99281E-05 9.99281E-05 9.99281E-05 0.0140238 0.0208433 0.0446067 0.0129077 0.748363 0.093277 0.0651789
0.0789217 9.99371E-05 9.99371E-05 0.0241262 9.99371E-05 9.99371E-05 0.0166257 0.00423355 9.99371E-05 0.0100483 9.99371E-05 0.122955 0.665136 9.99371E-05 0.0772538
9.9946E-05 9.9946E-05 9.9946E-05 9.9946E-05 0.0959474 0.0708609 0.0637209 0.0388001 0.00459328 0.0808882 0.0694421 9.9946E-05 0.531317 0.0438305 9.9946E-05
9.9973E-05 0.0359343 0.0123861 9.9973E-05 0.0548716 0.0188126 0.0523731 0.146235 0.0404661 0.053928 0.015116 0.0385616 0.492752 9.9973E-05 0.0382634
9.9955E-05 0.0461477 9.9955E-05 0.0565771 0.0211283 9.9955E-05 0.0561583 0.00390704 0.00740166 9.9955E-05 0.0438447 0.10223 0.512855 0.149251 9.9955E-05
9.9973E-05 0.0253829 0.0639602 9.9973E-05 0.0288916 0.0262065 0.0515721 0.126858 0.0346663 0.0622867 0.017975 0.0116472 0.481538 9.9973E-05 0.0687156
9.9928E-05 9.9928E-05 0.144559 9.9928E-05 9.9928E-05 0.0805422 9.9928E-05 9.9928E-05 0.0401566 9.9928E-05 0.0915263 0.0442541 0.588098 0.0100643 9.9928E-05
9.9937E-05 0.104783 0.056149 0.00767621 0.00783436 0.0802668 9.9937E-05 9.9937E-05 0.0149424 9.9937E-05 9.9937E-05 0.0492468 0.678402 9.9937E-05 9.9937E-05
9.9946E-05 0.121514 0.0593648 0.0332564 0.0132569 0.0357428 9.9946E-05 0.0106084 9.9946E-05 9.9946E-05 9.9946E-05 0.0438508 0.661486 0.0203198 9.9946E-05
0.0352654 9.99371E-05 9.99371E-05 0.0593458 0.0476197 9.99371E-05 9.99371E-05 0.00611949 0.043392 0.00523321 9.99371E-05 9.99371E-05 0.644661 9.99371E-05 0.157664
9.99281E-05 9.99281E-05 9.99281E-05 0.0502459 0.0534053 0.0404759 9.99281E-05 9.99281E-05 0.0248908 0.0338723 9.99281E-05 9.99281E-05 0.664267 9.99281E-05 0.132043
0.055555 0.168012 0.0959352 9.9946E-05 9.9946E-05 0.0285447 9.9946E-05 9.9946E-05 9.9946E-05 0.0196888 0.0628241 0.00380489 0.526351 9.9946E-05 0.0386848
9.9946E-05 0.0370609 0.116543 9.9946E-05 0.097154 9.9946E-05 0.0312677 9.9946E-05 0.0548688 0.0155207 0.0243797 0.0449248 0.57768 9.9946E-05 9.9946E-05
0.0251164 0.135296 0.0330035 0.0133427 0.0204369 0.105936 9.9955E-05 9.9955E-05 0.0206674 9.9955E-05 0.0661637 9.9955E-05 0.532629 9.9955E-05 0.0469086
9.9946E-05 0.00970454 9.9946E-05 0.0231021 0.00611675 0.0927335 9.9946E-05 0.0302277 0.0190647 9.9946E-05 0.000490794 9.9946E-05 0.776325 9.9946E-05 0.0416356
9.9964E-05 0.113848 0.0128015 0.0668344 0.0677766 0.0303154 0.0052357 0.00275578 9.9964E-05 9.9964E-05 9.9964E-05 0.0645309 0.596985 0.0136693 0.0248478
0.0189094 0.0691459 9.9955E-05 0.0842511 9.9955E-05 0.0475964 0.0206469 9.9955E-05 9.9955E-05 0.00264383 0.0117505 9.9955E-05 0.595009 0.0396596 0.109887
0.0465834 0.0660741 9.9946E-05 0.0980578 9.9946E-05 0.0735813 9.9946E-05 0.0527284 9.9946E-05 9.9946E-05 0.0217896 9.9946E-05 0.515735 0.0065654 0.118285
9.9928E-05 0.0677437 0.0869422 0.015738 9.9928E-05 0.0262518 9.9928E-05 9.9928E-05 0.0323996 0.0385569 9.9928E-05 9.9928E-05 0.731568 9.9928E-05 9.9928E-05
9.99281E-05 0.0573188 0.0527643 0.0760069 9.99281E-05 0.123127 9.99281E-05 9.99281E-05 9.99281E-05 9.99281E-05 0.059567 9.99281E-05 0.611316 0.0191011 9.99281E-05
0.00820316 9.9935E-05 9.9935E-05 0.0395056 0.0384615 9.9935E-05 9.9935E-05 0.0927487 9.9935E-05 0.0055635 9.9935E-05 0.0522239 0.762494 9.9935E-05 9.9935E-05
9.9937E-05 0.00331997 0.0599771 0.0429227 9.9937E-05 9.9937E-05 9.9937E-05 9.9937E-05 9.9937E-05 0.0351386 0.0218006 9.9937E-05 0.78581 0.0381398 0.012192
9.9946E-05 0.013438 0.0467203 9.9946E-05 0.011434 9.9946E-05 0.0412817 0.026095 9.9946E-05 0.0570281 0.0337451 9.9946E-05 0.734438 0.0352203 9.9946E-05
9.99281E-05 0.112157 0.0462959 0.0433448 9.99281E-05 9.99281E-05 9.99281E-05 9.99281E-05 0.0203044 9.99281E-05 0.0101481 9.99281E-05 0.743252 9.99281E-05 0.0236985
0.0092058 0.0604435 9.9946E-05 0.0238631 0.0370608 0.0171476 0.024913 0.0266085 0.0405393 9.9946E-05 9.9946E-05 9.9946E-05 0.759619 9.9946E-05 9.9946E-05
9.9919E-05 9.9919E-05 9.9919E-05 0.0356844 9.9919E-05 9.9919E-05 0.00858862 0.00322952 9.9919E-05 0.0482643 9.9919E-05 9.9919E-05 0.886053 0.0172807 9.9919E-05
9.99011E-05 9.99011E-05 0.0595092 9.99011E-05 9.99011E-05 9.99011E-05 9.99011E-05 9.99011E-05 9.99011E-05 0.0350829 0.0786388 9.99011E-05 0.82567 9.99011E-05 9.99011E-05
0.0483121 0.0145837 0.018051 0.0495096 9.9937E-05 9.9937E-05 9.9937E-05 9.9937E-05 0.0183594 0.043053 9.9937E-05 0.0536695 0.753762 9.9937E-05 9.9937E-05
9.99281E-05 9.99281E-05 9.99281E-05 9.99281E-05 9.99281E-05 0.0570057 9.99281E-05 9.99281E-05 0.00488993 0.000988804 0.0387875 0.0243247 0.775984 9.99281E-05 0.0972196
0.100446 9.9937E-05 9.9937E-05 9.9937E-05 9.9937E-05 0.0342946 0.00973924 0.0424124 0.0411374 0.0372988 9.9937E-05 0.0689855 0.664987 9.9937E-05 9.9937E-05
0.0533252 0.0971611 9.9937E-05 9.9937E-05 0.0909022 9.9937E-05 0.0288397 9.9937E-05 0.0230346 0.0239425 0.0378804 9.9937E-05 0.644215 9.9937E-05 9.9937E-05
0.0174345 9.9928E-05 0.185304 9.9928E-05 9.9928E-05 0.0329408 0.022657 9.9928E-05 9.9928E-05 9.9928E-05 9.9928E-05 9.9928E-05 0.671402 0.0563518 0.0131106
0.0127534 0.0975184 0.0556907 0.0173999 9.9946E-05 9.9946E-05 9.9946E-05 0.0207402 0.0340003 9.9946E-05 0.0417837 9.9946E-05 0.68478 9.9946E-05 0.0347333
0.0735879 9.99191E-05 0.101428 9.99191E-05 9.99191E-05 0.00596634 0.021525 9.99191E-05 9.99191E-05 9.99191E-05 9.99191E-05 9.99191E-05 0.739635 0.0569579 9.99191E-05
0.0464986 9.9937E-05 0.0365952 9.9937E-05 0.0869532 9.9937E-05 0.0264155 0.012054 9.9937E-05 9.9937E-05 9.9937E-05 0.0227417 0.709789 0.0582532 9.9937E-05
9.9928E-05 0.0466751 9.9928E-05 0.0586692 0.0395411 0.0700847 9.9928E-05 9.9928E-05 9.9928E-05 0.00676806 0.0146059 9.9928E-05 0.762856 9.9928E-05 9.9928E-05
9.99131E-05 9.99131E-05 9.99131E-05 9.99131E-05 9.99131E-05 0.0344565 0.062538 0.0624338 9.99131E-05 9.99131E-05 0.044336 9.99131E-05 0.795237 9.99131E-05 9.99131E-05
9.9937E-05 0.0875495 0.0651395 9.9937E-05 9.9937E-05 9.9937E-05 0.0594227 0.0416337 9.9937E-05 0.0728887 0.00928942 0.00638944 0.656988 9.9937E-05 9.9937E-05
0.0607514 0.00886784 9.9937E-05 0.0304373 9.9937E-05 9.9937E-05 9.9937E-05 0.00108408 9.9937E-05 0.0109007 9.9937E-05 0.0854627 0.733859 9.9937E-05 0.0679378
9.9955E-05 0.13068 0.20395 0.0688606 0.033752 9.9955E-05 0.0432059 0.038692 9.9955E-05 0.0507732 0.0372967 9.9955E-05 0.38226 0.0100291 9.9955E-05
0.0341496 0.0163913 0.174759 0.0228741 0.0342904 0.0927782 9.9973E-05 0.0765629 9.9973E-05 0.000547699 0.0153365 0.0290785 0.433433 0.0694981 9.9973E-05
0.078381 0.0223359 0.122035 0.0302936 0.0985031 9.9964E-05 0.0211472 0.0563815 9.9964E-05 9.9964E-05 0.0153343 0.0188706 0.489922 0.046396 9.9964E-05
9.9946E-05 0.0336268 0.214542 9.9946E-05 9.9946E-05 0.0736823 0.0299135 0.0578709 9.9946E-05 0.105745 0.0957562 9.9946E-05 0.33247 0.0557933 9.9946E-05
9.99101E-05 0.924737 9.99101E-05 9.99101E-05 9.99101E-05 0.0264715 9.99101E-05 9.99101E-05 9.99101E-05 0.00452739 9.99101E-05 0.000228734 9.99101E-05 9.99101E-05 0.0430364
9.98742E-05 0.998602 9.98742E-05 9.98742E-05 9.98742E-05 9.98742E-05 9.98742E-05 9.98742E-05 9.98742E-05 9.98742E-05 9.98742E-05 9.98742E-05 9.98742E-05 9.98742E-05 9.98742E-05
0.00399343 0.973022 9.99101E-05 0.00692486 9.99101E-05 9.99101E-05 0.0143818 9.99101E-05 9.99101E-05 9.99101E-05 0.000678941 9.99101E-05 9.99101E-05 9.99101E-05 9.99101E-05
9.98831E-05 0.994224 9.98831E-05 9.98831E-05 9.98831E-05 9.98831E-05 9.98831E-05 9.98831E-05 9.98831E-05 9.98831E-05 9.98831E-05 9.98831E-05 9.98831E-05 0.0044776 9.98831E-05
0.0244828 0.724782 0.076812 0.00868688 0.00941733 0.0413074 9.9955E-05 9.9955E-05 0.017702 9.9955E-05 0.0320318 0.0587805 9.9955E-05 9.9955E-05 0.00549767
9.98742E-05 0.998602 9.98742E-05 9.98742E-05 9.98742E-05 9.98742E-05 9.98742E-05 9.98742E-05 9.98742E-05 9.98742E-05 9.98742E-05 9.98742E-05 9.98742E-05 9.98742E-05 9.98742E-05
9.98742E-05 0.998602 9.98742E-05 9.98742E-05 9.98742E-05 9.98742E-05 9.98742E-05 9.98742E-05 9.98742E-05 9.98742E-05 9.98742E-05 9.98742E-05 9.98742E-05 9.98742E-05 9.98742E-05
9.99011E-05 0.962878 9.99011E-05 9.99011E-05 9.99011E-05 9.99011E-05 0.0118044 9.99011E-05 9.99011E-05 0.00706303 9.99011E-05 9.99011E-05 9.99011E-05 0.0171561 9.99011E-05
9.98742E-05 0.998602 9.98742E-05 9.98742E-05 9.98742E-05 9.98742E-05 9.98742E-05 9.98742E-05 9.98742E-05 9.98742E-05 9.98742E-05 9.98742E-05 9.98742E-05 9.98742E-05 9.98742E-05
9.98831E-05 0.993218 9.98831E-05 9.98831E-05 9.98831E-05 9.98831E-05 9.98831E-05 9.98831E-05 9.98831E-05 0.00548315 9.98831E-05 9.98831E-05 9.98831E-05 9.98831E-05 9.98831E-05
9.98742E-05 0.998602 9.98742E-05 9.98742E-05 9.98742E-05 9.98742E-05 9.98742E-05 9.98742E-05 9.98742E-05 9.98742E-05 9.98742E-05 9.98742E-05 9.98742E-05 9.98742E-05 9.98742E-05
9.98921E-05 0.989692 9.98921E-05 9.98921E-05 9.98921E-05 0.00708013 9.98921E-05 9.98921E-05 9.98921E-05 9.98921E-05 9.98921E-05 9.98921E-05 9.98921E-05 0.00202882 9.98921E-05
9.98831E-05 0.99579 9.98831E-05 9.98831E-05 9.98831E-05 9.98831E-05 9.98831E-05 0.00291119 9.98831E-05 9.98831E-05 9.98831E-05 9.98831E-05 9.98831E-05 9.98831E-05 9.98831E-05
0.0269319 0.963926 0.00794381 9.98921E-05 9.98921E-05 9.98921E-05 9.98921E-05 9.98921E-05 9.98921E-05 9.98921E-05 9.98921E-05 9.98921E-05 9.98921E-05 9.98921E-05 9.98921E-05
9.98742E-05 0.998602 9.98742E-05 9.98742E-05 9.98742E-05 9.98742E-05 9.98742E-05 9.98742E-05 9.98742E-05 9.98742E-05 9.98742E-05 9.98742E-05 9.98742E-05 9.98742E-05 9.98742E-05
9.9946E-05 0.51085 0.103007 9.9946E-05 0.0241432 0.0773452 9.9946E-05 9.9946E-05 0.0391012 0.0489484 0.00363113 9.9946E-05 0.160896 9.9946E-05 0.0314778
9.99101E-05 0.950299 9.99101E-05 9.99101E-05 0.0314319 9.99101E-05 0.0062301 9.99101E-05 9.99101E-05 9.99101E-05 9.99101E-05 0.0052811 9.99101E-05 9.99101E-05 0.00575867
9.98921E-05 0.976032 9.98921E-05 9.98921E-05 9.98921E-05 0.0122883 9.98921E-05 9.98921E-05 9.98921E-05 9.98921E-05 9.98921E-05 0.0104813 9.98921E-05 9.98921E-05 9.98921E-05
0.0714811 0.127012 0.449029 0.034038 0.109914 9.9928E-05 0.00343576 9.9928E-05 9.9928E-05 9.9928E-05 9.9928E-05 9.9928E-05 0.204291 9.9928E-05 9.9928E-05
0.0533158 0.0426957 0.394397 0.0694426 0.0479497 9.9937E-05 9.9937E-05 9.9937E-05 9.9937E-05 0.0498849 9.9937E-05 0.0059013 0.335714 9.9937E-05 9.9937E-05
0.0105607 0.0436983 0.426675 0.0579775 0.0467181 9.9928E-05 9.9928E-05 9.9928E-05 9.9928E-05 0.0935427 9.9928E-05 9.9928E-05 0.320028 9.9928E-05 9.9928E-05
0.0467853 0.116484 0.273106 0.0276188 0.0669071 0.0302912 9.9946E-05 9.9946E-05 9.9946E-05 0.045662 9.9946E-05 9.9946E-05 0.364785 0.0277605 9.9946E-05
0.0222677 0.109695 0.239372 0.0905153 0.0688666 9.9964E-05 9.9964E-05 0.0769635 0.0322801 0.0238403 9.9964E-05 0.0159541 0.241828 9.9964E-05 0.0780182
9.9937E-05 0.00398043 0.478199 0.00130077 0.0255922 0.046623 9.9937E-05 9.9937E-05 0.0377747 9.9937E-05 9.9937E-05 9.9937E-05 0.390038 9.9937E-05 0.0157927
0.0377548 0.12081 0.228133 0.12357 0.118256 0.0499909 0.00645371 9.9955E-05 0.0162695 9.9955E-05 0.0405192 9.9955E-05 0.257744 9.9955E-05 9.9955E-05
0.050152 0.0388965 0.377429 0.0670441 0.0451489 9.9937E-05 9.9937E-05 9.9937E-05 9.9937E-05 0.0497121 9.9937E-05 0.0062511 0.364667 9.9937E-05 9.9937E-05
9.9955E-05 0.0753376 0.398892 0.0348277 0.119869 0.0242508 9.9955E-05 0.02315 9.9955E-05 0.0272566 0.0101509 9.9955E-05 0.261138 0.0246272 9.9955E-05
0.00958563 0.0545838 0.520008 9.9946E-05 0.0235355 9.9946E-05 9.9946E-05 0.0433349 0.00814695 0.1389 0.0168397 9.9946E-05 0.184466 9.9946E-05 9.9946E-05
0.0459844 0.0294237 0.248491 0.102093 9.9982E-05 0.148351 0.00826052 0.00986919 0.0429573 0.0799444 0.0237965 0.0272076 0.209171 0.0242504 9.9982E-05
9.9973E-05 9.9973E-05 0.339818 0.0964268 0.00294294 0.143229 9.9973E-05 0.0161937 0.0326609 0.0382299 0.0150978 0.0249333 0.218866 0.0260343 0.0452683
0.0132669 0.221008 0.177801 0.0735395 0.155279 9.9946E-05 9.9946E-05 9.9946E-05 9.9946E-05 0.0289182 0.00477866 9.9946E-05 0.253708 9.9946E-05 0.0711014
0.0544845 0.0218805 0.305689 0.0148956 0.0434383 0.0464302 0.0136022 0.026391 0.0780387 0.0660297 9.9982E-05 9.9982E-05 0.227539 0.0293446 0.0720369
0.0708017 0.108088 0.332954 0.0506005 9.9946E-05 9.9946E-05 0.111863 9.9946E-05 9.9946E-05 0.0329225 9.9946E-05 0.0453563 0.211135 0.0356788 9.9946E-05
0.0194719 0.0199127 0.333397 0.0990223 0.0458017 9.9973E-05 9.9973E-05 0.0320982 9.9973E-05 0.0893681 0.00157883 0.0559196 0.273993 0.0278418 0.00129461
0.0692117 0.0993474 0.244413 0.111893 0.0712024 0.0589044 0.0642492 9.9964E-05 0.00631046 9.9964E-05 0.00096824 9.9964E-05 0.211983 0.0611175 9.9964E-05
0.0932566 0.00919987 0.358135 0.0523105 0.0105755 9.9982E-05 0.0373007 0.014752 9.9982E-05 0.0881717 0.0255472 0.000420589 0.236148 0.0704765 0.0035051
9.99281E-05 0.0829938 0.61102 9.99281E-05 9.99281E-05 0.00292524 0.0408268 9.99281E-05 9.99281E-05 9.99281E-05 0.0290033 9.99281E-05 0.119295 9.99281E-05 0.113137
0.0423082 0.139812 0.454835 0.010839 9.9955E-05 9.9955E-05 0.042655 0.0203147 9.9955E-05 0.0445805 9.9955E-05 0.030476 0.205948 0.00773169 9.9955E-05
0.00707609 0.0678081 0.633271 0.03524 0.124148 9.9955E-05 9.9955E-05 9.9955E-05 9.9955E-05 0.0208303 0.00748368 0.00502321 0.0974372 0.00118199 9.9955E-05
0.017248 9.99281E-05 0.564313 0.00733311 9.99281E-05 0.0577215 0.0200788 9.99281E-05 9.99281E-05 9.99281E-05 9.99281E-05 9.99281E-05 0.238275 9.99281E-05 0.0942304
0.0566665 0.109981 0.492448 0.0137565 0.122734 9.9946E-05 9.9946E-05 9.9946E-05 0.013522 9.9946E-05 0.0374745 9.9946E-05 0.114305 0.038513 9.9946E-05
0.0316942 0.0458635 0.488199 9.9955E-05 0.107574 0.0639083 9.9955E-05 9.9955E-05 9.9955E-05 0.0494214 0.0349867 9.9955E-05 0.0811577 0.0337517 0.0629442
0.0022958 0.108811 0.629511 0.0615569 9.9955E-05 9.9955E-05 9.9955E-05 0.0949823 0.00862607 0.0524672 9.9955E-05 0.00497309 0.0210762 9.9955E-05 0.0152006
0.0306561 0.0321063 0.549357 0.0390892 0.0716501 0.0507484 0.00339392 0.0344195 0.0544809 9.9964E-05 9.9964E-05 9.9964E-05 0.0577293 0.075969 9.9964E-05
0.0416238 0.159715 0.336328 9.9946E-05 9.9946E-05 0.114637 9.9946E-05 9.9946E-05 0.0127458 0.0131382 0.0239225 9.9946E-05 0.295616 0.00167419 9.9946E-05
0.0185482 0.09629 0.693718 0.00018002 0.105935 9.9946E-05 9.9946E-05 9.9946E-05 0.0252561 9.9946E-05 0.0202828 9.9946E-05 0.0239212 0.0152693 9.9946E-05
9.9964E-05 0.059986 0.393537 0.0452456 0.0763302 9.9964E-05 0.0119448 0.0668591 0.0556175 0.0495719 9.9964E-05 0.00181128 0.202668 9.9964E-05 0.0360288
9.9928E-05 0.104124 0.53874 9.9928E-05 9.9928E-05 0.119081 9.9928E-05 9.9928E-05 9.9928E-05 9.9928E-05 0.00279064 9.9928E-05 0.142493 0.0453825 0.0465902
0.0241002 9.99191E-05 0.743358 9.99191E-05 0.0405024 9.99191E-05 9.99191E-05 9.99191E-05 0.0770561 9.99191E-05 0.00706255 9.99191E-05 0.107022 9.99191E-05 9.99191E-05
0.073082 0.0835049 0.595587 9.9928E-05 0.044996 9.9928E-05 9.9928E-05 0.0749802 0.0532304 9.9928E-05 9.9928E-05 9.9928E-05 0.0738205 9.9928E-05 9.9928E-05
9.99281E-05 9.99281E-05 0.591754 9.99281E-05 0.0441107 9.99281E-05 9.99281E-05 0.104762 0.0638487 9.99281E-05 0.0695312 9.99281E-05 9.99281E-05 0.0125158 0.112679
0.0844376 0.0921763 0.529642 0.0804417 0.0545265 0.0634696 9.9937E-05 9.9937E-05 9.9937E-05 9.9937E-05 0.0325352 9.9937E-05 0.0620716 9.9937E-05 9.9937E-05
9.9937E-05 0.0790858 0.662919 0.0280961 0.0610243 9.9937E-05 9.9937E-05 0.0338624 9.9937E-05 9.9937E-05 0.00133013 9.9937E-05 0.111984 0.0209979 9.9937E-05
9.9946E-05 0.0431693 0.633083 0.00585722 9.9946E-05 9.9946E-05 9.9946E-05 0.0618865 0.0172343 9.9946E-05 9.9946E-05 0.0444171 0.0716324 0.067929 0.0541918
0.06694 0.0525113 0.523006 9.9928E-05 0.0785108 9.9928E-05 9.9928E-05 0.0204399 9.9928E-05 9.9928E-05 0.0201831 9.9928E-05 0.237609 9.9928E-05 9.9928E-05
0.00921023 9.9946E-05 0.737912 0.0649278 0.0433724 0.0303859 9.9946E-05 0.0348663 9.9946E-05 9.9946E-05 9.9946E-05 0.0137406 0.0276563 9.9946E-05 0.0373288
9.99101E-05 0.122571 0.728917 0.0372564 0.068655 9.99101E-05 9.99101E-05 9.99101E-05 9.99101E-05 9.99101E-05 9.99101E-05 9.99101E-05 0.0416019 9.99101E-05 9.99101E-05
9.99281E-05 0.0146449 0.847258 9.99281E-05 0.0508699 9.99281E-05 9.99281E-05 0.0114349 0.0136284 9.99281E-05 9.99281E-05 0.0024155 0.0589491 9.99281E-05 9.99281E-05
9.99101E-05 0.0774824 0.806329 0.0394072 0.0517865 9.99101E-05 9.99101E-05 9.99101E-05 9.99101E-05 9.99101E-05 9.99101E-05 9.99101E-05 0.0239954 9.99101E-05 9.99101E-05
9.9928E-05 0.051257 0.464462 0.0535852 9.9928E-05 9.9928E-05 9.9928E-05 9.9928E-05 9.9928E-05 0.0627339 0.0108411 9.9928E-05 0.306774 0.0495474 9.9928E-05
9.9928E-05 0.0861428 0.752492 0.0259767 0.0242739 9.9928E-05 0.0192765 9.9928E-05 9.9928E-05 9.9928E-05 9.9928E-05 9.9928E-05 0.0337469 0.0572921 9.9928E-05
9.9937E-05 0.122562 0.675856 0.0267587 0.0326829 9.9937E-05 0.0475418 9.9937E-05 0.00551922 9.9937E-05 9.9937E-05 9.9937E-05 0.0337458 0.0546341 9.9937E-05
9.9937E-05 0.116484 0.646927 0.00378517 0.0510673 9.9937E-05 0.0461056 9.9937E-05 0.0113031 9.9937E-05 9.9937E-05 9.9937E-05 0.0720369 0.0515918 9.9937E-05
9.99101E-05 0.0749552 0.728577 9.99101E-05 9.99101E-05 0.0760116 9.99101E-05 9.99101E-05 9.99101E-05 0.0380012 9.99101E-05 9.99101E-05 9.99101E-05 9.99101E-05 0.0814564
0.0158494 0.0949121 0.688734 0.0161686 0.0259066 0.0535848 9.9946E-05 9.9946E-05 9.9946E-05 0.0415102 9.9946E-05 9.9946E-05 0.0222781 9.9946E-05 0.0404563
9.9928E-05 0.128266 0.679271 0.0205703 0.0600238 9.9928E-05 0.0180261 9.9928E-05 0.00681654 9.9928E-05 9.9928E-05 9.9928E-05 9.9928E-05 0.0862262 9.9928E-05
9.99191E-05 0.128293 0.727451 0.0168056 0.0517307 9.99191E-05 9.99191E-05 9.99191E-05 0.0267713 9.99191E-05 9.99191E-05 9.99191E-05 9.99191E-05 0.0480496 9.99191E-05
9.9955E-05 0.0076349 0.667382 0.0390828 0.00923966 0.00979336 9.9955E-05 0.00696388 9.9955E-05 9.9955E-05 0.0293927 0.0403373 0.122636 0.0670376 9.9955E-05
9.9937E-05 0.0787877 0.65317 0.0443933 0.00289548 9.9937E-05 9.9937E-05 9.9937E-05 0.0048336 9.9937E-05 9.9937E-05 0.0653077 0.12554 0.0243728 9.9937E-05
9.9937E-05 0.0556878 0.449048 9.9937E-05 0.0212881 0.0365809 9.9937E-05 9.9937E-05 0.0753843 9.9937E-05 9.9937E-05 0.0460299 0.196416 9.9937E-05 0.118866
9.99191E-05 0.0589884 0.677099 9.99191E-05 0.0875267 9.99191E-05 9.99191E-05 9.99191E-05 0.028881 9.99191E-05 9.99191E-05 0.00558766 0.141018 9.99191E-05 9.99191E-05
9.9928E-05 0.028906 0.679029 0.0168088 0.043318 0.0466448 9.9928E-05 9.9928E-05 9.9928E-05 9.9928E-05 9.9928E-05 0.0173162 0.167178 9.9928E-05 9.9928E-05
0.0205582 0.175263 0.554751 0.0404504 0.0604733 9.9946E-05 9.9946E-05 9.9946E-05 0.0267897 9.9946E-05 9.9946E-05 0.00277683 0.110227 0.00811041 9.9946E-05
9.9946E-05 0.0239563 0.586274 0.107003 9.9946E-05 9.9946E-05 0.0249982 9.9946E-05 9.9946E-05 9.9946E-05 0.0547505 0.0678743 0.0753007 0.0272137 0.032029
0.0574109 0.0543117 0.531035 0.00946259 0.027971 9.9946E-05 9.9946E-05 0.0440812 0.0619282 9.9946E-05 9.9946E-05 9.9946E-05 0.135835 9.9946E-05 0.0773646
9.9946E-05 0.00480183 0.441665 9.9946E-05 0.151268 9.9946E-05 9.9946E-05 0.0703332 0.0120122 0.0690333 9.9946E-05 9.9946E-05 0.0940075 0.0826622 0.0736178
0.00543248 0.0244913 0.406627 0.04452 0.12562 0.00413834 9.9973E-05 0.0329964 0.0175576 0.0714528 9.9973E-05 9.9973E-05 0.0900276 0.0831425 0.093694
0.059219 0.0439957 0.607995 0.0321817 0.0927135 9.9964E-05 9.9964E-05 0.00146371 0.0512678 0.0152866 9.9964E-05 0.0116019 0.0767434 0.00713184 9.9964E-05
0.0232132 0.00829643 0.546679 0.0395054 0.0688542 0.00495634 9.9937E-05 9.9937E-05 9.9937E-05 9.9937E-05 9.9937E-05 9.9937E-05 0.254801 9.9937E-05 0.0529942
9.9928E-05 0.0236793 0.585273 0.0554679 0.0903962 9.9928E-05 9.9928E-05 9.9928E-05 9.9928E-05 9.9928E-05 0.00912304 9.9928E-05 0.230931 0.00433005 9.9928E-05
9.9955E-05 0.13318 0.327771 9.9955E-05 0.166474 0.0775651 9.9955E-05 0.0295938 0.0578624 0.0439579 0.0199513 9.9955E-05 0.0612769 0.0818684 9.9955E-05
9.9946E-05 0.206936 0.431433 9.9946E-05 0.140549 0.000266933 9.9946E-05 0.0344609 0.0641587 9.9946E-05 0.0288294 9.9946E-05 0.0579552 0.0348108 9.9946E-05
9.9955E-05 0.13537 0.42985 9.9955E-05 0.114813 0.0328762 9.9955E-05 0.0680793 0.0635838 0.000194498 0.0195804 9.9955E-05 0.0737479 0.061405 9.9955E-05
0.0571313 0.148798 0.276444 0.0487557 0.0497659 9.9964E-05 0.060552 0.0373712 9.9964E-05 9.9964E-05 0.00098937 0.0158062 0.229652 9.9964E-05 0.0743347
9.9973E-05 0.0929553 0.418643 0.0720679 0.038591 0.0324021 0.0362422 0.0162443 0.109142 0.0619643 9.9973E-05 0.00473632 0.0601721 9.9973E-05 0.0565387
0.060805 0.0639016 0.359848 0.015883 9.9937E-05 9.9937E-05 9.9937E-05 9.9937E-05 0.00476924 9.9937E-05 9.9937E-05 9.9937E-05 0.215183 0.078821 0.20009
0.029416 0.102405 0.347176 0.0724722 0.0136748 9.9946E-05 9.9946E-05 9.9946E-05 0.0304301 9.9946E-05 9.9946E-05 9.9946E-05 0.132179 0.0848612 0.186787
9.9964E-05 0.0453382 0.551131 0.032891 9.9964E-05 9.9964E-05 0.0539758 0.0298585 0.0211721 0.026201 0.00394348 0.069764 0.0908947 0.0744304 9.9964E-05
0.0266844 0.0294987 0.541157 0.0577818 0.0136516 9.9946E-05 9.9946E-05 0.014657 9.9946E-05 9.9946E-05 0.0125482 9.9946E-05 0.293824 0.00959676 9.9946E-05
0.114584 0.0426087 0.273179 9.9973E-05 0.152348 9.9973E-05 0.0304914 0.08779 0.016059 0.0515364 0.0164037 9.9973E-05 0.102534 0.0309282 0.0812378
0.0680539 0.0421329 0.604845 0.0213002 0.023345 9.9964E-05 9.9964E-05 0.0154707 0.0693417 0.00856533 9.9964E-05 0.0146994 0.0846746 9.9964E-05 0.047171
9.9937E-05 9.9937E-05 0.318135 0.0670524 0.0229638 0.103106 9.9937E-05 9.9937E-05 0.017958 9.9937E-05 9.9937E-05 9.9937E-05 0.151813 0.154159 0.164113
0.028165 0.0238257 0.357058 0.0210889 0.115718 9.9955E-05 9.9955E-05 0.0769482 0.0383872 0.0344545 9.9955E-05 0.11999 0.183864 9.9955E-05 9.9955E-05
0.0563246 9.99191E-05 0.818503 9.99191E-05 0.00367881 0.0378746 0.0731899 9.99191E-05 0.00952976 9.99191E-05 9.99191E-05 9.99191E-05 9.99191E-05 9.99191E-05 9.99191E-05
0.0538219 9.99191E-05 0.805461 9.99191E-05 9.99191E-05 0.0577865 0.0766171 9.99191E-05 0.0046731 0.000741471 9.99191E-05 9.99191E-05 9.99191E-05 9.99191E-05 9.99191E-05
0.0562686 9.99011E-05 0.800161 9.99011E-05 9.99011E-05 0.0378978 0.104574 9.99011E-05 9.99011E-05 9.99011E-05 9.99011E-05 9.99011E-05 9.99011E-05 9.99011E-05 9.99011E-05
