0.0301263 0.661512 0.0636418 0.0258787 0.0321558 9.9982E-05 0.0255756 9.9982E-05 0.00654247 0.154367
9.9937E-05 0.744712 9.9937E-05 9.9937E-05 9.9937E-05 0.117146 9.9937E-05 0.137443 9.9937E-05 9.9937E-05
9.99201E-05 0.999101 9.99201E-05 9.99201E-05 9.99201E-05 9.99201E-05 9.99201E-05 9.99201E-05 9.99201E-05 9.99201E-05
0.0680401 0.723214 9.9955E-05 0.000466353 9.9955E-05 9.9955E-05 0.0967418 0.111038 9.9955E-05 9.9955E-05
0.0887867 0.735522 0.0425973 9.9964E-05 0.0156836 0.055135 0.0618757 9.9964E-05 9.9964E-05 9.9964E-05
0.161165 0.751024 0.0116054 0.0631169 9.9955E-05 9.9955E-05 9.9955E-05 9.9955E-05 0.0125887 9.9955E-05
0.101592 0.669399 9.9955E-05 9.9955E-05 0.0468637 9.9955E-05 9.9955E-05 9.9955E-05 0.010449 0.171197
0.0472719 0.903008 9.9937E-05 9.9937E-05 9.9937E-05 0.0490203 9.9937E-05 9.9937E-05 9.9937E-05 9.9937E-05
0.0245256 0.843631 9.9955E-05 0.0189278 9.9955E-05 9.9955E-05 0.0773842 9.9955E-05 0.0350314 9.9955E-05
9.9937E-05 0.889946 9.9937E-05 9.9937E-05 9.9937E-05 0.0576062 9.9937E-05 0.0517487 9.9937E-05 9.9937E-05
9.9946E-05 0.724088 0.148733 9.9946E-05 9.9946E-05 0.119259 0.00731958 9.9946E-05 9.9946E-05 9.9946E-05
0.125113 0.12417 9.9946E-05 9.9946E-05 9.9946E-05 9.9946E-05 9.9946E-05 0.735493 0.0146246 9.9946E-05
9.9964E-05 0.119868 0.0263358 0.116481 9.9964E-05 0.103386 9.9964E-05 0.617845 0.0156844 9.9964E-05
0.169017 0.163568 9.9964E-05 9.9964E-05 9.9964E-05 9.9964E-05 0.0366915 0.429014 0.0331444 0.168165
0.221768 0.116983 9.9955E-05 9.9955E-05 0.00151477 9.9955E-05 9.9955E-05 0.348706 9.9955E-05 0.310529
0.323779 0.0158504 9.9955E-05 0.143167 9.9955E-05 9.9955E-05 9.9955E-05 0.498304 0.0183999 9.9955E-05
0.0115688 0.192326 9.9955E-05 9.9955E-05 9.9955E-05 9.9955E-05 9.9955E-05 0.554175 0.0497141 0.191716
0.1632 0.0616403 9.9964E-05 0.258158 9.9964E-05 0.0154514 9.9964E-05 0.457811 0.0433399 9.9964E-05
0.228095 0.0624132 9.9982E-05 0.0668607 0.00687549 0.00456413 9.9982E-05 0.558645 0.0669252 0.00542078
0.388355 0.0594476 0.0157905 0.147145 9.9964E-05 9.9964E-05 9.9964E-05 0.342998 0.0458633 9.9964E-05
0.135054 0.0142857 9.9973E-05 9.9973E-05 0.0642606 0.0762608 9.9973E-05 0.457198 0.0590451 0.193595
9.9946E-05 9.9946E-05 0.284456 0.0920391 9.9946E-05 9.9946E-05 0.107264 0.515641 9.9946E-05 9.9946E-05
0.14749 9.9955E-05 9.9955E-05 0.109145 0.0207065 9.9955E-05 0.0693501 0.652809 9.9955E-05 9.9955E-05
0.0318406 0.0406268 9.9973E-05 0.016929 0.0333577 0.113914 9.9973E-05 0.722195 9.9973E-05 0.040837
9.9946E-05 9.9946E-05 0.118165 9.9946E-05 0.000854235 9.9946E-05 0.128054 0.752327 9.9946E-05 9.9946E-05
0.0822297 9.9964E-05 0.119569 0.00658652 9.9964E-05 9.9964E-05 0.168952 0.506386 9.9964E-05 0.115877
0.111818 9.9964E-05 0.238242 0.0160153 9.9964E-05 0.0933511 0.123663 0.416511 9.9964E-05 9.9964E-05
9.9928E-05 9.9928E-05 9.9928E-05 9.9928E-05 9.9928E-05 9.9928E-05 0.141783 0.857417 9.9928E-05 9.9928E-05
9.9964E-05 9.9964E-05 0.0685152 9.9964E-05 9.9964E-05 0.00426182 0.0418294 0.662956 0.0070022 0.215035
0.0894632 9.9937E-05 0.0431066 9.9937E-05 9.9937E-05 9.9937E-05 9.9937E-05 0.866731 9.9937E-05 9.9937E-05
9.9964E-05 9.9964E-05 0.115457 0.409399 9.9964E-05 0.0187392 0.0964008 0.123694 9.9964E-05 0.23591
0.00332275 0.127022 0.0564766 0.3729 9.9973E-05 9.9973E-05 9.9973E-05 0.00970394 0.0456387 0.384636
9.9973E-05 0.0364479 0.230205 0.0132539 9.9973E-05 0.194624 0.0962435 0.203482 0.225444 9.9973E-05
0.156798 9.9955E-05 9.9955E-05 0.321927 0.0155506 9.9955E-05 9.9955E-05 0.196157 0.309068 9.9955E-05
0.187781 0.0302414 0.0474694 0.157509 0.0599802 0.0242688 0.125368 0.121186 0.246097 9.9991E-05
9.9955E-05 9.9955E-05 9.9955E-05 0.336212 9.9955E-05 0.0842481 9.9955E-05 0.0816538 0.297687 0.1997
0.19839 0.0809606 0.133782 0.054826 9.9964E-05 9.9964E-05 9.9964E-05 0.387645 0.143997 9.9964E-05
0.359166 9.9964E-05 0.0198435 0.0702109 0.0721301 9.9964E-05 9.9964E-05 0.402484 0.0757659 9.9964E-05
9.99201E-05 9.99201E-05 9.99201E-05 9.99201E-05 9.99201E-05 9.99201E-05 9.99201E-05 9.99201E-05 0.999101 9.99201E-05
0.116483 0.0549645 9.9955E-05 9.9955E-05 0.00193204 0.0217207 9.9955E-05 9.9955E-05 0.8044 9.9955E-05
9.9973E-05 0.0916358 0.110743 0.102998 9.9973E-05 0.0674317 9.9973E-05 0.224621 0.293174 0.109097
0.00715861 0.0130982 9.9973E-05 0.163024 9.9973E-05 9.9973E-05 0.133255 0.0686034 0.473634 0.140927
9.9964E-05 0.0260924 9.9964E-05 0.042483 9.9964E-05 0.163827 9.9964E-05 0.332691 0.259137 0.17537
0.117433 0.0148104 0.286654 0.0237654 9.9964E-05 9.9964E-05 9.9964E-05 0.416496 0.140441 9.9964E-05
9.9964E-05 0.012642 9.9964E-05 0.110919 9.9964E-05 0.084159 0.198451 9.9964E-05 0.520837 0.0725915
9.9946E-05 9.9946E-05 0.210006 0.615533 9.9946E-05 0.148385 9.9946E-05 0.0254757 9.9946E-05 9.9946E-05
0.0957039 9.9955E-05 0.221479 0.606069 0.0462731 9.9955E-05 0.0299745 9.9955E-05 9.9955E-05 9.9955E-05
0.177243 0.0985108 0.239185 0.268368 0.000364381 9.9982E-05 9.9982E-05 0.028565 0.0468214 0.140742
0.0126496 0.0116612 0.137599 0.613166 9.9973E-05 9.9973E-05 9.9973E-05 0.101867 0.00508398 0.117673
9.9946E-05 9.9946E-05 0.0559657 0.726175 9.9946E-05 9.9946E-05 0.167577 9.9946E-05 0.0496835 9.9946E-05
0.0311293 9.9964E-05 9.9964E-05 0.530338 9.9964E-05 0.0016465 0.049899 9.9964E-05 0.0175233 0.369064
9.9964E-05 0.0173831 9.9964E-05 0.658693 9.9964E-05 0.100464 0.139423 0.0812947 9.9964E-05 0.0023417
9.9928E-05 9.9928E-05 9.9928E-05 0.993576 9.9928E-05 9.9928E-05 9.9928E-05 9.9928E-05 0.00562414 9.9928E-05
9.9964E-05 9.9964E-05 0.227399 0.308542 9.9964E-05 0.0825956 0.182592 0.0955378 9.9964E-05 0.102932
9.9964E-05 0.0880992 9.9964E-05 0.557151 0.0300398 9.9964E-05 9.9964E-05 0.122063 0.011262 0.190985
9.9955E-05 9.9955E-05 9.9955E-05 0.595484 0.0151884 0.00994471 0.0718739 9.9955E-05 9.9955E-05 0.307009
9.9964E-05 9.9964E-05 0.0646973 0.514195 0.043558 0.0482601 0.157881 9.9964E-05 9.9964E-05 0.171008
9.9955E-05 9.9955E-05 0.0193924 0.737982 9.9955E-05 0.0526698 9.9955E-05 0.138759 9.9955E-05 0.050697
0.034949 0.0901811 0.30924 0.492914 9.9964E-05 9.9964E-05 9.9964E-05 9.9964E-05 0.0570656 0.0152506
0.0560228 0.0659693 0.0106107 0.681998 9.9964E-05 9.9964E-05 9.9964E-05 0.171238 9.9964E-05 0.0137611
0.141378 9.9946E-05 0.0188738 0.763571 9.9946E-05 9.9946E-05 9.9946E-05 9.9946E-05 0.0755781 9.9946E-05
0.113896 9.9946E-05 0.48936 0.387515 0.0086295 9.9946E-05 9.9946E-05 9.9946E-05 9.9946E-05 9.9946E-05
9.9964E-05 9.9964E-05 0.0265007 0.155435 0.00645152 9.9964E-05 0.134717 0.109252 9.9964E-05 0.567243
0.131172 9.9964E-05 0.196035 0.0229844 0.0189073 9.9964E-05 9.9964E-05 9.9964E-05 0.00466752 0.625834
9.9964E-05 0.0334846 0.268497 9.9964E-05 9.9964E-05 0.0295435 9.9964E-05 0.220143 0.0646883 0.383244
0.0741649 9.9973E-05 9.9973E-05 0.00780958 0.034875 0.0481952 9.9973E-05 0.0390175 0.00288616 0.792752
9.9955E-05 9.9955E-05 0.0194878 9.9955E-05 0.0688423 0.0788108 9.9955E-05 0.190844 9.9955E-05 0.641516
9.9937E-05 9.9937E-05 0.155307 0.0685041 9.9937E-05 9.9937E-05 9.9937E-05 9.9937E-05 9.9937E-05 0.775489
9.9937E-05 9.9937E-05 0.140656 0.0363027 9.9937E-05 9.9937E-05 9.9937E-05 9.9937E-05 9.9937E-05 0.822342
0.1172 0.0173058 9.9964E-05 9.9964E-05 0.00981478 0.0934914 0.00402394 9.9964E-05 9.9964E-05 0.757765
0.165079 9.9946E-05 0.192835 9.9946E-05 0.0288729 9.9946E-05 9.9946E-05 9.9946E-05 9.9946E-05 0.612613
0.0617155 0.0181669 0.0668254 0.0262267 9.9982E-05 9.9982E-05 0.030123 0.0353289 0.0237591 0.737654
9.9955E-05 0.0226492 9.9955E-05 9.9955E-05 9.9955E-05 0.0367977 0.0859462 9.9955E-05 0.0516214 0.802486
9.9973E-05 0.0453105 0.0265045 0.0291707 9.9973E-05 0.0896739 9.9973E-05 0.177644 0.0147847 0.616612
9.9973E-05 0.0433262 0.057882 0.10566 0.0137882 9.9973E-05 9.9973E-05 0.0471768 0.00208344 0.729783
0.0321762 9.9955E-05 9.9955E-05 0.0691485 9.9955E-05 0.0838132 9.9955E-05 9.9955E-05 0.0595102 0.754852
9.9937E-05 9.9937E-05 0.03524 9.9937E-05 9.9937E-05 0.106812 9.9937E-05 9.9937E-05 9.9937E-05 0.857249
0.0927368 9.9973E-05 0.112451 0.125857 9.9973E-05 0.230784 0.0175904 9.9973E-05 0.0512353 0.369046
0.0386924 0.131776 0.068785 0.00427411 9.9973E-05 0.0238919 9.9973E-05 9.9973E-05 0.00108583 0.731195
9.9973E-05 0.0858798 0.0583293 0.0558074 9.9973E-05 0.164727 9.9973E-05 0.196626 0.023199 0.415131
9.9946E-05 0.0780797 0.0983158 9.9946E-05 9.9946E-05 0.156217 9.9946E-05 9.9946E-05 9.9946E-05 0.666788
0.13964 9.9955E-05 0.287305 0.0829474 9.9955E-05 9.9955E-05 9.9955E-05 9.9955E-05 0.00534275 0.484265
9.9964E-05 0.140432 0.470847 9.9964E-05 9.9964E-05 0.0162273 0.00789319 0.125251 9.9964E-05 0.23895
0.179781 0.0245009 0.399341 0.00600398 0.0148955 0.0116408 9.9982E-05 0.048449 9.9982E-05 0.315188
0.0122702 9.9964E-05 0.42836 9.9964E-05 0.0308603 0.113152 0.0195649 9.9964E-05 9.9964E-05 0.395393
9.9955E-05 0.137933 0.460473 9.9955E-05 9.9955E-05 9.9955E-05 0.112754 0.0636793 9.9955E-05 0.224661
9.9964E-05 0.0326133 0.589145 9.9964E-05 9.9964E-05 0.0539414 0.129694 0.0388905 9.9964E-05 0.155315
0.0432022 9.9973E-05 0.627469 0.0951173 0.0224127 0.0942142 9.9973E-05 0.0429009 9.9973E-05 0.0743838
0.101732 9.9928E-05 0.897469 9.9928E-05 9.9928E-05 9.9928E-05 9.9928E-05 9.9928E-05 9.9928E-05 9.9928E-05
9.99281E-05 9.99281E-05 0.904929 9.99281E-05 9.99281E-05 0.0942714 9.99281E-05 9.99281E-05 9.99281E-05 9.99281E-05
0.108484 0.033461 0.852141 9.9946E-05 9.9946E-05 9.9946E-05 9.9946E-05 0.00531429 9.9946E-05 9.9946E-05
0.116599 0.0659177 0.772758 0.0167814 9.9955E-05 9.9955E-05 9.9955E-05 0.027444 9.9955E-05 9.9955E-05
0.0540104 0.00978912 0.471313 0.29647 0.0278073 9.9964E-05 9.9964E-05 9.9964E-05 0.14021 9.9964E-05
0.0311136 9.9973E-05 0.703036 0.0967803 0.0579299 0.00155863 0.0336781 0.0756039 9.9973E-05 9.9973E-05
9.9946E-05 0.0309486 0.779983 9.9946E-05 9.9946E-05 9.9946E-05 0.175105 9.9946E-05 0.0133638 9.9946E-05
9.9955E-05 9.9955E-05 0.833914 0.0564239 9.9955E-05 0.0700093 9.9955E-05 9.9955E-05 0.0303777 0.00877492
9.9955E-05 0.0297956 0.660773 9.9955E-05 9.9955E-05 0.146099 9.9955E-05 9.9955E-05 0.00482483 0.158007
9.9964E-05 0.0401246 0.647813 9.9964E-05 9.9964E-05 0.132625 9.9964E-05 0.0593585 0.0456447 0.0740347
9.9973E-05 0.117169 0.487789 0.0254029 0.0253111 9.9973E-05 0.237701 9.9973E-05 0.0668421 0.0394846
9.9973E-05 0.0509961 0.662983 9.9973E-05 0.00977961 0.0379633 0.0679634 0.0503547 9.9973E-05 0.11966
9.9964E-05 0.0637741 0.500257 0.102901 9.9964E-05 9.9964E-05 0.0321856 9.9964E-05 0.00540601 0.295076
0.0720885 0.0600604 0.431241 0.0215532 0.0186567 9.9973E-05 9.9973E-05 9.9973E-05 0.0271752 0.368925
0.187972 0.0310331 0.572718 0.162379 9.9964E-05 9.9964E-05 9.9964E-05 0.0198013 9.9964E-05 0.0256968
9.9946E-05 9.9946E-05 0.761487 9.9946E-05 0.00690515 9.9946E-05 0.0659571 0.165051 9.9946E-05 9.9946E-05
0.0983522 9.9946E-05 0.557579 9.9946E-05 9.9946E-05 9.9946E-05 0.10545 9.9946E-05 9.9946E-05 0.23802
0.0417906 9.9946E-05 0.614175 9.9946E-05 9.9946E-05 0.0920709 9.9946E-05 9.9946E-05 9.9946E-05 0.251364
0.170628 9.9982E-05 0.0261399 0.0691936 0.0234073 0.0570124 0.157394 0.0340631 9.9982E-05 0.461962
9.9973E-05 0.0607612 0.235787 9.9973E-05 0.0198769 0.331324 0.00704823 0.0381834 9.9973E-05 0.306719
0.0598646 0.060247 0.21473 9.9973E-05 0.0222706 0.178685 9.9973E-05 0.00303641 9.9973E-05 0.460867
9.9955E-05 9.9955E-05 0.180134 9.9955E-05 9.9955E-05 0.146657 0.199572 0.076463 9.9955E-05 0.396674
0.395844 9.9964E-05 0.0408702 9.9964E-05 9.9964E-05 0.257783 0.229425 0.0702273 9.9964E-05 0.00545032
0.274479 9.9982E-05 0.0305418 0.0546757 9.9982E-05 0.157984 0.222575 0.14083 0.0140062 0.104708
0.652938 9.9946E-05 9.9946E-05 9.9946E-05 9.9946E-05 0.152826 0.0528298 9.9946E-05 9.9946E-05 0.140806
0.489542 0.106049 9.9964E-05 0.069596 9.9964E-05 9.9964E-05 0.208664 9.9964E-05 0.0137839 0.111964
0.362441 9.9946E-05 9.9946E-05 9.9946E-05 9.9946E-05 0.0392187 0.0847903 9.9946E-05 9.9946E-05 0.51295
0.602407 0.139332 9.9973E-05 0.0317992 0.0157481 0.0758962 9.9973E-05 0.0190789 9.9973E-05 0.115438
0.495665 0.251712 9.9973E-05 0.0485135 9.9973E-05 9.9973E-05 0.00662619 0.121652 0.0123655 0.0631655
0.343126 0.0733242 0.010495 9.9973E-05 9.9973E-05 0.117735 0.114141 0.0538242 9.9973E-05 0.287055
0.495671 0.0276768 9.9973E-05 0.0694123 0.0121327 9.9973E-05 0.194204 9.9973E-05 0.00654513 0.194058
0.0422526 0.168231 9.9973E-05 9.9973E-05 0.00746418 0.379202 0.139638 0.132809 9.9973E-05 0.130102
0.748535 0.0165436 0.0497154 9.9964E-05 9.9964E-05 0.0625297 9.9964E-05 0.0540843 9.9964E-05 0.0681922
0.586917 0.0097859 0.0954199 9.9973E-05 0.00853772 0.162483 9.9973E-05 0.0689383 9.9973E-05 0.0676184
0.276395 0.0200515 9.9964E-05 0.0282206 9.9964E-05 0.159619 0.175655 9.9964E-05 9.9964E-05 0.339658
0.515587 0.116943 0.00187893 0.0351053 0.0348346 0.00352276 0.17354 9.9982E-05 9.9982E-05 0.118388
9.9955E-05 0.0110839 9.9955E-05 0.0105816 9.9955E-05 9.9955E-05 0.948326 0.0167452 0.0127631 9.9955E-05
0.606671 9.9973E-05 0.0620176 0.049221 0.0240335 0.141537 0.0663626 9.9973E-05 0.0498573 9.9973E-05
0.42546 9.9964E-05 9.9964E-05 0.0519018 0.0398158 0.0892612 0.348479 9.9964E-05 0.0446822 9.9964E-05
9.9946E-05 0.072685 9.9946E-05 0.0162829 9.9946E-05 9.9946E-05 0.8951 9.9946E-05 9.9946E-05 0.015332
0.38452 0.136828 9.9946E-05 9.9946E-05 9.9946E-05 0.215337 0.262715 9.9946E-05 9.9946E-05 9.9946E-05
0.695068 9.9946E-05 0.120184 9.9946E-05 9.9946E-05 9.9946E-05 0.116386 9.9946E-05 9.9946E-05 0.0677619
0.312163 0.107358 9.9964E-05 0.087843 9.9964E-05 0.104493 0.304499 9.9964E-05 9.9964E-05 0.0832436
0.485451 9.9955E-05 9.9955E-05 9.9955E-05 0.022579 0.114496 0.332276 9.9955E-05 9.9955E-05 0.0446983
0.660073 9.9937E-05 9.9937E-05 0.0392661 9.9937E-05 9.9937E-05 0.299961 9.9937E-05 9.9937E-05 9.9937E-05
0.108541 0.0103402 9.9964E-05 0.0353269 9.9964E-05 0.310408 0.450196 9.9964E-05 9.9964E-05 0.0847879
0.350304 0.0266036 9.9955E-05 9.9955E-05 9.9955E-05 0.057097 0.459342 0.106153 9.9955E-05 9.9955E-05
0.611888 0.024901 0.0126473 9.9955E-05 9.9955E-05 9.9955E-05 0.334384 9.9955E-05 0.0156801 9.9955E-05
0.372225 9.9964E-05 0.0163767 9.9964E-05 0.0462266 0.0436682 0.489491 9.9964E-05 0.0316124 9.9964E-05
0.408506 9.9946E-05 9.9946E-05 9.9946E-05 0.00100762 9.9946E-05 0.374985 9.9946E-05 9.9946E-05 0.214902
0.525544 9.9946E-05 0.0218599 9.9946E-05 9.9946E-05 0.168183 0.283814 9.9946E-05 9.9946E-05 9.9946E-05
0.674379 9.9937E-05 0.0611353 9.9937E-05 9.9937E-05 9.9937E-05 0.263787 9.9937E-05 9.9937E-05 9.9937E-05
0.300788 9.9955E-05 0.175083 9.9955E-05 0.0652962 9.9955E-05 0.4285 0.0298332 9.9955E-05 9.9955E-05
0.585901 9.9955E-05 9.9955E-05 9.9955E-05 0.0587773 0.104852 0.23526 9.9955E-05 9.9955E-05 0.0147098
0.262955 9.9946E-05 9.9946E-05 9.9946E-05 9.9946E-05 0.265576 0.468922 9.9946E-05 0.00194692 9.9946E-05
0.247511 9.9955E-05 9.9955E-05 0.0853104 0.0360558 0.0821624 0.54846 9.9955E-05 9.9955E-05 9.9955E-05
0.385645 9.9937E-05 0.042922 9.9937E-05 9.9937E-05 9.9937E-05 0.570734 9.9937E-05 9.9937E-05 9.9937E-05
0.574872 0.0902011 9.9973E-05 9.9973E-05 9.9973E-05 0.135829 0.0811937 0.0620881 0.00795481 0.0475608
0.490902 9.9946E-05 0.0544127 9.9946E-05 9.9946E-05 0.0247861 0.429299 9.9946E-05 9.9946E-05 9.9946E-05
0.464774 0.0610272 0.0571129 9.9964E-05 9.9964E-05 0.0792897 0.324843 9.9964E-05 9.9964E-05 0.0125534
0.852352 9.9946E-05 9.9946E-05 0.0998808 9.9946E-05 9.9946E-05 0.0290768 9.9946E-05 0.0180903 9.9946E-05
0.121509 9.9964E-05 0.0288892 0.0657648 0.0315945 0.140181 0.611662 9.9964E-05 9.9964E-05 9.9964E-05
0.999101 9.99201E-05 9.99201E-05 9.99201E-05 9.99201E-05 9.99201E-05 9.99201E-05 9.99201E-05 9.99201E-05 9.99201E-05
0.672167 9.9955E-05 9.9955E-05 0.0313252 0.0227208 0.218365 0.0549226 9.9955E-05 9.9955E-05 9.9955E-05
0.920652 9.9937E-05 9.9937E-05 9.9937E-05 9.9937E-05 0.0651682 9.9937E-05 9.9937E-05 9.9937E-05 0.0134807
0.802637 0.0018769 0.0849474 0.000691987 9.9955E-05 9.9955E-05 0.109347 9.9955E-05 9.9955E-05 9.9955E-05
0.792457 0.0278756 9.9964E-05 0.0312998 0.00669919 0.118907 9.9964E-05 0.0223622 9.9964E-05 9.9964E-05
0.601451 9.9964E-05 9.9964E-05 0.0304248 9.9964E-05 0.186094 9.9964E-05 0.0443633 0.0588525 0.0784149
0.606593 9.9964E-05 0.0577491 9.9964E-05 0.0222769 0.199025 0.0651719 9.9964E-05 0.0487843 9.9964E-05
0.69985 0.179216 0.0223666 9.9955E-05 0.0632259 0.0348417 9.9955E-05 9.9955E-05 9.9955E-05 9.9955E-05
0.33536 0.0881238 9.9973E-05 0.00586265 0.0270972 0.376577 0.149411 9.9973E-05 0.0172689 9.9973E-05
0.61529 9.9964E-05 0.0304423 9.9964E-05 0.021038 9.9964E-05 0.158161 9.9964E-05 0.00711382 0.167555
0.668796 9.9955E-05 9.9955E-05 9.9955E-05 0.0137911 0.277213 9.9955E-05 0.0357128 9.9955E-05 0.00398664
0.546982 0.156978 9.9955E-05 9.9955E-05 9.9955E-05 0.189113 0.0993906 0.00703736 9.9955E-05 9.9955E-05
0.430526 0.0118936 0.0638483 9.9973E-05 0.113403 0.29143 0.0661916 0.0224066 9.9973E-05 9.9973E-05
0.755667 9.9955E-05 0.0858286 9.9955E-05 0.00509225 0.0921527 9.9955E-05 9.9955E-05 9.9955E-05 0.0607597
9.9955E-05 0.042557 0.0201196 9.9955E-05 9.9955E-05 0.494088 0.398595 0.0441408 9.9955E-05 9.9955E-05
0.319797 9.9973E-05 0.0711739 0.00462647 0.0816738 0.296992 0.218744 9.9973E-05 9.9973E-05 0.00669206
0.0022587 9.9946E-05 9.9946E-05 9.9946E-05 0.0374627 0.210025 0.749654 9.9946E-05 9.9946E-05 9.9946E-05
9.9946E-05 9.9946E-05 9.9946E-05 9.9946E-05 0.0262937 0.210194 0.760346 0.0025661 9.9946E-05 9.9946E-05
0.436229 9.9955E-05 9.9955E-05 9.9955E-05 0.104074 0.200411 0.255731 9.9955E-05 9.9955E-05 0.00305542
0.105178 9.9946E-05 9.9946E-05 9.9946E-05 0.00741725 0.175347 0.711458 9.9946E-05 9.9946E-05 9.9946E-05
0.378664 0.018842 9.9964E-05 9.9964E-05 0.0514111 0.390693 0.150441 0.00954884 9.9964E-05 9.9964E-05
0.0491624 9.9937E-05 9.9937E-05 9.9937E-05 9.9937E-05 0.211602 0.738536 9.9937E-05 9.9937E-05 9.9937E-05
0.0284587 0.0140911 0.0150089 9.9973E-05 0.0598083 0.560016 0.128086 9.9973E-05 9.9973E-05 0.194231
0.235377 9.9973E-05 0.140587 0.0953571 0.0444819 0.11184 0.238785 9.9973E-05 9.9973E-05 0.133272
9.9973E-05 0.0140381 0.103082 9.9973E-05 0.0201091 0.605779 0.189027 0.0607375 0.00692753 9.9973E-05
9.9964E-05 0.0898127 0.195313 0.0306321 9.9964E-05 0.44932 0.176732 0.0577914 9.9964E-05 9.9964E-05
0.0931131 0.0259331 0.0920603 9.9973E-05 0.0264412 0.509232 0.231909 9.9973E-05 9.9973E-05 0.0210112
0.179468 9.9946E-05 0.038181 9.9946E-05 9.9946E-05 0.356615 0.425136 9.9946E-05 9.9946E-05 9.9946E-05
0.181476 9.9946E-05 9.9946E-05 9.9946E-05 0.0505839 0.516711 0.25063 9.9946E-05 9.9946E-05 9.9946E-05
0.225612 9.9946E-05 9.9946E-05 9.9946E-05 9.9946E-05 0.352853 0.410712 9.9946E-05 9.9946E-05 0.0102227
0.28719 9.9946E-05 0.00941669 9.9946E-05 9.9946E-05 0.69969 9.9946E-05 9.9946E-05 9.9946E-05 0.00310349
9.99371E-05 9.99371E-05 0.0465627 9.99371E-05 9.99371E-05 0.950544 9.99371E-05 9.99371E-05 9.99371E-05 0.00219327
0.213488 0.0332168 0.00268415 9.9964E-05 0.0176872 0.661208 9.9964E-05 0.0713158 9.9964E-05 9.9964E-05
0.123629 9.9955E-05 0.0388129 9.9955E-05 0.0655724 0.700539 0.0709475 9.9955E-05 9.9955E-05 9.9955E-05
0.223872 0.0407247 0.0685934 9.9982E-05 0.131395 0.442075 0.0309928 0.0491856 9.9982E-05 0.0129617
0.253099 0.0955344 0.111286 9.9964E-05 0.0144338 0.491919 0.0333276 9.9964E-05 9.9964E-05 9.9964E-05
0.108359 0.0303029 9.9964E-05 9.9964E-05 0.0177222 0.611993 0.203515 9.9964E-05 9.9964E-05 0.0277076
9.9946E-05 9.9946E-05 9.9946E-05 0.0271176 0.00779329 0.941562 9.9946E-05 9.9946E-05 0.0229278 9.9946E-05
0.0872776 9.9946E-05 9.9946E-05 9.9946E-05 9.9946E-05 0.485691 0.299917 9.9946E-05 9.9946E-05 0.126515
0.275532 0.0832924 9.998E-05 0.0574174 0.037274 0.395306 0.13971 9.998E-05 0.00400668 0.00726129
0.10053 0.0317988 0.00568674 9.9973E-05 9.9973E-05 0.602626 0.212886 0.0104115 9.9973E-05 0.0357611
0.0504168 9.9955E-05 9.9955E-05 9.9955E-05 0.030068 0.59268 0.29624 9.9955E-05 9.9955E-05 0.0300956
0.249233 0.0257348 9.9982E-05 0.0386007 0.0269493 0.499837 0.133268 0.00663578 0.019542 9.9982E-05
0.163332 9.9955E-05 0.0754277 9.9955E-05 0.117384 0.613994 9.9955E-05 9.9955E-05 0.0293616 9.9955E-05
0.0961663 0.061599 0.0337122 9.9964E-05 0.0392998 0.762959 9.9964E-05 0.00586341 9.9964E-05 9.9964E-05
9.99371E-05 9.99371E-05 9.99371E-05 9.99371E-05 0.00120771 0.925996 0.0720966 9.99371E-05 9.99371E-05 9.99371E-05
0.0241425 0.0741547 9.9973E-05 9.9973E-05 0.000219453 0.763242 0.0765851 0.0204711 9.9973E-05 0.040885
9.99201E-05 9.99201E-05 9.99201E-05 9.99201E-05 9.99201E-05 0.999101 9.99201E-05 9.99201E-05 9.99201E-05 9.99201E-05
9.99201E-05 9.99201E-05 9.99201E-05 9.99201E-05 9.99201E-05 0.999101 9.99201E-05 9.99201E-05 9.99201E-05 9.99201E-05
9.99201E-05 9.99201E-05 9.99201E-05 9.99201E-05 9.99201E-05 0.999101 9.99201E-05 9.99201E-05 9.99201E-05 9.99201E-05
9.99201E-05 9.99201E-05 9.99201E-05 9.99201E-05 9.99201E-05 0.999101 9.99201E-05 9.99201E-05 9.99201E-05 9.99201E-05
9.99281E-05 9.99281E-05 9.99281E-05 9.99281E-05 9.99281E-05 0.976305 9.99281E-05 9.99281E-05 9.99281E-05 0.0228957
9.9928E-05 9.9928E-05 9.9928E-05 0.00503661 9.9928E-05 0.994164 9.9928E-05 9.9928E-05 9.9928E-05 9.9928E-05
9.9946E-05 0.0063152 9.9946E-05 9.9946E-05 0.0121529 0.91095 9.9946E-05 9.9946E-05 9.9946E-05 0.0699817
9.9937E-05 9.9937E-05 9.9937E-05 9.9937E-05 0.0148865 0.983749 9.9937E-05 9.9937E-05 0.000664761 9.9937E-05
9.9937E-05 0.0519527 9.9937E-05 9.9937E-05 9.9937E-05 0.882182 0.0651658 9.9937E-05 9.9937E-05 9.9937E-05
0.0292066 9.99281E-05 9.99281E-05 9.99281E-05 9.99281E-05 0.969994 9.99281E-05 9.99281E-05 9.99281E-05 9.99281E-05
9.9946E-05 9.9946E-05 0.0340711 9.9946E-05 0.0451371 0.878304 0.0418883 9.9946E-05 9.9946E-05 9.9946E-05
9.99281E-05 9.99281E-05 9.99281E-05 9.99281E-05 9.99281E-05 0.978106 9.99281E-05 9.99281E-05 9.99281E-05 0.0210947
9.9964E-05 0.0179329 9.9964E-05 9.9964E-05 0.00839866 0.876766 0.0808408 9.9964E-05 0.00889398 0.00676733
0.134405 9.99371E-05 9.99371E-05 9.99371E-05 0.00803591 0.85686 9.99371E-05 9.99371E-05 9.99371E-05 9.99371E-05
9.99371E-05 9.99371E-05 9.99371E-05 9.99371E-05 0.0200719 0.928952 9.99371E-05 0.0502765 9.99371E-05 9.99371E-05
0.085073 9.9946E-05 9.9946E-05 9.9946E-05 0.00556962 0.814522 0.0942362 9.9946E-05 9.9946E-05 9.9946E-05
0.114372 9.99281E-05 9.99281E-05 9.99281E-05 9.99281E-05 0.884828 9.99281E-05 9.99281E-05 9.99281E-05 9.99281E-05
9.9946E-05 9.9946E-05 0.0444897 0.00606363 9.9946E-05 0.889311 0.0595355 9.9946E-05 9.9946E-05 9.9946E-05
9.9955E-05 9.9955E-05 9.9955E-05 9.9955E-05 0.000507832 0.803861 0.107595 9.9955E-05 0.0352192 0.0523167
0.0264643 0.0379784 0.0385708 9.9964E-05 0.00613178 0.786588 0.103867 9.9964E-05 9.9964E-05 9.9964E-05
0.0748076 9.9946E-05 9.9946E-05 9.9946E-05 9.9946E-05 0.859651 9.9946E-05 0.0265485 9.9946E-05 0.0383937
0.0156469 9.9946E-05 0.0775635 0.00468108 9.9946E-05 0.901509 9.9946E-05 9.9946E-05 9.9946E-05 9.9946E-05
9.9937E-05 9.9937E-05 9.9937E-05 9.9937E-05 0.0102178 0.915041 0.0740415 9.9937E-05 9.9937E-05 9.9937E-05
9.9946E-05 9.9946E-05 9.9946E-05 9.9946E-05 0.0244837 0.808618 0.123456 9.9946E-05 9.9946E-05 0.0428427
9.9955E-05 0.0152947 9.9955E-05 9.9955E-05 0.0166421 0.952286 9.9955E-05 0.0127302 9.9955E-05 0.00254757
9.99281E-05 0.00873064 9.99281E-05 9.99281E-05 9.99281E-05 0.99047 9.99281E-05 9.99281E-05 9.99281E-05 9.99281E-05
0.177903 9.9964E-05 0.0301838 9.9964E-05 0.0116352 0.708388 0.0613846 9.9964E-05 9.9964E-05 0.0101048
0.484636 9.9946E-05 9.9946E-05 0.0325151 9.9946E-05 0.418623 9.9946E-05 9.9946E-05 9.9946E-05 0.0636255
9.9946E-05 9.9946E-05 0.0503096 9.9946E-05 9.9946E-05 0.768252 0.170501 9.9946E-05 0.0103381 9.9946E-05
0.514423 9.99371E-05 9.99371E-05 9.99371E-05 9.99371E-05 0.482316 9.99371E-05 9.99371E-05 0.00256151 9.99371E-05
9.9955E-05 0.0128309 9.9955E-05 9.9955E-05 0.0902986 0.71297 0.122776 9.9955E-05 9.9955E-05 0.0606248
0.471173 9.9964E-05 0.0354132 9.9964E-05 9.9964E-05 0.387539 9.9964E-05 0.0261292 0.0031168 0.0762285
0.198953 0.0691637 0.0829794 9.9964E-05 0.159247 0.452078 9.9964E-05 9.9964E-05 9.9964E-05 0.0371793
9.9955E-05 9.9955E-05 0.00603552 9.9955E-05 0.712098 0.155481 0.0725987 9.9955E-05 9.9955E-05 0.0532869
9.99201E-05 9.99201E-05 9.99201E-05 9.99201E-05 0.999101 9.99201E-05 9.99201E-05 9.99201E-05 9.99201E-05 9.99201E-05
0.250348 0.0187193 9.9973E-05 9.9973E-05 0.455526 0.206664 0.014331 9.9973E-05 0.00396958 0.0501425
0.0137433 9.9955E-05 9.9955E-05 9.9955E-05 9.9955E-05 0.901481 0.0276889 9.9955E-05 0.0398769 0.01671
0.118499 0.126229 9.9964E-05 9.9964E-05 0.100102 0.577921 9.9964E-05 9.9964E-05 0.00471586 0.0721338
0.0425249 0.00723519 9.9973E-05 9.9973E-05 0.00918324 0.634812 0.184145 0.0640621 0.0577373 9.9973E-05
0.213699 9.9955E-05 9.9955E-05 0.00710614 0.0512334 0.699867 0.0275938 9.9955E-05 9.9955E-05 9.9955E-05
9.9964E-05 0.059959 0.193031 0.0572454 0.115794 0.553053 0.0205179 9.9964E-05 9.9964E-05 9.9964E-05
0.0328336 9.9982E-05 0.103343 0.0967477 0.0983119 0.647046 0.00084171 0.0099763 0.0106995 9.9982E-05
0.0264891 0.00284959 0.0407952 0.0372167 0.134208 0.758041 9.9964E-05 9.9964E-05 9.9964E-05 9.9964E-05
0.175915 0.0640931 9.9982E-05 0.0343008 0.0592619 0.547533 0.0928666 0.00727392 0.018556 9.9982E-05
9.9964E-05 0.0128863 9.9964E-05 0.0512664 0.104394 0.643885 0.139717 9.9964E-05 9.9964E-05 0.0474514
