0.0659139 9.98742E-05 0.0224846 0.0965961 9.98742E-05 9.98742E-05 9.98742E-05 9.98742E-05 9.98742E-05 0.145649 0.0401566 9.98742E-05 9.98742E-05 0.408658 9.98742E-05 9.98742E-05 0.171258 0.00719038 0.0362998 9.98742E-05 9.98742E-05 9.98742E-05 0.00439559 9.98742E-05
0.0669229 9.98831E-05 9.98831E-05 0.0438755 9.98831E-05 9.98831E-05 9.98831E-05 9.98831E-05 9.98831E-05 0.0522779 0.00653844 0.00482403 9.98831E-05 0.516137 9.98831E-05 9.98831E-05 0.187145 9.98831E-05 0.0572703 0.0171773 0.0393357 0.0071973 9.98831E-05 9.98831E-05
9.98831E-05 0.00525849 9.98831E-05 0.0346545 9.98831E-05 9.98831E-05 9.98831E-05 0.0181078 0.078762 9.98831E-05 0.0691026 0.0585366 9.98831E-05 0.579763 0.047639 9.98831E-05 9.98831E-05 0.0115125 9.98831E-05 9.98831E-05 9.98831E-05 9.98831E-05 0.0530885 0.0422769
0.0283832 9.98203E-05 9.98203E-05 9.98203E-05 9.98203E-05 9.98203E-05 9.98203E-05 9.98203E-05 9.98203E-05 0.0229217 9.98203E-05 9.98203E-05 9.98203E-05 0.938443 9.98203E-05 9.98203E-05 9.98203E-05 9.98203E-05 0.00825569 9.98203E-05 9.98203E-05 9.98203E-05 9.98203E-05 9.98203E-05
0.00544411 9.9928E-05 9.9928E-05 0.027106 0.0472731 9.9928E-05 0.0104077 0.0316063 0.0171967 0.0119109 0.0465729 0.0756463 0.0143918 0.494559 0.0624853 0.117206 0.00782148 9.9928E-05 9.9928E-05 9.9928E-05 0.027668 0.00190448 9.9928E-05 9.9928E-05
0.0577162 9.98024E-05 9.98024E-05 9.98024E-05 9.98024E-05 9.98024E-05 9.98024E-05 9.98024E-05 9.98024E-05 9.98024E-05 9.98024E-05 9.98024E-05 9.98024E-05 0.940088 9.98024E-05 9.98024E-05 9.98024E-05 9.98024E-05 9.98024E-05 9.98024E-05 9.98024E-05 9.98024E-05 9.98024E-05 9.98024E-05
0.0547768 9.98113E-05 9.98113E-05 9.98113E-05 9.98113E-05 9.98113E-05 9.98113E-05 9.98113E-05 9.98113E-05 9.98113E-05 9.98113E-05 9.98113E-05 9.98113E-05 0.936259 9.98113E-05 9.98113E-05 0.0068678 9.98113E-05 9.98113E-05 9.98113E-05 9.98113E-05 9.98113E-05 9.98113E-05 9.98113E-05
9.99101E-05 0.0101738 0.0176043 0.0405146 0.0571927 9.99101E-05 9.99101E-05 0.0617426 0.111969 9.99101E-05 0.0332522 9.99101E-05 0.0250294 0.379493 0.0907908 0.0874421 0.0415597 9.99101E-05 9.99101E-05 0.00390157 9.99101E-05 0.0383358 9.99101E-05 9.99101E-05
0.0514591 9.98382E-05 9.98382E-05 9.98382E-05 9.98382E-05 0.0544302 9.98382E-05 9.98382E-05 9.98382E-05 9.98382E-05 9.98382E-05 9.98382E-05 9.98382E-05 0.564159 9.98382E-05 0.137159 0.151993 9.98382E-05 9.98382E-05 9.98382E-05 0.0390032 9.98382E-05 9.98382E-05 9.98382E-05
0.0595652 0.0536005 0.0147247 9.98832E-05 9.98832E-05 0.0265667 9.98832E-05 9.98832E-05 9.98832E-05 9.98832E-05 0.0437891 9.98832E-05 9.98832E-05 0.410141 0.155184 0.112006 0.0955368 0.0153602 9.98832E-05 0.0122271 9.98832E-05 9.98832E-05 9.98832E-05 9.98832E-05
9.98741E-05 9.98741E-05 9.98741E-05 0.0246866 9.98741E-05 0.0367487 9.98741E-05 0.0154736 9.98741E-05 9.98741E-05 0.0484542 9.98741E-05 0.0299151 0.734265 9.98741E-05 0.0195284 9.98741E-05 9.98741E-05 0.00288961 0.0137872 0.0728532 9.98741E-05 9.98741E-05 9.98741E-05
0.0489123 9.98831E-05 9.98831E-05 9.98831E-05 9.98831E-05 9.98831E-05 9.98831E-05 9.98831E-05 0.0432887 0.0681617 9.98831E-05 0.0140467 0.00877141 0.581044 0.0654486 0.105825 0.0518842 9.98831E-05 9.98831E-05 9.98831E-05 0.00779724 9.98831E-05 9.98831E-05 0.00352132
9.98203E-05 9.98203E-05 9.98203E-05 0.0125 9.98203E-05 0.0199 9.98203E-05 9.98203E-05 9.98203E-05 9.98203E-05 9.98203E-05 9.98203E-05 9.98203E-05 0.949646 9.98203E-05 9.98203E-05 9.98203E-05 0.0159573 9.98203E-05 9.98203E-05 9.98203E-05 9.98203E-05 9.98203E-05 9.98203E-05
9.97934E-05 9.97934E-05 9.97934E-05 9.97934E-05 9.97934E-05 9.97934E-05 9.97934E-05 9.97934E-05 9.97934E-05 9.97934E-05 9.97934E-05 9.97934E-05 9.97934E-05 0.997705 9.97934E-05 9.97934E-05 9.97934E-05 9.97934E-05 9.97934E-05 9.97934E-05 9.97934E-05 9.97934E-05 9.97934E-05 9.97934E-05
9.98293E-05 9.98293E-05 9.98293E-05 9.98293E-05 0.0077405 9.98293E-05 9.98293E-05 9.98293E-05 9.98293E-05 9.98293E-05 9.98293E-05 9.98293E-05 9.98293E-05 0.965787 9.98293E-05 9.98293E-05 9.98293E-05 0.00610544 9.98293E-05 9.98293E-05 9.98293E-05 0.017012 9.98293E-05 0.00145839
9.98203E-05 9.98203E-05 9.98203E-05 9.98203E-05 9.98203E-05 9.98203E-05 9.98203E-05 0.00404221 9.98203E-05 9.98203E-05 9.98203E-05 9.98203E-05 9.98203E-05 0.937855 9.98203E-05 9.98203E-05 9.98203E-05 9.98203E-05 9.98203E-05 9.98203E-05 9.98203E-05 0.00782522 9.98203E-05 0.0482808
0.0130268 0.0940691 9.98741E-05 9.98741E-05 0.00219903 9.98741E-05 9.98741E-05 0.0360202 0.00778444 9.98741E-05 9.98741E-05 9.98741E-05 9.98741E-05 0.67431 0.0615583 9.98741E-05 0.038667 0.054611 9.98741E-05 9.98741E-05 9.98741E-05 0.0163558 9.98741E-05 9.98741E-05
9.98831E-05 0.0639564 9.98831E-05 9.98831E-05 0.00424163 9.98831E-05 9.98831E-05 0.0627463 9.98831E-05 9.98831E-05 0.0132111 9.98831E-05 9.98831E-05 0.653593 0.00974656 9.98831E-05 0.0571618 0.0557803 9.98831E-05 0.0304572 9.98831E-05 0.0144028 0.0334045 9.98831E-05
9.98652E-05 0.115505 9.98652E-05 9.98652E-05 0.0163731 0.00586227 9.98652E-05 0.0186988 0.0210007 9.98652E-05 9.98652E-05 9.98652E-05 9.98652E-05 0.72177 0.0582176 9.98652E-05 0.00234458 0.0387297 9.98652E-05 9.98652E-05 9.98652E-05 9.98652E-05 9.98652E-05 9.98652E-05
9.97934E-05 9.97934E-05 9.97934E-05 9.97934E-05 9.97934E-05 9.97934E-05 9.97934E-05 9.97934E-05 9.97934E-05 9.97934E-05 0.997705 9.97934E-05 9.97934E-05 9.97934E-05 9.97934E-05 9.97934E-05 9.97934E-05 9.97934E-05 9.97934E-05 9.97934E-05 9.97934E-05 9.97934E-05 9.97934E-05 9.97934E-05
9.98831E-05 9.98831E-05 9.98831E-05 0.00985305 0.00120739 9.98831E-05 0.00403844 9.98831E-05 9.98831E-05 9.98831E-05 0.260981 0.329886 9.98831E-05 0.0908685 9.98831E-05 9.98831E-05 0.147568 9.98831E-05 0.0278182 0.0229277 9.98831E-05 0.0309847 0.0725689 9.98831E-05
0.0425587 9.98741E-05 9.98741E-05 0.0213156 9.98741E-05 9.98741E-05 9.98741E-05 9.98741E-05 9.98741E-05 9.98741E-05 0.213701 0.195324 9.98741E-05 0.0942782 9.98741E-05 9.98741E-05 0.268278 9.98741E-05 0.0654554 0.0240993 0.035112 0.0384787 9.98741E-05 9.98741E-05
0.124387 9.98652E-05 9.98652E-05 9.98652E-05 9.98652E-05 9.98652E-05 9.98652E-05 0.178574 9.98652E-05 0.0924887 0.203202 0.0733196 9.98652E-05 0.175385 9.98652E-05 9.98652E-05 0.134858 9.98652E-05 9.98652E-05 0.0159839 9.98652E-05 9.98652E-05 9.98652E-05 0.000303974
0.0870853 9.98831E-05 0.103736 0.0458274 0.0243361 9.98831E-05 0.0941939 0.140169 9.98831E-05 9.98831E-05 0.153253 0.00192225 9.98831E-05 0.136921 9.98831E-05 0.0400645 0.171193 9.98831E-05 9.98831E-05 9.98831E-05 9.98831E-05 9.98831E-05 9.98831E-05 9.98831E-05
0.112361 9.98921E-05 0.00547048 9.98921E-05 0.015395 0.0585563 9.98921E-05 0.00577454 9.98921E-05 0.00170312 0.100003 0.383599 9.98921E-05 0.0827403 9.98921E-05 0.144653 9.98921E-05 9.98921E-05 9.98921E-05 9.98921E-05 9.98921E-05 0.0122846 0.0762605 9.98921E-05
0.044345 0.0101149 9.98562E-05 9.98562E-05 0.0540314 9.98562E-05 9.98562E-05 9.98562E-05 9.98562E-05 9.98562E-05 0.257877 0.196103 9.98562E-05 0.189452 9.98562E-05 0.0145949 0.231885 9.98562E-05 9.98562E-05 9.98562E-05 9.98562E-05 9.98562E-05 9.98562E-05 9.98562E-05
0.126662 9.98831E-05 9.98831E-05 9.98831E-05 0.0119197 0.0352299 9.98831E-05 0.0020607 9.98831E-05 9.98831E-05 0.246708 0.366471 9.98831E-05 0.0344605 9.98831E-05 9.98831E-05 0.059807 9.98831E-05 9.98831E-05 0.0399386 0.0375839 0.0378603 9.98831E-05 9.98831E-05
9.98975E-05 9.98975E-05 0.00142301 9.98975E-05 9.98975E-05 9.98975E-05 9.98975E-05 9.98975E-05 0.0278376 9.98975E-05 0.111954 0.417103 9.98975E-05 0.0978798 0.0224059 0.0566189 0.113389 0.0192303 0.0356182 9.98975E-05 9.98975E-05 0.0132716 0.0820693 9.98975E-05
9.98562E-05 9.98562E-05 9.98562E-05 0.0214298 9.98562E-05 9.98562E-05 9.98562E-05 9.98562E-05 9.98562E-05 9.98562E-05 0.148432 0.391828 9.98562E-05 0.139814 9.98562E-05 0.119296 0.135588 9.98562E-05 0.00698428 9.98562E-05 9.98562E-05 9.98562E-05 0.035031 9.98562E-05
9.97934E-05 9.97934E-05 9.97934E-05 9.97934E-05 9.97934E-05 9.97934E-05 9.97934E-05 9.97934E-05 9.97934E-05 9.97934E-05 0.997705 9.97934E-05 9.97934E-05 9.97934E-05 9.97934E-05 9.97934E-05 9.97934E-05 9.97934E-05 9.97934E-05 9.97934E-05 9.97934E-05 9.97934E-05 9.97934E-05 9.97934E-05
9.98113E-05 0.0137269 9.98113E-05 9.98113E-05 9.98113E-05 9.98113E-05 9.98113E-05 9.98113E-05 9.98113E-05 9.98113E-05 0.978502 9.98113E-05 9.98113E-05 9.98113E-05 9.98113E-05 9.98113E-05 9.98113E-05 9.98113E-05 9.98113E-05 9.98113E-05 0.00567504 9.98113E-05 9.98113E-05 9.98113E-05
9.98024E-05 9.98024E-05 9.98024E-05 9.98024E-05 9.98024E-05 9.98024E-05 9.98024E-05 0.00469801 9.98024E-05 9.98024E-05 0.993106 9.98024E-05 9.98024E-05 9.98024E-05 9.98024E-05 9.98024E-05 9.98024E-05 9.98024E-05 9.98024E-05 9.98024E-05 9.98024E-05 9.98024E-05 9.98024E-05 9.98024E-05
9.97934E-05 9.97934E-05 9.97934E-05 9.97934E-05 9.97934E-05 9.97934E-05 9.97934E-05 9.97934E-05 9.97934E-05 9.97934E-05 0.997705 9.97934E-05 9.97934E-05 9.97934E-05 9.97934E-05 9.97934E-05 9.97934E-05 9.97934E-05 9.97934E-05 9.97934E-05 9.97934E-05 9.97934E-05 9.97934E-05 9.97934E-05
9.98293E-05 9.98293E-05 0.049331 0.009778 9.98293E-05 9.98293E-05 9.98293E-05 9.98293E-05 9.98293E-05 9.98293E-05 0.903752 9.98293E-05 9.98293E-05 9.98293E-05 9.98293E-05 0.00693922 0.0283031 9.98293E-05 9.98293E-05 9.98293E-05 9.98293E-05 9.98293E-05 9.98293E-05 9.98293E-05
9.98203E-05 9.98203E-05 9.98203E-05 9.98203E-05 9.98203E-05 9.98203E-05 9.98203E-05 0.0270346 9.98203E-05 9.98203E-05 0.944106 0.00795019 9.98203E-05 9.98203E-05 9.98203E-05 9.98203E-05 9.98203E-05 0.0189131 9.98203E-05 9.98203E-05 9.98203E-05 9.98203E-05 9.98203E-05 9.98203E-05
0.136986 9.98651E-05 9.98651E-05 0.0179473 9.98651E-05 9.98651E-05 9.98651E-05 0.128002 0.111211 9.98651E-05 0.142067 0.315848 9.98651E-05 0.0352113 9.98651E-05 0.0788125 9.98651E-05 0.0324168 9.98651E-05 9.98651E-05 9.98651E-05 9.98651E-05 9.98651E-05 9.98651E-05
0.0102211 0.0661883 0.0348006 0.00244907 0.0299556 9.99101E-05 9.99101E-05 9.99101E-05 0.049095 9.99101E-05 0.143242 0.259845 9.99101E-05 0.129092 9.99101E-05 9.99101E-05 9.99101E-05 0.0230242 0.0158803 0.140609 9.99101E-05 9.99101E-05 0.0232866 0.0713123
0.137639 9.98742E-05 9.98742E-05 9.98742E-05 0.0122388 9.98742E-05 9.98742E-05 0.188921 9.98742E-05 0.0488885 0.168384 0.04424 9.98742E-05 0.175147 9.98742E-05 9.98742E-05 0.163739 9.98742E-05 9.98742E-05 0.0463525 9.98742E-05 9.98742E-05 9.98742E-05 0.0130515
0.0260401 0.0413873 9.98472E-05 9.98472E-05 9.98472E-05 9.98472E-05 9.98472E-05 9.98472E-05 9.98472E-05 0.0267462 9.98472E-05 0.70467 9.98472E-05 0.0134535 9.98472E-05 9.98472E-05 0.14144 9.98472E-05 9.98472E-05 9.98472E-05 9.98472E-05 9.98472E-05 9.98472E-05 0.0445653
9.98651E-05 9.98651E-05 0.00639804 9.98651E-05 9.98651E-05 0.0049856 9.98651E-05 0.0125639 9.98651E-05 9.98651E-05 9.98651E-05 0.825966 0.0109013 0.0156178 9.98651E-05 0.0340749 9.98651E-05 9.98651E-05 9.98651E-05 9.98651E-05 9.98651E-05 9.98651E-05 0.0539572 0.034037
9.98562E-05 9.98562E-05 0.00334997 0.00898321 0.0228291 9.98562E-05 9.98562E-05 0.00903518 9.98562E-05 9.98562E-05 9.98562E-05 0.899045 9.98562E-05 9.98562E-05 9.98562E-05 9.98562E-05 9.98562E-05 9.98562E-05 9.98562E-05 0.0298812 9.98562E-05 9.98562E-05 0.0237336 0.00154457
9.98741E-05 0.00575643 0.002028 9.98741E-05 9.98741E-05 9.98741E-05 9.98741E-05 9.98741E-05 9.98741E-05 0.00681417 0.0107463 0.679606 0.0472583 0.109916 9.98741E-05 9.98741E-05 9.98741E-05 0.0149022 9.98741E-05 0.121418 0.00015753 9.98741E-05 9.98741E-05 9.98741E-05
9.98921E-05 0.00207629 9.98921E-05 0.0447785 0.00368698 9.98921E-05 0.0101052 9.98921E-05 0.0111709 0.0947927 9.98921E-05 0.628122 9.98921E-05 9.98921E-05 9.98921E-05 9.98921E-05 0.143667 9.98921E-05 0.0150074 0.0269188 9.98921E-05 9.98921E-05 0.00136626 0.0171085
9.98741E-05 9.98741E-05 0.0274307 9.98741E-05 9.98741E-05 9.98741E-05 0.0352487 0.0042703 0.0845425 9.98741E-05 9.98741E-05 0.5294 9.98741E-05 9.98741E-05 9.98741E-05 0.0573764 0.146775 0.0869748 9.98741E-05 9.98741E-05 9.98741E-05 9.98741E-05 0.0239775 0.0026059
9.99011E-05 0.0853738 9.99011E-05 0.0462599 9.99011E-05 9.99011E-05 0.0133712 0.0196549 9.99011E-05 9.99011E-05 0.033934 0.424988 9.99011E-05 0.0145425 0.047024 9.99011E-05 0.153543 0.0672068 9.99011E-05 0.0349277 9.99011E-05 0.0342528 9.99011E-05 0.023822
9.98562E-05 0.0293145 9.98562E-05 9.98562E-05 9.98562E-05 9.98562E-05 0.00235559 0.028449 9.98562E-05 0.125586 0.0218855 0.678088 9.98562E-05 9.98562E-05 0.107638 9.98562E-05 9.98562E-05 0.00508586 9.98562E-05 9.98562E-05 9.98562E-05 9.98562E-05 9.98562E-05 9.98562E-05
9.98741E-05 9.98741E-05 9.98741E-05 9.98741E-05 0.0043234 9.98741E-05 9.98741E-05 0.0300324 9.98741E-05 0.0291962 0.010826 0.701065 9.98741E-05 9.98741E-05 9.98741E-05 9.98741E-05 0.116446 9.98741E-05 0.0232959 0.0322353 0.00542956 9.98741E-05 0.045752 9.98741E-05
9.98382E-05 9.98382E-05 9.98382E-05 9.98382E-05 9.98382E-05 0.0223746 9.98382E-05 0.0830595 9.98382E-05 0.0767214 9.98382E-05 0.780377 9.98382E-05 9.98382E-05 9.98382E-05 0.0189567 9.98382E-05 9.98382E-05 0.0167133 9.98382E-05 9.98382E-05 9.98382E-05 9.98382E-05 9.98382E-05
9.98024E-05 9.98024E-05 9.98024E-05 9.98024E-05 0.997353 9.98024E-05 9.98024E-05 9.98024E-05 9.98024E-05 9.98024E-05 9.98024E-05 9.98024E-05 9.98024E-05 9.98024E-05 9.98024E-05 0.000451585 9.98024E-05 9.98024E-05 9.98024E-05 9.98024E-05 9.98024E-05 9.98024E-05 9.98024E-05 9.98024E-05
9.98293E-05 0.00405423 9.98293E-05 9.98293E-05 0.943302 9.98293E-05 9.98293E-05 9.98293E-05 9.98293E-05 9.98293E-05 9.98293E-05 0.0134318 9.98293E-05 0.00221038 9.98293E-05 9.98293E-05 9.98293E-05 0.0351052 9.98293E-05 9.98293E-05 9.98293E-05 9.98293E-05 9.98293E-05 9.98293E-05
9.97934E-05 9.97934E-05 9.97934E-05 9.97934E-05 0.997705 9.97934E-05 9.97934E-05 9.97934E-05 9.97934E-05 9.97934E-05 9.97934E-05 9.97934E-05 9.97934E-05 9.97934E-05 9.97934E-05 9.97934E-05 9.97934E-05 9.97934E-05 9.97934E-05 9.97934E-05 9.97934E-05 9.97934E-05 9.97934E-05 9.97934E-05
9.97934E-05 9.97934E-05 9.97934E-05 9.97934E-05 0.997705 9.97934E-05 9.97934E-05 9.97934E-05 9.97934E-05 9.97934E-05 9.97934E-05 9.97934E-05 9.97934E-05 9.97934E-05 9.97934E-05 9.97934E-05 9.97934E-05 9.97934E-05 9.97934E-05 9.97934E-05 9.97934E-05 9.97934E-05 9.97934E-05 9.97934E-05
9.98114E-05 9.98114E-05 0.00571883 9.98114E-05 0.981843 9.98114E-05 9.98114E-05 9.98114E-05 9.98114E-05 9.98114E-05 9.98114E-05 9.98114E-05 9.98114E-05 9.98114E-05 9.98114E-05 9.98114E-05 9.98114E-05 9.98114E-05 9.98114E-05 9.98114E-05 9.98114E-05 9.98114E-05 9.98114E-05 0.010342
9.97934E-05 9.97934E-05 9.97934E-05 9.97934E-05 0.997705 9.97934E-05 9.97934E-05 9.97934E-05 9.97934E-05 9.97934E-05 9.97934E-05 9.97934E-05 9.97934E-05 9.97934E-05 9.97934E-05 9.97934E-05 9.97934E-05 9.97934E-05 9.97934E-05 9.97934E-05 9.97934E-05 9.97934E-05 9.97934E-05 9.97934E-05
9.98742E-05 0.00439026 9.98742E-05 0.00680128 0.951444 0.00373826 0.00572864 0.00404362 9.98742E-05 9.98742E-05 9.98742E-05 9.98742E-05 9.98742E-05 9.98742E-05 0.0115005 9.98742E-05 9.98742E-05 0.00378535 9.98742E-05 0.00525781 9.98742E-05 0.00191191 9.98742E-05 9.98742E-05
9.98114E-05 9.98114E-05 9.98114E-05 9.98114E-05 0.987695 0.00519366 9.98114E-05 9.98114E-05 9.98114E-05 9.98114E-05 0.00501552 9.98114E-05 9.98114E-05 9.98114E-05 9.98114E-05 9.98114E-05 9.98114E-05 9.98114E-05 9.98114E-05 9.98114E-05 9.98114E-05 9.98114E-05 9.98114E-05 9.98114E-05
9.98024E-05 9.98024E-05 9.98024E-05 9.98024E-05 0.991685 9.98024E-05 9.98024E-05 9.98024E-05 9.98024E-05 9.98024E-05 9.98024E-05 9.98024E-05 0.00611918 9.98024E-05 9.98024E-05 9.98024E-05 9.98024E-05 9.98024E-05 9.98024E-05 9.98024E-05 9.98024E-05 9.98024E-05 9.98024E-05 9.98024E-05
0.0358818 9.98293E-05 9.98293E-05 9.98293E-05 0.161636 9.98293E-05 9.98293E-05 9.98293E-05 9.98293E-05 9.98293E-05 9.98293E-05 0.203763 9.98293E-05 0.14057 9.98293E-05 9.98293E-05 0.456252 9.98293E-05 9.98293E-05 9.98293E-05 9.98293E-05 9.98293E-05 9.98293E-05 9.98293E-05
0.247349 9.98741E-05 9.98741E-05 9.98741E-05 0.0289955 0.052148 0.0601332 9.98741E-05 0.0238486 0.129358 9.98741E-05 0.101452 9.98741E-05 0.0522587 9.98741E-05 9.98741E-05 0.243692 9.98741E-05 0.0593663 9.98741E-05 9.98741E-05 9.98741E-05 9.98741E-05 9.98741E-05
0.244872 0.0403958 0.00713882 0.0213633 0.0308747 9.98652E-05 9.98652E-05 9.98652E-05 9.98652E-05 9.98652E-05 9.98652E-05 0.49951 9.98652E-05 9.98652E-05 0.00811837 0.115812 9.98652E-05 9.98652E-05 0.0304167 9.98652E-05 9.98652E-05 9.98652E-05 9.98652E-05 9.98652E-05
0.230004 0.0170674 0.0390647 9.98652E-05 9.98652E-05 0.0867074 9.98652E-05 9.98652E-05 0.113108 9.98652E-05 9.98652E-05 0.399887 9.98652E-05 0.100596 9.98652E-05 9.98652E-05 9.98652E-05 9.98652E-05 9.98652E-05 9.98652E-05 0.00297535 9.98652E-05 9.98652E-05 0.00909224
0.271931 9.98742E-05 9.98742E-05 9.98742E-05 0.016966 9.98742E-05 9.98742E-05 9.98742E-05 0.0446822 0.0207663 0.0849401 0.32585 0.0208911 9.98742E-05 0.0418786 9.98742E-05 0.111836 9.98742E-05 9.98742E-05 9.98742E-05 9.98742E-05 9.98742E-05 9.98742E-05 0.0588602
0.179292 9.98651E-05 9.98651E-05 0.0670356 9.98651E-05 9.98651E-05 9.98651E-05 0.0402526 9.98651E-05 9.98651E-05 0.0452001 0.319981 9.98651E-05 0.0927018 9.98651E-05 0.0642923 0.165733 9.98651E-05 9.98651E-05 0.0240139 9.98651E-05 9.98651E-05 9.98651E-05 9.98651E-05
0.0403755 0.0662333 0.0580686 0.0703214 0.0105644 9.99191E-05 9.99191E-05 0.0239017 9.99191E-05 9.99191E-05 0.0891105 0.322993 0.0645471 0.0162218 9.99191E-05 0.0829082 0.087163 9.99191E-05 0.00259235 9.99191E-05 0.0401416 0.0239581 9.99191E-05 9.99191E-05
0.898795 9.98114E-05 9.98114E-05 9.98114E-05 9.98114E-05 9.98114E-05 9.98114E-05 9.98114E-05 9.98114E-05 9.98114E-05 0.0403113 0.0587973 9.98114E-05 9.98114E-05 9.98114E-05 9.98114E-05 9.98114E-05 9.98114E-05 9.98114E-05 9.98114E-05 9.98114E-05 9.98114E-05 9.98114E-05 9.98114E-05
0.68644 9.98472E-05 9.98472E-05 9.98472E-05 9.98472E-05 9.98472E-05 9.98472E-05 0.00657851 9.98472E-05 9.98472E-05 0.0220754 9.98472E-05 9.98472E-05 0.0677172 9.98472E-05 0.060524 0.137169 0.0177991 9.98472E-05 9.98472E-05 9.98472E-05 9.98472E-05 9.98472E-05 9.98472E-05
0.279183 9.98652E-05 9.98652E-05 9.98652E-05 0.0303497 0.0285653 0.0685939 9.98652E-05 9.98652E-05 0.118728 9.98652E-05 0.0822134 9.98652E-05 0.0421399 9.98652E-05 9.98652E-05 0.290509 9.98652E-05 0.0582205 9.98652E-05 9.98652E-05 9.98652E-05 9.98652E-05 9.98652E-05
0.620875 9.98652E-05 9.98652E-05 9.98652E-05 9.98652E-05 0.015779 9.98652E-05 9.98652E-05 9.98652E-05 9.98652E-05 0.0490979 0.0494072 9.98652E-05 0.0940441 9.98652E-05 0.0204696 0.11113 0.0154146 9.98652E-05 9.98652E-05 0.0222851 9.98652E-05 9.98652E-05 9.98652E-05
0.386724 0.0445558 9.98651E-05 9.98651E-05 0.0047479 0.0143474 9.98651E-05 9.98651E-05 9.98651E-05 0.0164145 9.98651E-05 0.404829 9.98651E-05 9.98651E-05 9.98651E-05 9.98651E-05 0.0627527 0.0638767 9.98651E-05 9.98651E-05 0.000254275 9.98651E-05 9.98651E-05 9.98651E-05
0.384744 0.0775179 9.98472E-05 9.98472E-05 9.98472E-05 0.0236376 9.98472E-05 9.98472E-05 9.98472E-05 0.0257233 9.98472E-05 0.410097 9.98472E-05 9.98472E-05 9.98472E-05 9.98472E-05 0.0408695 0.035713 9.98472E-05 9.98472E-05 9.98472E-05 9.98472E-05 9.98472E-05 9.98472E-05
0.370335 0.0347912 9.98651E-05 9.98651E-05 9.98651E-05 0.00121488 9.98651E-05 9.98651E-05 9.98651E-05 0.0106086 9.98651E-05 0.384393 9.98651E-05 0.013519 9.98651E-05 9.98651E-05 0.124851 0.0500855 9.98651E-05 9.98651E-05 0.00870394 9.98651E-05 9.98651E-05 9.98651E-05
0.485446 9.98382E-05 9.98382E-05 9.98382E-05 9.98382E-05 9.98382E-05 9.98382E-05 9.98382E-05 9.98382E-05 9.98382E-05 9.98382E-05 0.191809 9.98382E-05 0.0140984 9.98382E-05 0.121223 0.143427 9.98382E-05 9.98382E-05 9.98382E-05 9.98382E-05 9.98382E-05 0.0421989 9.98382E-05
0.225299 0.00394191 9.98831E-05 9.98831E-05 0.0292902 9.98831E-05 0.0304044 9.98831E-05 0.0563978 9.98831E-05 0.0699467 0.413424 9.98831E-05 0.0585677 9.98831E-05 9.98831E-05 0.00712602 0.0538226 9.98831E-05 9.98831E-05 9.98831E-05 9.98831E-05 9.98831E-05 0.0504814
0.204013 9.98562E-05 9.98562E-05 0.0380726 0.0124423 0.0630797 9.98562E-05 9.98562E-05 9.98562E-05 9.98562E-05 0.0864794 0.353014 9.98562E-05 0.0611763 9.98562E-05 9.98562E-05 0.180125 9.98562E-05 9.98562E-05 9.98562E-05 9.98562E-05 9.98562E-05 9.98562E-05 9.98562E-05
0.987521 9.98094E-05 9.98094E-05 9.98094E-05 0.0102832 9.98094E-05 9.98094E-05 9.98094E-05 9.98094E-05 9.98094E-05 9.98094E-05 9.98094E-05 9.98094E-05 9.98094E-05 9.98094E-05 9.98094E-05 9.98094E-05 9.98094E-05 9.98094E-05 9.98094E-05 9.98094E-05 9.98094E-05 9.98094E-05 9.98094E-05
0.997705 9.97933E-05 9.97933E-05 9.97933E-05 9.97933E-05 9.97933E-05 9.97933E-05 9.97933E-05 9.97933E-05 9.97933E-05 9.97933E-05 9.97933E-05 9.97933E-05 9.97933E-05 9.97933E-05 9.97933E-05 9.97933E-05 9.97933E-05 9.97933E-05 9.97933E-05 9.97933E-05 9.97933E-05 9.97933E-05 9.97933E-05
0.897967 0.0171208 9.98561E-05 0.0102342 0.0125015 9.98561E-05 9.98561E-05 9.98561E-05 0.0138346 9.98561E-05 9.98561E-05 9.98561E-05 9.98561E-05 9.98561E-05 0.0105868 9.98561E-05 9.98561E-05 9.98561E-05 0.0102826 9.98561E-05 9.98561E-05 0.0258748 9.98561E-05 9.98561E-05
0.949975 9.98112E-05 9.98112E-05 9.98112E-05 9.98112E-05 9.98112E-05 9.98112E-05 9.98112E-05 0.0150588 9.98112E-05 9.98112E-05 9.98112E-05 9.98112E-05 9.98112E-05 0.0328704 9.98112E-05 9.98112E-05 9.98112E-05 9.98112E-05 9.98112E-05 9.98112E-05 9.98112E-05 9.98112E-05 9.98112E-05
0.104913 9.98741E-05 9.98741E-05 9.98741E-05 0.0725884 9.98741E-05 0.0630673 9.98741E-05 0.0190523 9.98741E-05 9.98741E-05 0.549072 0.0148978 9.98741E-05 0.0113563 9.98741E-05 0.0763641 9.98741E-05 9.98741E-05 9.98741E-05 9.98741E-05 0.0670489 9.98741E-05 0.0202416
9.98383E-05 9.98383E-05 0.0303637 9.98383E-05 0.093626 0.0307603 9.98383E-05 9.98383E-05 9.98383E-05 9.98383E-05 9.98383E-05 0.265078 9.98383E-05 9.98383E-05 9.98383E-05 0.235022 0.343352 9.98383E-05 9.98383E-05 9.98383E-05 9.98383E-05 9.98383E-05 9.98383E-05 9.98383E-05
0.0523073 9.98741E-05 0.0434487 0.0201606 0.0185924 9.98741E-05 0.078401 9.98741E-05 9.98741E-05 9.98741E-05 0.0514962 0.258471 9.98741E-05 0.128954 9.98741E-05 9.98741E-05 0.299201 9.98741E-05 9.98741E-05 9.98741E-05 0.0475691 9.98741E-05 9.98741E-05 9.98741E-05
0.0318916 9.98382E-05 9.98382E-05 9.98382E-05 0.0571903 9.98382E-05 9.98382E-05 9.98382E-05 9.98382E-05 0.00549695 0.0378507 0.475782 9.98382E-05 9.98382E-05 9.98382E-05 9.98382E-05 0.389991 9.98382E-05 9.98382E-05 9.98382E-05 9.98382E-05 9.98382E-05 9.98382E-05 9.98382E-05
0.00256947 9.98562E-05 9.98562E-05 9.98562E-05 0.0609056 9.98562E-05 9.98562E-05 9.98562E-05 9.98562E-05 0.0212427 0.0870264 0.45997 9.98562E-05 9.98562E-05 9.98562E-05 9.98562E-05 0.323661 0.0348264 0.00820144 9.98562E-05 9.98562E-05 9.98562E-05 9.98562E-05 9.98562E-05
0.159481 9.98652E-05 9.98652E-05 9.98652E-05 0.00518242 9.98652E-05 9.98652E-05 9.98652E-05 0.0597406 9.98652E-05 9.98652E-05 0.57083 9.98652E-05 0.0450123 9.98652E-05 0.0107728 0.0704368 9.98652E-05 9.98652E-05 9.98652E-05 0.0174421 9.98652E-05 9.98652E-05 0.0596036
0.0832457 0.0416825 9.98831E-05 9.98831E-05 0.0551152 9.98831E-05 9.98831E-05 0.020581 9.98831E-05 0.0598861 9.98831E-05 0.343316 9.98831E-05 9.98831E-05 9.98831E-05 0.0518604 0.291501 9.98831E-05 9.98831E-05 0.00822448 0.0387895 0.00449927 9.98831E-05 9.98831E-05
0.0993798 9.98741E-05 9.98741E-05 9.98741E-05 0.027064 9.98741E-05 0.0273973 9.98741E-05 0.0197131 0.0355717 9.98741E-05 0.620824 9.98741E-05 9.98741E-05 0.1134 9.98741E-05 0.045111 9.98741E-05 9.98741E-05 9.98741E-05 0.00183327 0.008307 9.98741E-05 9.98741E-05
0.113804 9.98383E-05 9.98383E-05 9.98383E-05 0.0255274 0.0044709 9.98383E-05 9.98383E-05 9.98383E-05 9.98383E-05 9.98383E-05 0.69238 9.98383E-05 9.98383E-05 9.98383E-05 9.98383E-05 0.117685 9.98383E-05 9.98383E-05 9.98383E-05 9.98383E-05 9.98383E-05 9.98383E-05 0.0443356
0.0356425 9.99101E-05 9.99101E-05 9.99101E-05 0.0246522 0.0313803 0.0460571 9.99101E-05 9.99101E-05 0.0487247 0.00325857 0.421082 0.014799 9.99101E-05 0.0677724 9.99101E-05 0.18729 9.99101E-05 0.041324 0.0230038 9.99101E-05 9.99101E-05 0.0271648 0.02685
9.98741E-05 9.98741E-05 0.0330032 9.98741E-05 0.023886 9.98741E-05 9.98741E-05 9.98741E-05 0.0291798 9.98741E-05 0.0309363 0.629746 9.98741E-05 0.0295181 0.0319969 9.98741E-05 0.107173 0.0556138 9.98741E-05 9.98741E-05 0.0275493 9.98741E-05 9.98741E-05 9.98741E-05
0.0525436 9.98741E-05 0.0409672 9.98741E-05 0.00552756 9.98741E-05 9.98741E-05 9.98741E-05 0.0288857 9.98741E-05 9.98741E-05 0.629424 9.98741E-05 0.0342334 9.98741E-05 9.98741E-05 0.0726392 0.0859253 9.98741E-05 0.00381615 0.0446399 9.98741E-05 9.98741E-05 9.98741E-05
9.98742E-05 9.98742E-05 9.98742E-05 0.0833807 0.0521704 9.98742E-05 9.98742E-05 0.0296685 9.98742E-05 9.98742E-05 0.0448263 0.578167 9.98742E-05 9.98742E-05 0.0732806 0.0485044 0.0552769 9.98742E-05 9.98742E-05 9.98742E-05 9.98742E-05 0.0190849 0.0142416 9.98742E-05
9.98741E-05 9.98741E-05 0.000598846 0.054119 0.0480411 9.98741E-05 9.98741E-05 0.0448464 9.98741E-05 9.98741E-05 0.0373198 0.584328 9.98741E-05 9.98741E-05 0.0635717 0.0734592 0.090138 9.98741E-05 9.98741E-05 9.98741E-05 9.98741E-05 9.98741E-05 9.98741E-05 0.00217935
0.102361 9.98742E-05 9.98742E-05 0.0286806 0.01897 9.98742E-05 9.98742E-05 0.0366832 9.98742E-05 9.98742E-05 9.98742E-05 0.282726 9.98742E-05 9.98742E-05 9.98742E-05 0.0199342 0.344776 0.0814814 0.0289498 9.98742E-05 0.054039 9.98742E-05 9.98742E-05 9.98742E-05
0.0703116 9.98472E-05 9.98472E-05 0.0338186 0.0107587 0.0616698 9.98472E-05 9.98472E-05 9.98472E-05 9.98472E-05 9.98472E-05 0.677078 9.98472E-05 9.98472E-05 9.98472E-05 9.98472E-05 0.0909773 9.98472E-05 9.98472E-05 9.98472E-05 0.0536886 9.98472E-05 9.98472E-05 9.98472E-05
0.106931 9.98651E-05 9.98651E-05 9.98651E-05 0.00348974 9.98651E-05 9.98651E-05 9.98651E-05 9.98651E-05 9.98651E-05 0.0491087 0.315016 9.98651E-05 0.0499248 9.98651E-05 0.0610845 0.353786 9.98651E-05 0.0299917 9.98651E-05 0.02917 9.98651E-05 9.98651E-05 9.98651E-05
0.0343837 9.98741E-05 9.98741E-05 9.98741E-05 0.00573844 0.0270088 9.98741E-05 0.00954175 9.98741E-05 9.98741E-05 0.00739286 0.733893 9.98741E-05 0.0707004 9.98741E-05 9.98741E-05 0.0450685 0.0628706 9.98741E-05 9.98741E-05 0.00200334 9.98741E-05 9.98741E-05 9.98741E-05
0.140799 9.98652E-05 9.98652E-05 9.98652E-05 0.0403381 9.98652E-05 9.98652E-05 9.98652E-05 9.98652E-05 9.98652E-05 0.0722022 0.530091 9.98652E-05 9.98652E-05 9.98652E-05 0.00862603 0.0890205 0.031201 9.98652E-05 9.98652E-05 0.0755949 0.0106293 9.98652E-05 9.98652E-05
0.145946 0.0372137 9.99011E-05 0.0298183 0.0507 0.0549746 9.99011E-05 9.99011E-05 9.99011E-05 9.99011E-05 9.99011E-05 0.282054 9.99011E-05 0.0216129 9.99011E-05 9.99011E-05 0.334626 0.0110844 0.00458512 0.00990849 0.00616672 0.0102103 9.99011E-05 9.99011E-05
9.98741E-05 0.0402984 0.0072266 0.0267933 0.0368465 0.116263 9.98741E-05 9.98741E-05 0.011552 9.98741E-05 9.98741E-05 0.227363 9.98741E-05 9.98741E-05 9.98741E-05 0.0204858 0.496952 9.98741E-05 9.98741E-05 0.0148205 9.98741E-05 9.98741E-05 9.98741E-05 9.98741E-05
9.98562E-05 9.98562E-05 0.0421979 0.0489617 9.98562E-05 9.98562E-05 9.98562E-05 9.98562E-05 9.98562E-05 9.98562E-05 9.98562E-05 0.048852 9.98562E-05 9.98562E-05 9.98562E-05 0.156612 0.633145 0.00886179 9.98562E-05 0.0266826 0.0330888 9.98562E-05 9.98562E-05 9.98562E-05
0.0409152 9.98741E-05 9.98741E-05 9.98741E-05 9.98741E-05 0.0585944 9.98741E-05 0.00638939 9.98741E-05 9.98741E-05 0.00965994 0.256933 0.00857624 0.105351 9.98741E-05 9.98741E-05 0.451282 9.98741E-05 9.98741E-05 0.0594271 9.98741E-05 0.00147391 9.98741E-05 9.98741E-05
9.99011E-05 0.0156039 0.0168428 9.99011E-05 9.99011E-05 0.00405484 9.99011E-05 9.99011E-05 9.99011E-05 9.99011E-05 0.0149935 0.00114809 9.99011E-05 0.05669 0.0104239 0.0989465 0.566612 9.99011E-05 9.99011E-05 0.0513465 0.0774724 0.0261554 9.99011E-05 0.0586112
0.0126142 9.98741E-05 0.0727404 0.0476033 0.0481932 0.0293993 9.98741E-05 9.98741E-05 9.98741E-05 9.98741E-05 9.98741E-05 0.151893 9.98741E-05 9.98741E-05 9.98741E-05 9.98741E-05 0.463714 9.98741E-05 9.98741E-05 0.0760798 0.0559924 0.0403722 9.98741E-05 9.98741E-05
9.98651E-05 9.98651E-05 0.0336454 0.0126655 0.0755295 9.98651E-05 9.98651E-05 9.98651E-05 0.122857 9.98651E-05 0.000290446 0.0481383 9.98651E-05 9.98651E-05 9.98651E-05 9.98651E-05 0.668096 9.98651E-05 9.98651E-05 9.98651E-05 9.98651E-05 0.016183 0.0210971 9.98651E-05
9.98383E-05 9.98383E-05 9.98383E-05 9.98383E-05 9.98383E-05 9.98383E-05 9.98383E-05 9.98383E-05 9.98383E-05 9.98383E-05 9.98383E-05 0.12027 9.98383E-05 0.0402882 9.98383E-05 0.0903381 0.710742 0.00216125 9.98383E-05 9.98383E-05 9.98383E-05 9.98383E-05 0.0344038 9.98383E-05
9.98831E-05 0.0158286 0.0329459 9.98831E-05 9.98831E-05 9.98831E-05 9.98831E-05 0.066823 9.98831E-05 9.98831E-05 9.98831E-05 9.98831E-05 0.00560374 0.0291777 0.087296 0.133654 0.565483 0.0311971 9.98831E-05 9.98831E-05 0.00506045 9.98831E-05 0.0256315 9.98831E-05
0.00147573 0.101698 0.0120558 9.98382E-05 9.98382E-05 9.98382E-05 9.98382E-05 9.98382E-05 9.98382E-05 9.98382E-05 9.98382E-05 9.98382E-05 9.98382E-05 9.98382E-05 9.98382E-05 0.1224 0.615289 9.98382E-05 9.98382E-05 9.98382E-05 0.145285 9.98382E-05 9.98382E-05 9.98382E-05
9.98742E-05 9.98742E-05 0.0435988 9.98742E-05 9.98742E-05 9.98742E-05 9.98742E-05 0.103066 9.98742E-05 9.98742E-05 0.00749309 9.98742E-05 9.98742E-05 9.98742E-05 0.0680262 0.12697 0.589946 0.0135244 9.98742E-05 0.00607602 9.98742E-05 0.0310445 0.00885733 9.98742E-05
0.00290958 9.98897E-05 0.00584974 9.98897E-05 0.00260826 9.98897E-05 9.98897E-05 0.0294382 9.98897E-05 9.98897E-05 0.0115738 0.0552684 9.98897E-05 0.0750587 9.98897E-05 0.17267 0.62676 9.98897E-05 9.98897E-05 0.0118101 9.98897E-05 9.98897E-05 0.00475444 9.98897E-05
0.0312883 0.00539124 0.00752473 9.98913E-05 9.98913E-05 9.98913E-05 9.98913E-05 9.98913E-05 9.98913E-05 0.0207077 0.043828 9.98913E-05 9.98913E-05 0.0252614 0.0943274 0.152426 0.505795 9.98913E-05 9.98913E-05 0.0659281 9.98913E-05 0.0462237 9.98913E-05 9.98913E-05
9.98652E-05 9.98652E-05 9.98652E-05 9.98652E-05 0.101597 9.98652E-05 9.98652E-05 0.0255955 0.115965 9.98652E-05 0.0284575 0.0431569 9.98652E-05 0.0616125 9.98652E-05 9.98652E-05 0.582997 0.00327216 9.98652E-05 9.98652E-05 9.98652E-05 9.98652E-05 0.0358485 9.98652E-05
9.98832E-05 9.98832E-05 0.0549686 9.98832E-05 0.0323135 9.98832E-05 0.00430358 9.98832E-05 0.0519558 9.98832E-05 0.017639 0.136033 9.98832E-05 0.0298011 0.0246367 9.98832E-05 0.617235 9.98832E-05 0.0101048 9.98832E-05 9.98832E-05 0.0197104 9.98832E-05 9.98832E-05
0.0207577 9.98742E-05 9.98742E-05 0.0151973 9.98742E-05 0.0212204 9.98742E-05 9.98742E-05 9.98742E-05 9.98742E-05 9.98742E-05 0.154559 0.0388157 9.98742E-05 9.98742E-05 0.0364146 0.503779 0.0641122 0.0512278 9.98742E-05 9.98742E-05 0.0925186 9.98742E-05 9.98742E-05
9.98742E-05 0.171868 9.98742E-05 9.98742E-05 0.057758 9.98742E-05 9.98742E-05 9.98742E-05 9.98742E-05 9.98742E-05 0.0165026 0.0130109 9.98742E-05 9.98742E-05 9.98742E-05 0.00952349 0.554787 9.98742E-05 9.98742E-05 0.022965 0.0517168 9.98742E-05 0.0499989 0.0504714
0.0222762 9.9919E-05 9.9919E-05 9.9919E-05 0.000521874 0.152396 0.0458936 0.0261396 0.0209309 9.9919E-05 0.0402006 0.06792 0.00166663 9.9919E-05 0.0195114 9.9919E-05 0.468587 9.9919E-05 9.9919E-05 0.0344417 0.0504024 0.0435184 9.9919E-05 0.00469472
0.00122169 0.0266423 0.0607119 0.0710226 0.04482 9.99011E-05 9.99011E-05 0.0262071 9.99011E-05 9.99011E-05 0.00303881 0.124577 9.99011E-05 0.0174843 9.99011E-05 9.99011E-05 0.456517 9.99011E-05 9.99011E-05 0.0778679 0.0367998 0.0519912 9.99011E-05 9.99011E-05
0.0101701 9.9919E-05 9.9919E-05 9.9919E-05 0.00479447 0.120936 0.0688569 0.0221981 0.014908 9.9919E-05 0.0332215 0.0785327 0.0270954 9.9919E-05 0.0216839 9.9919E-05 0.465995 9.9919E-05 9.9919E-05 0.0478382 0.0307943 0.000376917 9.9919E-05 0.0516998
9.98652E-05 9.98652E-05 0.00263671 9.98652E-05 0.075468 9.98652E-05 0.0138069 9.98652E-05 0.13577 9.98652E-05 0.0416946 0.132456 9.98652E-05 0.0254182 9.98652E-05 9.98652E-05 0.516747 9.98652E-05 9.98652E-05 9.98652E-05 9.98652E-05 9.98652E-05 0.0545043 9.98652E-05
0.0617965 9.98472E-05 9.98472E-05 9.98472E-05 9.98472E-05 0.000631697 9.98472E-05 0.0620462 9.98472E-05 0.0676937 9.98472E-05 9.98472E-05 9.98472E-05 0.086693 9.98472E-05 9.98472E-05 0.710505 9.98472E-05 9.98472E-05 9.98472E-05 9.98472E-05 0.00893617 9.98472E-05 9.98472E-05
0.0320531 9.98562E-05 9.98562E-05 0.0159401 9.98562E-05 9.98562E-05 9.98562E-05 0.0980816 0.00903273 0.0822692 9.98562E-05 9.98562E-05 9.98562E-05 0.0850171 9.98562E-05 9.98562E-05 0.664112 9.98562E-05 9.98562E-05 9.98562E-05 9.98562E-05 0.011896 9.98562E-05 9.98562E-05
9.98742E-05 9.98742E-05 9.98742E-05 0.0465973 9.98742E-05 9.98742E-05 9.98742E-05 0.0097456 9.98742E-05 0.0284035 0.0483565 0.123537 0.081108 9.98742E-05 9.98742E-05 9.98742E-05 0.581316 0.0301508 9.98742E-05 9.98742E-05 0.043807 9.98742E-05 9.98742E-05 0.00558006
9.98742E-05 9.98742E-05 9.98742E-05 0.0238897 9.98742E-05 9.98742E-05 9.98742E-05 9.98742E-05 9.98742E-05 0.0212541 0.0218622 0.0566561 0.0386188 0.0103945 9.98742E-05 9.98742E-05 0.67088 9.98742E-05 9.98742E-05 9.98742E-05 0.0524156 9.98742E-05 0.00452901 0.0981016
9.98562E-05 9.98562E-05 9.98562E-05 9.98562E-05 0.0115665 9.98562E-05 9.98562E-05 0.162184 9.98562E-05 0.0189883 9.98562E-05 9.98562E-05 0.0194473 9.98562E-05 0.0568704 9.98562E-05 0.68477 0.0169794 9.98562E-05 9.98562E-05 9.98562E-05 9.98562E-05 0.0275962 9.98562E-05
0.0188892 9.98741E-05 9.98741E-05 9.98741E-05 0.0213438 9.98741E-05 9.98741E-05 0.015814 9.98741E-05 9.98741E-05 0.0515436 9.98741E-05 9.98741E-05 9.98741E-05 0.00897966 0.117597 0.637471 9.98741E-05 9.98741E-05 0.026148 0.0565719 0.0442435 9.98741E-05 9.98741E-05
9.98472E-05 0.0312188 9.98472E-05 9.98472E-05 0.0262118 9.98472E-05 9.98472E-05 0.0913094 9.98472E-05 9.98472E-05 9.98472E-05 9.98472E-05 9.98472E-05 9.98472E-05 0.020805 9.98472E-05 0.776369 0.00406583 9.98472E-05 9.98472E-05 9.98472E-05 9.98472E-05 0.0483224 9.98472E-05
9.98651E-05 0.021913 9.98651E-05 9.98651E-05 0.00172477 9.98651E-05 9.98651E-05 0.00518431 9.98651E-05 0.0688435 0.0320364 0.0898719 9.98651E-05 0.10098 9.98651E-05 9.98651E-05 0.649758 9.98651E-05 9.98651E-05 9.98651E-05 9.98651E-05 9.98651E-05 0.0281906 9.98651E-05
9.98921E-05 9.98921E-05 0.0321648 0.0614042 9.98921E-05 0.0120479 9.98921E-05 0.126033 9.98921E-05 9.98921E-05 9.98921E-05 0.0600363 9.98921E-05 0.0141864 0.0157861 0.060345 0.53222 9.98921E-05 9.98921E-05 0.00268787 0.0422211 0.0396681 9.98921E-05 9.98921E-05
9.98651E-05 0.0571413 0.0118409 0.0708015 9.98651E-05 9.98651E-05 9.98651E-05 0.0535071 9.98651E-05 9.98651E-05 9.98651E-05 9.98651E-05 0.0193842 9.98651E-05 9.98651E-05 9.98651E-05 0.687297 9.98651E-05 9.98651E-05 0.0482646 9.98651E-05 9.98651E-05 0.0328286 0.0174373
9.98652E-05 0.00350304 9.98652E-05 0.0821068 9.98652E-05 0.0562901 0.00351894 0.0360415 9.98652E-05 9.98652E-05 9.98652E-05 9.98652E-05 0.0476479 9.98652E-05 9.98652E-05 9.98652E-05 0.696965 0.0103048 9.98652E-05 9.98652E-05 9.98652E-05 9.98652E-05 0.0621242 9.98652E-05
0.015448 9.98562E-05 9.98562E-05 9.98562E-05 9.98562E-05 9.98562E-05 9.98562E-05 0.0466109 9.98562E-05 0.0103538 0.0456739 0.0387109 9.98562E-05 0.146084 9.98562E-05 9.98562E-05 0.658082 9.98562E-05 9.98562E-05 9.98562E-05 9.98562E-05 9.98562E-05 9.98562E-05 0.0374396
9.98472E-05 9.98472E-05 9.98472E-05 0.0615345 0.0215275 9.98472E-05 9.98472E-05 0.0409719 9.98472E-05 0.0194083 9.98472E-05 9.98472E-05 9.98472E-05 9.98472E-05 0.108704 9.98472E-05 0.70236 9.98472E-05 9.98472E-05 9.98472E-05 9.98472E-05 9.98472E-05 0.0437967 9.98472E-05
9.98651E-05 9.98651E-05 9.98651E-05 0.0151496 9.98651E-05 0.0714035 9.98651E-05 9.98651E-05 0.0187905 9.98651E-05 9.98651E-05 0.200125 9.98651E-05 9.98651E-05 9.98651E-05 9.98651E-05 0.58316 0.00419314 0.0468268 9.98651E-05 0.0313735 0.0274796 9.98651E-05 9.98651E-05
0.0377608 0.0465232 9.98651E-05 0.0208426 0.0183401 9.98651E-05 9.98651E-05 9.98651E-05 0.036892 9.98651E-05 9.98651E-05 0.0863727 9.98651E-05 9.98651E-05 0.00803204 0.0251407 0.718598 9.98651E-05 9.98651E-05 9.98651E-05 9.98651E-05 9.98651E-05 9.98651E-05 9.98651E-05
9.98562E-05 9.98562E-05 0.00539154 9.98562E-05 0.0293319 0.0164227 9.98562E-05 9.98562E-05 0.0592441 9.98562E-05 9.98562E-05 9.98562E-05 9.98562E-05 0.100334 9.98562E-05 9.98562E-05 0.712326 9.98562E-05 0.0444369 9.98562E-05 9.98562E-05 9.98562E-05 9.98562E-05 0.0309143
0.029546 9.98831E-05 9.98831E-05 0.0178385 0.0301317 9.98831E-05 9.98831E-05 0.096193 9.98831E-05 9.98831E-05 0.0281787 0.176468 0.0464076 9.98831E-05 9.98831E-05 9.98831E-05 0.535068 0.00438442 0.0189576 9.98831E-05 9.98831E-05 0.0155279 9.98831E-05 9.98831E-05
0.00145281 9.98652E-05 9.98652E-05 0.0256719 9.98652E-05 9.98652E-05 9.98652E-05 0.0371486 9.98652E-05 9.98652E-05 0.0307516 0.0755221 9.98652E-05 0.109786 9.98652E-05 9.98652E-05 0.668256 9.98652E-05 0.0214397 9.98652E-05 0.0284727 9.98652E-05 9.98652E-05 9.98652E-05
0.134618 9.98472E-05 0.0462396 0.00653297 9.98472E-05 9.98472E-05 9.98472E-05 9.98472E-05 0.00209416 9.98472E-05 9.98472E-05 0.364474 9.98472E-05 9.98472E-05 9.98472E-05 9.98472E-05 0.435622 9.98472E-05 0.00872162 9.98472E-05 9.98472E-05 9.98472E-05 9.98472E-05 9.98472E-05
0.0720439 0.0248746 9.98652E-05 9.98652E-05 0.0307031 0.00443457 9.98652E-05 9.98652E-05 0.100416 9.98652E-05 0.0328552 0.152219 9.98652E-05 9.98652E-05 9.98652E-05 9.98652E-05 0.569343 9.98652E-05 0.0116131 9.98652E-05 9.98652E-05 9.98652E-05 9.98652E-05 9.98652E-05
0.0160122 0.0207995 9.98831E-05 0.0210691 9.98831E-05 9.98831E-05 9.98831E-05 0.0179281 9.98831E-05 9.98831E-05 9.98831E-05 0.192733 9.98831E-05 0.0416294 9.98831E-05 9.98831E-05 0.565291 0.0134293 0.0283 9.98831E-05 9.98831E-05 0.000163954 9.98831E-05 0.0813463
0.0395581 9.98652E-05 9.98652E-05 9.98652E-05 0.0401024 9.98652E-05 0.0928609 9.98652E-05 9.98652E-05 9.98652E-05 0.00723342 0.0405508 0.0329215 9.98652E-05 9.98652E-05 9.98652E-05 0.69666 9.98652E-05 0.0304879 9.98652E-05 9.98652E-05 9.98652E-05 9.98652E-05 0.0181273
0.0346154 9.98831E-05 9.98831E-05 9.98831E-05 9.98831E-05 0.0283676 9.98831E-05 9.98831E-05 9.98831E-05 9.98831E-05 0.0565357 0.00426451 9.98831E-05 0.0901432 9.98831E-05 9.98831E-05 0.613514 0.0633189 0.0053485 0.0127177 9.98831E-05 0.0477721 9.98831E-05 0.0421039
0.0396853 9.98921E-05 9.98921E-05 9.98921E-05 0.00924894 9.98921E-05 9.98921E-05 0.0941752 0.0161462 9.98921E-05 0.0319439 0.179298 0.00947392 0.047283 9.98921E-05 9.98921E-05 0.428197 0.0443913 9.98921E-05 9.98921E-05 0.0976275 9.98921E-05 9.98921E-05 0.00133085
0.0749982 9.99011E-05 0.00884903 9.99011E-05 0.000482403 9.99011E-05 9.99011E-05 9.99011E-05 0.0215609 0.089315 9.99011E-05 0.0986722 9.99011E-05 0.0543904 9.99011E-05 0.0444629 0.516963 0.0021414 0.0285628 0.00226364 9.99011E-05 9.99011E-05 0.056239 9.99011E-05
9.98741E-05 0.073331 9.98741E-05 0.00017127 0.0619448 9.98741E-05 9.98741E-05 0.0598091 0.00916822 9.98741E-05 0.0802308 0.00816025 9.98741E-05 0.0289137 9.98741E-05 0.0110102 0.665863 9.98741E-05 9.98741E-05 9.98741E-05 9.98741E-05 9.98741E-05 9.98741E-05 9.98741E-05
9.98652E-05 0.0443535 0.0365371 9.98652E-05 9.98652E-05 9.98652E-05 9.98652E-05 9.98652E-05 9.98652E-05 9.98652E-05 9.98652E-05 0.0528207 9.98652E-05 0.0219164 0.0384393 0.0746041 0.677109 0.0405387 0.0121828 9.98652E-05 9.98652E-05 9.98652E-05 9.98652E-05 9.98652E-05
0.028364 0.019857 0.0468509 9.98921E-05 9.98921E-05 0.00166965 9.98921E-05 9.98921E-05 9.98921E-05 0.0216302 9.98921E-05 0.0665364 9.98921E-05 0.103385 9.98921E-05 0.0160031 0.615538 0.0245463 9.98921E-05 9.98921E-05 0.036998 9.98921E-05 9.98921E-05 0.017423
0.0286672 0.00709408 9.98921E-05 0.0291328 0.00485273 9.98921E-05 9.98921E-05 9.98921E-05 0.0116672 9.98921E-05 9.98921E-05 0.171256 9.98921E-05 9.98921E-05 9.98921E-05 0.0630637 0.604431 9.98921E-05 9.98921E-05 0.0116796 0.0525099 9.98921E-05 0.00288771 0.0115593
0.0404618 9.98472E-05 9.98472E-05 9.98472E-05 0.00838076 9.98472E-05 9.98472E-05 0.0443066 0.038041 9.98472E-05 9.98472E-05 0.166586 9.98472E-05 9.98472E-05 9.98472E-05 9.98472E-05 0.664474 9.98472E-05 0.0360521 9.98472E-05 9.98472E-05 9.98472E-05 9.98472E-05 9.98472E-05
