0.113018 0.0877502 0.0201871 0.700814 0.0782306
0.0804851 0.115847 9.9982E-05 0.803468 9.9982E-05
9.9973E-05 0.0558949 9.9973E-05 0.943805 9.9973E-05
0.269119 9.9973E-05 9.9973E-05 0.730581 9.9973E-05
0.196913 0.169625 9.9982E-05 0.633262 9.9982E-05
0.253075 9.9982E-05 9.9982E-05 0.7456 0.00112584
0.268973 0.0867334 9.9982E-05 0.644094 9.9982E-05
9.9973E-05 0.190777 9.9973E-05 0.808923 9.9973E-05
0.153131 0.0731332 9.9991E-05 0.745725 0.0279111
0.00606318 0.165657 9.9982E-05 0.828079 9.9982E-05
0.0363652 0.182687 0.0667777 0.71407 9.9991E-05
9.9973E-05 9.9973E-05 9.9973E-05 0.867917 0.131783
9.9991E-05 0.0286361 0.0676118 0.64819 0.255462
0.12818 9.9982E-05 9.9982E-05 0.72156 0.15006
0.232355 0.00706082 0.128986 0.503634 0.127965
0.184539 9.9982E-05 9.9982E-05 0.40864 0.406622
9.9982E-05 9.9982E-05 0.142538 0.648986 0.208277
9.9982E-05 0.0830789 9.9982E-05 0.298711 0.61801
0.159993 0.00984284 0.111426 0.417352 0.301387
0.26758 9.9982E-05 9.9982E-05 0.342588 0.389632
0.00949406 0.233585 0.0325377 0.463194 0.26119
9.9982E-05 9.9982E-05 0.47203 0.187846 0.339923
0.172936 9.9991E-05 0.148599 0.178259 0.500105
9.999E-05 0.115462 0.117837 0.473359 0.293242
9.9991E-05 0.0276941 0.651632 0.275579 0.0449944
0.306815 0.0237652 0.499785 9.9991E-05 0.169535
0.105272 0.0983722 0.356625 0.23237 0.207362
9.9991E-05 0.0505305 0.38661 0.472892 0.0898674
9.9982E-05 9.9982E-05 0.588029 0.193078 0.218693
0.00766847 9.9991E-05 0.26194 0.421753 0.308539
9.9982E-05 0.102278 0.450108 9.9982E-05 0.447414
0.0688599 9.9991E-05 0.531558 0.0388437 0.360638
9.9991E-05 0.267274 0.23061 0.081275 0.420741
0.066888 0.0838967 9.9982E-05 9.9982E-05 0.849015
0.238882 0.0831307 0.0157048 0.0363341 0.625948
9.9982E-05 0.142838 0.0689952 9.9982E-05 0.787967
0.0825696 9.9991E-05 0.119486 0.387904 0.409941
0.212961 0.129374 0.128863 0.12801 0.400792
9.997E-05 9.997E-05 9.997E-05 9.997E-05 0.9996
0.247756 9.9982E-05 9.9982E-05 0.0616497 0.690395
9.9991E-05 0.0888063 0.0959308 0.121688 0.693475
0.171683 9.9982E-05 9.9982E-05 0.0586803 0.769437
9.9982E-05 0.112602 9.9982E-05 0.285084 0.602114
9.9982E-05 9.9982E-05 0.281773 0.281867 0.43616
0.0821156 0.18799 9.9982E-05 9.9982E-05 0.729695
9.9982E-05 0.144705 0.343662 9.9982E-05 0.511434
0.174058 9.9982E-05 0.33365 9.9982E-05 0.492091
0.145406 9.9991E-05 0.358693 0.196374 0.299427
9.9982E-05 9.9982E-05 0.25671 0.0411606 0.701929
0.141654 9.9982E-05 0.0413609 9.9982E-05 0.816785
0.185321 0.04537 0.187212 9.9991E-05 0.581997
0.00863472 0.160408 0.0478438 0.0089519 0.774162
9.9973E-05 0.0332006 9.9973E-05 9.9973E-05 0.966499
9.9991E-05 0.283492 0.359984 0.0287087 0.327715
0.142944 9.9991E-05 0.132884 0.142374 0.581698
0.143426 0.0790469 0.214231 0.00656821 0.556727
0.164249 0.0407642 0.385967 9.9991E-05 0.40892
9.9982E-05 0.0382237 0.196067 9.9982E-05 0.765509
0.0874602 9.9991E-05 0.283582 0.0384479 0.59041
9.9982E-05 0.042169 9.9982E-05 0.155207 0.802424
0.0704886 9.9973E-05 9.9973E-05 9.9973E-05 0.929212
9.9982E-05 0.0879753 0.369143 9.9982E-05 0.542682
0.0521184 0.0904906 0.646833 0.0512272 0.159331
0.203267 9.9982E-05 0.699187 9.9982E-05 0.0973462
9.9991E-05 0.0615974 0.649522 0.201415 0.0873652
0.184214 0.149102 0.571719 0.0474793 0.0474862
9.9991E-05 0.191088 0.614038 0.115865 0.0789094
0.0386332 0.0426726 0.864639 9.9991E-05 0.0539554
0.0211721 9.9982E-05 0.828892 0.149736 9.9982E-05
0.319886 0.134176 0.513341 0.0324962 9.9991E-05
0.281263 9.9973E-05 0.718438 9.9973E-05 9.9973E-05
0.234468 9.9982E-05 0.736722 0.02861 9.9982E-05
0.117607 0.129876 0.604119 0.148298 9.9991E-05
0.0126337 0.0939204 0.609562 0.24705 0.0368341
9.9991E-05 0.0365797 0.814939 0.10089 0.0474915
0.105849 0.0883223 0.651939 9.9991E-05 0.15379
0.199566 0.0854939 0.622777 0.0920635 9.9991E-05
0.156578 0.190529 0.481738 0.012676 0.15848
0.118449 0.00388953 0.482876 0.394685 9.9991E-05
9.9991E-05 0.114852 0.418058 0.321897 0.145093
9.9982E-05 0.215876 0.598658 0.185267 9.9982E-05
0.148256 0.0621548 0.648993 0.140497 9.9991E-05
9.9973E-05 9.9973E-05 0.656357 0.343343 9.9973E-05
0.164891 0.114947 0.567976 0.134822 0.0173644
0.145305 0.0997343 0.735867 0.018993 9.9991E-05
9.9975E-05 9.9975E-05 0.668378 0.331322 9.9975E-05
0.014291 0.127342 0.718942 0.139325 9.9991E-05
0.0128169 0.0881577 0.747611 9.9991E-05 0.151314
0.0447652 9.9982E-05 0.882785 9.9982E-05 0.0722503
9.9982E-05 0.0689156 0.890771 0.0401133 9.9982E-05
0.0187052 9.9982E-05 0.927308 9.9982E-05 0.0537872
9.9973E-05 9.9973E-05 0.834971 0.164729 9.9973E-05
0.0474123 9.9991E-05 0.372597 0.0448435 0.535048
9.9973E-05 9.9973E-05 0.805342 9.9973E-05 0.194359
0.0162562 9.9982E-05 0.886016 0.0975279 9.9982E-05
9.9982E-05 0.00362166 0.785558 9.9982E-05 0.21062
9.9982E-05 0.0556001 0.787817 0.156383 9.9982E-05
9.9991E-05 0.122281 0.727269 0.0275989 0.122751
0.0866284 0.132636 0.639947 0.12742 0.0133686
0.0554316 9.9991E-05 0.827589 0.11017 0.00670903
0.0874963 9.9973E-05 0.912204 9.9973E-05 9.9973E-05
0.0868449 9.9982E-05 0.797938 0.115018 9.9982E-05
0.0991309 9.9982E-05 0.693772 9.9982E-05 0.206897
9.9973E-05 9.9973E-05 0.98012 9.9973E-05 0.0195804
0.178661 9.9973E-05 0.821039 9.9973E-05 9.9973E-05
9.9973E-05 0.117044 0.882656 9.9973E-05 9.9973E-05
0.405408 0.150084 0.323204 9.9991E-05 0.121204
0.0467647 0.345559 0.498353 0.109223 9.9991E-05
0.129836 0.228322 0.592955 0.0487864 9.9991E-05
0.0300474 0.289253 0.6805 9.9982E-05 9.9982E-05
0.662648 0.2533 0.0412554 0.0426963 9.9991E-05
0.499538 0.17442 0.238499 0.00180669 0.0857358
0.812739 0.0524547 0.0656661 0.0690399 9.9991E-05
0.680291 0.0963287 0.0693415 0.0110696 0.142969
0.640702 0.047457 0.311641 9.9982E-05 9.9982E-05
0.677037 0.0886501 9.9991E-05 0.201964 0.0322491
0.5378 9.9982E-05 9.9982E-05 0.407228 0.0547723
0.501 0.135651 0.256044 0.107204 9.9991E-05
0.821396 0.00709363 0.00625223 0.0393662 0.125892
0.288927 0.332509 0.0575037 0.32096 9.9991E-05
0.770309 0.0894641 0.016663 0.123464 9.9991E-05
0.531957 0.192543 0.143158 0.132242 9.9991E-05
0.557705 0.255714 0.157439 9.9991E-05 0.0290414
0.676395 0.155057 0.0881519 0.0754383 0.00495796
0.851426 0.137025 9.9982E-05 9.9982E-05 0.0113493
0.76098 0.13437 0.0674412 9.9991E-05 0.0371083
0.76686 0.135137 9.9982E-05 9.9982E-05 0.0978034
0.811393 0.0616497 9.9991E-05 0.116664 0.0101942
0.618469 0.33227 9.9982E-05 0.0490612 9.9982E-05
0.763628 9.9982E-05 0.163997 0.0721744 9.9982E-05
0.681917 0.118823 9.9991E-05 0.163328 0.035832
0.886026 0.0989261 0.0148477 9.9982E-05 9.9982E-05
0.952949 9.9973E-05 9.9973E-05 9.9973E-05 0.0467512
0.523877 0.382142 0.0138467 0.0425637 0.0375705
0.814417 0.144602 9.9982E-05 0.0407807 9.9982E-05
0.9996 9.997E-05 9.997E-05 9.997E-05 9.997E-05
0.815768 0.142739 9.9982E-05 9.9982E-05 0.0412934
0.792318 0.110831 0.0787571 9.9991E-05 0.0179938
0.839364 0.160336 9.9973E-05 9.9973E-05 9.9973E-05
0.94713 0.0525703 9.9973E-05 9.9973E-05 9.9973E-05
0.844434 0.0341983 0.0911913 9.9991E-05 0.0300769
0.822916 0.176784 9.9973E-05 9.9973E-05 9.9973E-05
0.575817 0.423884 9.9973E-05 9.9973E-05 9.9973E-05
0.687481 0.274097 9.9982E-05 9.9982E-05 0.038222
0.78539 0.21431 9.9973E-05 9.9973E-05 9.9973E-05
0.655814 0.160221 0.0729688 0.0584341 0.0525622
0.922404 0.075906 0.00149006 9.9982E-05 9.9982E-05
0.933658 0.00874663 9.9982E-05 0.0573951 9.9982E-05
0.911292 0.0295651 9.9982E-05 9.9982E-05 0.0589432
0.559742 0.299008 0.0834456 9.9991E-05 0.057704
0.942132 9.9973E-05 9.9973E-05 0.0575679 9.9973E-05
0.704455 0.258427 9.9982E-05 9.9982E-05 0.0369187
0.801985 0.169475 9.9982E-05 9.9982E-05 0.0283398
0.889463 9.9982E-05 0.0537524 9.9982E-05 0.0565848
0.632443 0.248081 9.9991E-05 0.0751021 0.0442738
0.476694 0.270694 0.148561 9.9991E-05 0.103951
0.617632 0.307089 0.00985396 9.9991E-05 0.0653245
0.602255 0.237124 9.9982E-05 0.160421 9.9982E-05
0.569203 0.351188 9.9982E-05 0.0794089 9.9982E-05
0.86451 0.0217405 0.11355 9.9982E-05 9.9982E-05
0.511905 0.431484 9.9982E-05 0.0564111 9.9982E-05
0.643842 0.180016 9.9982E-05 0.175942 9.9982E-05
0.576384 0.364328 0.0431866 0.0160017 9.9991E-05
0.600493 0.24289 0.0603047 0.0450813 0.0512306
0.31508 0.599385 9.9982E-05 0.0853347 9.9982E-05
0.453072 0.459963 0.0867647 9.9982E-05 9.9982E-05
0.532016 0.467684 9.9973E-05 9.9973E-05 9.9973E-05
0.355078 0.571878 0.0480925 9.9991E-05 0.0248524
0.584046 0.415654 9.9973E-05 9.9973E-05 9.9973E-05
0.531616 0.468084 9.9973E-05 9.9973E-05 9.9973E-05
0.570925 0.411651 9.9982E-05 0.0172248 9.9982E-05
0.602812 0.396888 9.9973E-05 9.9973E-05 9.9973E-05
0.115921 0.747839 0.106443 0.0169022 0.0128947
0.564933 0.141052 0.146974 0.0903843 0.056656
0.0569453 0.757624 0.0473892 0.137942 9.9991E-05
0.118159 0.524258 0.101607 0.219193 0.0367835
0.260114 0.545218 0.164252 0.0303152 9.9991E-05
0.474988 0.524712 9.9973E-05 9.9973E-05 9.9973E-05
0.33308 0.66662 9.9973E-05 9.9973E-05 9.9973E-05
0.500647 0.499053 9.9973E-05 9.9973E-05 9.9973E-05
0.232863 0.723999 0.0429385 9.9982E-05 9.9982E-05
0.0108424 0.965072 0.0238856 9.9982E-05 9.9982E-05
0.255587 0.675157 0.0146936 0.0544618 9.9991E-05
0.212057 0.768511 0.019232 9.9982E-05 9.9982E-05
0.271033 0.561641 0.0749042 0.0923222 9.9991E-05
0.218886 0.609389 0.0318137 0.139811 9.9991E-05
0.284094 0.666113 9.9991E-05 0.0188506 0.0308422
9.9973E-05 0.988266 9.9973E-05 9.9973E-05 0.0114344
0.349958 0.553621 0.0783056 0.0180151 9.9991E-05
0.521345 0.280307 9.9991E-05 0.137902 0.0603467
0.173549 0.683334 0.0791809 0.0638368 9.9991E-05
0.320226 0.676325 0.00324902 9.9982E-05 9.9982E-05
0.407756 0.521167 9.9991E-05 0.0326604 0.0383167
0.0661339 0.863962 0.0350971 9.9991E-05 0.034707
0.145891 0.785677 0.0148953 0.053437 9.9991E-05
0.0184448 0.981255 9.9973E-05 9.9973E-05 9.9973E-05
0.113725 0.815949 9.9982E-05 0.0701262 9.9982E-05
9.997E-05 0.9996 9.997E-05 9.997E-05 9.997E-05
9.997E-05 0.9996 9.997E-05 9.997E-05 9.997E-05
9.9973E-05 0.993277 9.9973E-05 9.9973E-05 0.00642356
0.000338864 0.965395 0.0330844 9.9991E-05 0.00108172
9.997E-05 0.9996 9.997E-05 9.997E-05 9.997E-05
9.9973E-05 0.987081 0.0126187 9.9973E-05 9.9973E-05
9.9982E-05 0.985422 0.000124214 0.0142537 9.9982E-05
9.997E-05 0.9996 9.997E-05 9.997E-05 9.997E-05
9.9973E-05 0.978309 9.9973E-05 0.0213909 9.9973E-05
9.997E-05 0.9996 9.997E-05 9.997E-05 9.997E-05
9.9973E-05 0.981757 0.0179431 9.9973E-05 9.9973E-05
9.997E-05 0.9996 9.997E-05 9.997E-05 9.997E-05
0.0409248 0.951041 9.9982E-05 9.9982E-05 0.00783408
9.997E-05 0.9996 9.997E-05 9.997E-05 9.997E-05
9.997E-05 0.9996 9.997E-05 9.997E-05 9.997E-05
0.170089 0.829611 9.9973E-05 9.9973E-05 9.9973E-05
0.136279 0.834476 9.9982E-05 0.0290451 9.9982E-05
9.9973E-05 0.910763 9.9973E-05 9.9973E-05 0.0889369
0.115498 0.808244 0.0760583 9.9982E-05 9.9982E-05
0.0200834 0.938584 0.0150368 0.0261959 9.9991E-05
0.10722 0.879839 9.9982E-05 0.012741 9.9982E-05
0.0245485 0.913516 0.0322586 9.9991E-05 0.0295764
9.9982E-05 0.95929 9.9982E-05 0.0363288 0.00418177
9.9982E-05 0.8831 0.0691903 9.9982E-05 0.04751
9.9973E-05 0.975119 9.9973E-05 0.0245812 9.9973E-05
9.9973E-05 0.986679 9.9973E-05 9.9973E-05 0.0130209
0.0680418 0.906765 0.0249932 9.9982E-05 9.9982E-05
0.325765 0.578125 9.9991E-05 0.0144336 0.0815758
0.0184916 0.917965 9.9991E-05 0.0176075 0.045836
0.29284 0.634611 9.9982E-05 9.9982E-05 0.0723483
9.9982E-05 0.940369 0.0250938 0.0343371 9.9982E-05
0.20285 0.642309 0.0491832 0.105558 9.9991E-05
0.248742 0.621972 0.0693689 0.0598173 9.9991E-05
9.9982E-05 0.764288 0.159025 9.9982E-05 0.0764863
9.9982E-05 0.852799 0.0551917 9.9982E-05 0.0918097
0.17769 0.707492 0.0620406 0.0439768 0.00879997
0.0818363 0.877075 0.00711918 9.9991E-05 0.03387
0.152368 0.639275 0.0773398 0.109071 0.0219456
0.14561 0.730518 0.0406909 0.083082 9.9991E-05
0.222793 0.762917 9.9982E-05 9.9982E-05 0.0140903
0.0468594 0.743295 0.0229622 0.0927936 0.0940899
9.9991E-05 0.826837 0.0131257 0.0669059 0.0930311
0.152419 0.809042 0.0194362 9.9991E-05 0.0190031
0.220301 0.703319 9.9991E-05 0.067338 0.0089413
9.9991E-05 0.887274 0.0159138 0.055505 0.0412075
