9.99191E-05 0.055651 0.0569279 0.0611924 9.99191E-05 9.99191E-05 9.99191E-05 9.99191E-05 9.99191E-05 0.0676723 9.99191E-05 0.0169933 0.705869 9.99191E-05 9.99191E-05 0.012747 0.0220476
9.9901E-05 9.9901E-05 9.9901E-05 9.9901E-05 0.00251436 9.9901E-05 0.0972081 9.9901E-05 9.9901E-05 9.9901E-05 0.07429 9.9901E-05 0.758219 0.0189592 0.0477104 9.9901E-05 9.9901E-05
9.98652E-05 9.98652E-05 9.98652E-05 0.0146548 9.98652E-05 9.98652E-05 9.98652E-05 9.98652E-05 9.98652E-05 9.98652E-05 9.98652E-05 9.98652E-05 0.983847 9.98652E-05 9.98652E-05 9.98652E-05 9.98652E-05
9.99011E-05 9.99011E-05 9.99011E-05 9.99011E-05 0.0167765 0.086998 0.00995263 9.99011E-05 0.0401355 9.99011E-05 9.99011E-05 9.99011E-05 0.699259 9.99011E-05 0.14578 9.99011E-05 9.99011E-05
0.0199329 9.98921E-05 9.98921E-05 9.98921E-05 9.98921E-05 0.00125393 9.98921E-05 9.98921E-05 9.98921E-05 9.98921E-05 9.98921E-05 0.0102174 0.700308 9.98921E-05 0.267089 9.98921E-05 9.98921E-05
0.00501188 9.99011E-05 0.0588249 9.99011E-05 9.99011E-05 9.99011E-05 9.99011E-05 9.99011E-05 0.115654 9.99011E-05 9.99011E-05 9.99011E-05 0.756198 9.99011E-05 0.0424364 0.0207757 9.99011E-05
0.088008 0.106692 9.99101E-05 9.99101E-05 9.99101E-05 9.99101E-05 9.99101E-05 9.99101E-05 9.99101E-05 9.99101E-05 9.99101E-05 0.0467639 0.464424 0.0641885 9.99101E-05 0.016111 0.212814
0.0647888 9.98831E-05 9.98831E-05 9.98831E-05 9.98831E-05 9.98831E-05 9.98831E-05 9.98831E-05 9.98831E-05 9.98831E-05 0.0316949 0.0380529 0.864165 9.98831E-05 9.98831E-05 9.98831E-05 9.98831E-05
9.99011E-05 9.99011E-05 0.0780885 0.0868258 9.99011E-05 9.99011E-05 9.99011E-05 0.087966 0.00176072 9.99011E-05 9.99011E-05 0.00778593 0.736474 9.99011E-05 9.99011E-05 9.99011E-05 9.99011E-05
9.98742E-05 9.98742E-05 9.98742E-05 9.98742E-05 9.98742E-05 9.98742E-05 9.98742E-05 9.98742E-05 9.98742E-05 9.98742E-05 0.0318803 9.98742E-05 0.864847 9.98742E-05 9.98742E-05 9.98742E-05 0.101874
9.98831E-05 9.98831E-05 9.98831E-05 9.98831E-05 9.98831E-05 9.98831E-05 9.98831E-05 9.98831E-05 9.98831E-05 0.138403 0.0989461 0.0660738 0.695278 9.98831E-05 9.98831E-05 9.98831E-05 9.98831E-05
9.98562E-05 9.98562E-05 9.98562E-05 9.98562E-05 0.998402 9.98562E-05 9.98562E-05 9.98562E-05 9.98562E-05 9.98562E-05 9.98562E-05 9.98562E-05 9.98562E-05 9.98562E-05 9.98562E-05 9.98562E-05 9.98562E-05
9.99011E-05 9.99011E-05 9.99011E-05 9.99011E-05 0.746621 0.106892 0.0127777 9.99011E-05 0.0518656 9.99011E-05 0.0689186 9.99011E-05 9.99011E-05 0.0118255 9.99011E-05 9.99011E-05 9.99011E-05
9.98561E-05 9.98561E-05 9.98561E-05 9.98561E-05 9.98561E-05 9.98561E-05 9.98561E-05 9.98561E-05 9.98561E-05 9.98561E-05 9.98561E-05 9.98561E-05 9.98561E-05 9.98561E-05 9.98561E-05 9.98561E-05 0.998402
0.0358786 0.0192983 9.9901E-05 0.0199336 9.9901E-05 9.9901E-05 9.9901E-05 0.0286828 9.9901E-05 9.9901E-05 9.9901E-05 9.9901E-05 9.9901E-05 0.0151576 9.9901E-05 9.9901E-05 0.87995
9.9901E-05 9.9901E-05 0.136542 0.114758 0.488403 9.9901E-05 0.0531032 9.9901E-05 0.0326686 9.9901E-05 9.9901E-05 9.9901E-05 9.9901E-05 9.9901E-05 9.9901E-05 9.9901E-05 0.173426
9.99011E-05 0.0995913 9.99011E-05 9.99011E-05 0.738896 9.99011E-05 9.99011E-05 9.99011E-05 9.99011E-05 0.0258129 9.99011E-05 9.99011E-05 0.039335 9.99011E-05 0.00509625 9.99011E-05 0.0901696
0.0286077 9.9901E-05 9.9901E-05 9.9901E-05 0.708896 9.9901E-05 9.9901E-05 9.9901E-05 0.165816 0.032067 0.0564394 0.00707485 9.9901E-05 9.9901E-05 9.9901E-05 9.9901E-05 9.9901E-05
0.0231332 9.99011E-05 0.150292 0.131003 0.602624 0.0402371 9.99011E-05 9.99011E-05 9.99011E-05 9.99011E-05 9.99011E-05 0.0516121 9.99011E-05 9.99011E-05 9.99011E-05 9.99011E-05 9.99011E-05
9.991E-05 9.991E-05 9.991E-05 0.0389055 0.279247 9.991E-05 0.015801 9.991E-05 0.0654612 9.991E-05 9.991E-05 9.991E-05 9.991E-05 9.991E-05 0.407458 0.0446785 0.147449
0.00803835 0.0653887 0.0884857 0.245176 0.34829 9.9946E-05 0.0480855 0.030182 9.9946E-05 9.9946E-05 0.0613818 0.00059443 9.9946E-05 0.07983 9.9946E-05 9.9946E-05 0.0239469
9.98921E-05 9.98921E-05 9.98921E-05 0.146168 9.98921E-05 9.98921E-05 0.566425 0.0630701 9.98921E-05 0.0535985 9.98921E-05 0.169539 9.98921E-05 9.98921E-05 9.98921E-05 9.98921E-05 9.98921E-05
0.0779884 9.98921E-05 9.98921E-05 0.0742613 9.98921E-05 9.98921E-05 0.640068 9.98921E-05 0.0972435 9.98921E-05 9.98921E-05 9.98921E-05 9.98921E-05 9.98921E-05 0.10924 9.98921E-05 9.98921E-05
0.0903629 0.0207893 9.9937E-05 9.9937E-05 0.0470059 9.9937E-05 0.687843 0.0307809 0.0128328 9.9937E-05 9.9937E-05 0.0251098 0.0582479 0.0186912 9.9937E-05 0.00763653 9.9937E-05
9.98741E-05 9.98741E-05 9.98741E-05 9.98741E-05 9.98741E-05 0.00417221 0.979186 9.98741E-05 9.98741E-05 9.98741E-05 9.98741E-05 0.0152433 9.98741E-05 9.98741E-05 9.98741E-05 9.98741E-05 9.98741E-05
0.103612 0.0375466 9.9928E-05 0.0754643 9.9928E-05 9.9928E-05 0.526593 0.0381754 9.9928E-05 0.0821878 9.9928E-05 0.00538819 9.9928E-05 9.9928E-05 0.129928 9.9928E-05 0.000305189
0.0614609 9.9946E-05 0.0628856 9.9946E-05 0.0419141 0.0956859 0.382786 0.0561921 9.9946E-05 0.0442446 0.0675048 0.128809 9.9946E-05 0.0207862 9.9946E-05 0.0371304 9.9946E-05
9.98562E-05 9.98562E-05 9.98562E-05 9.98562E-05 9.98562E-05 9.98562E-05 0.998402 9.98562E-05 9.98562E-05 9.98562E-05 9.98562E-05 9.98562E-05 9.98562E-05 9.98562E-05 9.98562E-05 9.98562E-05 9.98562E-05
9.98831E-05 0.141255 9.98831E-05 0.0301554 9.98831E-05 9.98831E-05 0.753699 9.98831E-05 9.98831E-05 0.0735922 9.98831E-05 9.98831E-05 9.98831E-05 9.98831E-05 9.98831E-05 9.98831E-05 9.98831E-05
0.000985617 9.98921E-05 0.0182578 9.98921E-05 0.0402325 0.00307034 0.936255 9.98921E-05 9.98921E-05 9.98921E-05 9.98921E-05 9.98921E-05 9.98921E-05 9.98921E-05 9.98921E-05 9.98921E-05 9.98921E-05
9.9937E-05 0.12931 0.0637695 0.0567158 9.9937E-05 0.0827921 0.0588391 9.9937E-05 0.36719 0.0826972 0.040172 0.0313388 9.9937E-05 9.9937E-05 9.9937E-05 9.9937E-05 0.0864757
9.99191E-05 0.37628 9.99191E-05 9.99191E-05 9.99191E-05 9.99191E-05 0.0138078 9.99191E-05 0.291116 0.0733157 9.99191E-05 0.0102148 0.202034 9.99191E-05 9.99191E-05 0.0201018 0.0122313
9.99191E-05 9.99191E-05 0.0878365 0.312865 9.99191E-05 9.99191E-05 0.0776525 9.99191E-05 9.99191E-05 0.252328 0.162879 9.99191E-05 0.0369127 9.99191E-05 9.99191E-05 0.0635545 0.00507295
0.104651 9.99101E-05 9.99101E-05 0.319114 9.99101E-05 9.99101E-05 0.118896 0.00730061 0.207087 9.99101E-05 9.99101E-05 9.99101E-05 9.99101E-05 9.99101E-05 0.055096 0.186856 9.99101E-05
0.15339 9.9937E-05 0.0430506 0.13099 9.9937E-05 9.9937E-05 0.19625 0.0711238 0.0786369 0.0415958 9.9937E-05 9.9937E-05 0.0179114 0.0801296 9.9937E-05 0.186222 9.9937E-05
0.0164336 9.99101E-05 9.99101E-05 0.687524 0.0113026 9.99101E-05 9.99101E-05 9.99101E-05 0.127244 0.0562813 9.99101E-05 9.99101E-05 9.99101E-05 9.99101E-05 0.0790606 0.0211545 9.99101E-05
0.156621 9.9928E-05 9.9928E-05 0.22237 0.103358 9.9928E-05 0.221518 9.9928E-05 9.9928E-05 0.0716171 9.9928E-05 0.0270511 0.10593 9.9928E-05 0.00963302 0.0811025 9.9928E-05
0.282434 9.9928E-05 0.0287005 0.113265 0.288239 9.9928E-05 0.149553 9.9928E-05 0.0097687 0.0404744 9.9928E-05 9.9928E-05 9.9928E-05 0.0756664 9.9928E-05 0.0110985 9.9928E-05
9.98561E-05 9.98561E-05 9.98561E-05 9.98561E-05 9.98561E-05 9.98561E-05 9.98561E-05 9.98561E-05 9.98561E-05 9.98561E-05 9.98561E-05 9.98561E-05 9.98561E-05 9.98561E-05 9.98561E-05 0.998402 9.98561E-05
0.0188819 9.9919E-05 9.9919E-05 0.00743246 9.9919E-05 9.9919E-05 9.9919E-05 9.9919E-05 9.9919E-05 9.9919E-05 0.0957782 0.0196174 0.0257546 9.9919E-05 0.00659064 0.801009 0.0240364
9.98651E-05 9.98651E-05 9.98651E-05 0.986487 9.98651E-05 9.98651E-05 9.98651E-05 9.98651E-05 9.98651E-05 0.012015 9.98651E-05 9.98651E-05 9.98651E-05 9.98651E-05 9.98651E-05 9.98651E-05 9.98651E-05
9.9919E-05 0.0188735 0.103426 0.428928 9.9919E-05 9.9919E-05 0.00350949 9.9919E-05 0.0547331 9.9919E-05 9.9919E-05 0.0970783 0.00123881 9.9919E-05 9.9919E-05 0.291313 9.9919E-05
9.98561E-05 9.98561E-05 9.98561E-05 0.998402 9.98561E-05 9.98561E-05 9.98561E-05 9.98561E-05 9.98561E-05 9.98561E-05 9.98561E-05 9.98561E-05 9.98561E-05 9.98561E-05 9.98561E-05 9.98561E-05 9.98561E-05
0.05995 9.9928E-05 9.9928E-05 0.21899 0.232356 0.0229703 0.131085 9.9928E-05 0.0496537 0.200868 9.9928E-05 9.9928E-05 0.00887002 9.9928E-05 9.9928E-05 0.0744577 9.9928E-05
9.9946E-05 0.0283081 9.9946E-05 0.0747319 0.00234936 9.9946E-05 9.9946E-05 0.0705828 0.0472794 9.9946E-05 0.146941 0.0791495 9.9946E-05 0.00497139 0.0631219 0.470771 0.0111941
9.991E-05 9.991E-05 9.991E-05 0.0427181 9.991E-05 9.991E-05 0.0702522 9.991E-05 0.45661 0.0379996 0.0690813 0.226346 9.991E-05 9.991E-05 0.0959938 9.991E-05 9.991E-05
0.0050819 9.99101E-05 0.15245 9.99101E-05 9.99101E-05 9.99101E-05 9.99101E-05 9.99101E-05 0.597742 0.133414 9.99101E-05 0.0657312 9.99101E-05 0.0441167 9.99101E-05 0.000465398 9.99101E-05
0.0529317 9.9901E-05 9.9901E-05 9.9901E-05 9.9901E-05 9.9901E-05 9.9901E-05 9.9901E-05 0.0336533 9.9901E-05 9.9901E-05 0.456857 0.00115902 9.9901E-05 9.9901E-05 0.0121733 0.442127
9.991E-05 0.0234273 9.991E-05 0.0736859 0.22596 9.991E-05 9.991E-05 9.991E-05 0.326932 0.018465 9.991E-05 0.311119 9.991E-05 9.991E-05 0.0194112 9.991E-05 9.991E-05
0.0626349 9.99101E-05 9.99101E-05 9.99101E-05 0.00352019 9.99101E-05 9.99101E-05 0.0412454 0.768871 0.0521753 9.99101E-05 9.99101E-05 9.99101E-05 9.99101E-05 9.99101E-05 0.0358378 0.0347163
9.991E-05 0.124939 0.117799 0.119616 0.00040448 9.991E-05 9.991E-05 9.991E-05 0.303093 9.991E-05 9.991E-05 0.313969 9.991E-05 9.991E-05 9.991E-05 9.991E-05 0.0191803
9.9919E-05 0.0107673 9.9919E-05 0.0618881 0.0100587 9.9919E-05 0.0718615 0.116061 0.572437 9.9919E-05 0.10169 0.054337 9.9919E-05 9.9919E-05 9.9919E-05 9.9919E-05 9.9919E-05
9.98651E-05 9.98651E-05 9.98651E-05 9.98651E-05 9.98651E-05 9.98651E-05 9.98651E-05 9.98651E-05 0.99362 9.98651E-05 9.98651E-05 9.98651E-05 9.98651E-05 9.98651E-05 9.98651E-05 0.00488217 9.98651E-05
9.9928E-05 0.0775206 0.0805729 9.9928E-05 9.9928E-05 9.9928E-05 0.202854 0.0453042 0.295993 0.117148 0.151879 9.9928E-05 9.9928E-05 9.9928E-05 9.9928E-05 0.00247206 0.025457
0.015989 0.0916429 9.9928E-05 0.107789 0.0858825 0.049818 0.0286883 9.9928E-05 0.514384 9.9928E-05 9.9928E-05 9.9928E-05 0.065453 0.0395538 9.9928E-05 9.9928E-05 9.9928E-05
9.9937E-05 0.119587 0.0609474 0.00034054 9.9937E-05 0.0326678 9.9937E-05 0.0138406 0.606999 9.9937E-05 0.0482122 9.9937E-05 9.9937E-05 0.00647623 0.00647363 9.9937E-05 0.103756
9.9919E-05 0.0734715 0.124822 9.9919E-05 9.9919E-05 9.9919E-05 0.038236 9.9919E-05 0.265812 9.9919E-05 0.0286529 0.396106 9.9919E-05 0.0108635 9.9919E-05 9.9919E-05 0.0611368
9.99011E-05 0.0208352 9.99011E-05 9.99011E-05 0.0280875 9.99011E-05 0.200479 9.99011E-05 0.711684 0.0293802 9.99011E-05 9.99011E-05 9.99011E-05 9.99011E-05 0.00843478 9.99011E-05 9.99011E-05
9.991E-05 0.023818 9.991E-05 9.991E-05 0.0491836 0.00606618 9.991E-05 9.991E-05 0.443409 0.335848 9.991E-05 9.991E-05 0.0640446 9.991E-05 9.991E-05 0.0766312 9.991E-05
9.9919E-05 9.9919E-05 9.9919E-05 0.0702014 0.0270473 0.00202063 0.151727 9.9919E-05 0.63656 9.9919E-05 9.9919E-05 9.9919E-05 0.091416 0.010654 0.00947396 9.9919E-05 9.9919E-05
0.0533265 9.99101E-05 9.99101E-05 0.0816512 0.0104621 0.167812 9.99101E-05 9.99101E-05 0.627167 9.99101E-05 9.99101E-05 0.025836 9.99101E-05 9.99101E-05 9.99101E-05 0.0327463 9.99101E-05
9.98561E-05 9.98561E-05 9.98561E-05 9.98561E-05 9.98561E-05 9.98561E-05 9.98561E-05 9.98561E-05 9.98561E-05 9.98561E-05 9.98561E-05 0.998402 9.98561E-05 9.98561E-05 9.98561E-05 9.98561E-05 9.98561E-05
9.99011E-05 0.552677 0.0915206 9.99011E-05 9.99011E-05 0.0234549 0.150926 0.037916 0.142407 9.99011E-05 9.99011E-05 9.99011E-05 9.99011E-05 9.99011E-05 9.99011E-05 9.99011E-05 9.99011E-05
0.18345 0.537115 9.98921E-05 0.0121267 9.98921E-05 9.98921E-05 9.98921E-05 9.98921E-05 0.0148739 0.251235 9.98921E-05 9.98921E-05 9.98921E-05 9.98921E-05 9.98921E-05 9.98921E-05 9.98921E-05
9.9946E-05 0.345938 9.9946E-05 9.9946E-05 0.0949756 0.0100076 0.126442 0.0406306 0.0191654 0.125465 0.0917742 0.0654994 9.9946E-05 9.9946E-05 9.9946E-05 0.0398292 0.0396735
0.0220078 0.676892 9.991E-05 0.0534669 9.991E-05 9.991E-05 9.991E-05 9.991E-05 9.991E-05 9.991E-05 0.134895 0.0232673 9.991E-05 0.0334084 9.991E-05 9.991E-05 0.0550637
9.9892E-05 0.487653 9.9892E-05 9.9892E-05 9.9892E-05 9.9892E-05 0.13659 9.9892E-05 9.9892E-05 9.9892E-05 0.0883861 9.9892E-05 9.9892E-05 0.0590135 9.9892E-05 9.9892E-05 0.227158
0.0230478 0.619008 9.9928E-05 0.0363613 9.9928E-05 0.121293 0.0381328 0.0347864 0.055624 0.0676032 0.0033436 9.9928E-05 9.9928E-05 9.9928E-05 9.9928E-05 9.9928E-05 9.9928E-05
9.98831E-05 0.858798 9.98831E-05 9.98831E-05 9.98831E-05 9.98831E-05 0.0755239 9.98831E-05 0.0298192 9.98831E-05 9.98831E-05 9.98831E-05 0.03456 9.98831E-05 9.98831E-05 9.98831E-05 9.98831E-05
9.98742E-05 0.56651 0.0258798 9.98742E-05 9.98742E-05 9.98742E-05 9.98742E-05 9.98742E-05 9.98742E-05 9.98742E-05 9.98742E-05 9.98742E-05 9.98742E-05 9.98742E-05 0.406212 9.98742E-05 9.98742E-05
0.244608 0.493392 9.9892E-05 9.9892E-05 9.9892E-05 9.9892E-05 9.9892E-05 9.9892E-05 9.9892E-05 0.207758 9.9892E-05 9.9892E-05 9.9892E-05 0.0118408 9.9892E-05 9.9892E-05 0.041203
9.9919E-05 0.647267 0.0516847 9.9919E-05 0.0568512 9.9919E-05 9.9919E-05 0.0188892 9.9919E-05 0.0635727 9.9919E-05 9.9919E-05 0.0374196 9.9919E-05 9.9919E-05 0.0361904 0.0872262
9.991E-05 0.678281 0.148516 9.991E-05 9.991E-05 0.00402444 9.991E-05 9.991E-05 9.991E-05 9.991E-05 0.0528074 9.991E-05 0.0274708 9.991E-05 9.991E-05 0.0578409 0.0300601
9.99101E-05 0.409663 9.99101E-05 0.126408 0.0750229 0.121596 0.0361266 9.99101E-05 9.99101E-05 9.99101E-05 9.99101E-05 9.99101E-05 0.0557217 9.99101E-05 0.174463 9.99101E-05 9.99101E-05
9.99101E-05 0.807696 9.99101E-05 9.99101E-05 0.0358982 0.0665528 0.0101592 9.99101E-05 0.0255547 9.99101E-05 9.99101E-05 9.99101E-05 0.0444649 0.0086747 9.99101E-05 9.99101E-05 9.99101E-05
0.0633956 0.717528 0.00262291 0.0423179 9.99191E-05 9.99191E-05 9.99191E-05 0.0526897 9.99191E-05 9.99191E-05 0.0704151 0.0320389 9.99191E-05 9.99191E-05 9.99191E-05 0.0180927 9.99191E-05
0.0268965 0.689355 9.991E-05 0.0512079 9.991E-05 0.0507499 9.991E-05 0.0219748 9.991E-05 9.991E-05 0.114305 9.991E-05 9.991E-05 9.991E-05 0.0445119 9.991E-05 9.991E-05
0.0375053 0.305611 9.9928E-05 9.9928E-05 0.053946 9.9928E-05 9.9928E-05 0.0504051 9.9928E-05 0.0158289 0.193634 0.241836 9.9928E-05 9.9928E-05 0.0660343 0.0343995 9.9928E-05
9.99011E-05 0.168093 0.0158052 0.0576867 9.99011E-05 0.474078 9.99011E-05 9.99011E-05 9.99011E-05 9.99011E-05 9.99011E-05 9.99011E-05 9.99011E-05 9.99011E-05 0.0687482 9.99011E-05 0.21449
0.0144365 9.98921E-05 9.98921E-05 0.0931564 0.0351493 0.824095 9.98921E-05 9.98921E-05 9.98921E-05 9.98921E-05 0.0319641 9.98921E-05 9.98921E-05 9.98921E-05 9.98921E-05 9.98921E-05 9.98921E-05
9.98921E-05 0.138477 9.98921E-05 9.98921E-05 9.98921E-05 0.523145 9.98921E-05 9.98921E-05 9.98921E-05 9.98921E-05 0.0808664 9.98921E-05 9.98921E-05 9.98921E-05 0.103478 9.98921E-05 0.152835
0.133538 0.107441 9.9901E-05 9.9901E-05 0.0190776 0.633843 9.9901E-05 9.9901E-05 0.0580097 9.9901E-05 9.9901E-05 9.9901E-05 9.9901E-05 9.9901E-05 9.9901E-05 0.0469914 9.9901E-05
9.9919E-05 9.9919E-05 9.9919E-05 0.0147491 0.0298652 0.756356 0.0612153 0.0158974 9.9919E-05 0.0653941 9.9919E-05 9.9919E-05 0.00762761 9.9919E-05 9.9919E-05 9.9919E-05 0.047996
0.0386568 0.012872 0.0231388 9.9919E-05 9.9919E-05 0.422456 0.0844099 9.9919E-05 9.9919E-05 0.142831 9.9919E-05 9.9919E-05 9.9919E-05 0.00778388 0.266952 9.9919E-05 9.9919E-05
0.0225722 0.0514448 9.9919E-05 9.9919E-05 9.9919E-05 0.717658 9.9919E-05 0.00620932 9.9919E-05 0.0112633 9.9919E-05 0.0333065 9.9919E-05 0.066305 0.0903413 9.9919E-05 9.9919E-05
9.9928E-05 9.9928E-05 0.0103909 9.9928E-05 9.9928E-05 0.692782 0.0642164 0.0276343 9.9928E-05 0.0284462 9.9928E-05 0.0443285 0.0783796 9.9928E-05 9.9928E-05 0.0140523 0.0389709
9.99011E-05 9.99011E-05 0.0305189 9.99011E-05 9.99011E-05 0.939664 9.99011E-05 9.99011E-05 9.99011E-05 9.99011E-05 0.001693 0.00682906 9.99011E-05 0.00471957 9.99011E-05 0.0154769 9.99011E-05
0.0800051 0.0600511 9.9919E-05 9.9919E-05 9.9919E-05 0.0120864 0.0815946 9.9919E-05 0.131639 0.571611 0.0616695 9.9919E-05 9.9919E-05 0.000444218 9.9919E-05 9.9919E-05 9.9919E-05
0.000747478 9.98831E-05 9.98831E-05 0.0238518 9.98831E-05 9.98831E-05 9.98831E-05 0.0264083 9.98831E-05 0.947694 9.98831E-05 9.98831E-05 9.98831E-05 9.98831E-05 9.98831E-05 9.98831E-05 9.98831E-05
9.98742E-05 9.98742E-05 9.98742E-05 9.98742E-05 9.98742E-05 0.11902 9.98742E-05 9.98742E-05 9.98742E-05 0.806647 0.0729349 9.98742E-05 9.98742E-05 9.98742E-05 9.98742E-05 9.98742E-05 9.98742E-05
9.98921E-05 9.98921E-05 9.98921E-05 9.98921E-05 0.0300783 9.98921E-05 0.0012876 9.98921E-05 9.98921E-05 0.707123 9.98921E-05 0.215956 0.0443559 9.98921E-05 9.98921E-05 9.98921E-05 9.98921E-05
0.100999 9.99011E-05 9.99011E-05 9.99011E-05 9.99011E-05 0.107428 9.99011E-05 9.99011E-05 0.00852836 0.686749 9.99011E-05 9.99011E-05 0.0874447 9.99011E-05 9.99011E-05 0.00775189 9.99011E-05
9.9901E-05 9.9901E-05 9.9901E-05 0.0332186 0.0339613 9.9901E-05 9.9901E-05 9.9901E-05 0.226306 0.533007 9.9901E-05 9.9901E-05 9.9901E-05 0.0335927 9.9901E-05 0.138816 9.9901E-05
9.9928E-05 9.9928E-05 9.9928E-05 9.9928E-05 9.9928E-05 0.171371 0.0146045 0.0153927 0.0480028 0.1719 9.9928E-05 0.523201 9.9928E-05 0.0312765 0.00259172 0.0208605 9.9928E-05
9.9919E-05 9.9919E-05 0.132066 9.9919E-05 9.9919E-05 9.9919E-05 0.0888848 0.0545559 9.9919E-05 0.656859 9.9919E-05 0.017842 0.0129182 0.0284391 9.9919E-05 0.00753591 9.9919E-05
9.99101E-05 0.00971434 9.99101E-05 0.132576 9.99101E-05 9.99101E-05 9.99101E-05 9.99101E-05 0.010153 0.71789 0.00495145 0.0109143 9.99101E-05 9.99101E-05 9.99101E-05 9.99101E-05 0.112801
9.9937E-05 0.213858 9.9937E-05 0.0229358 0.0299979 0.0261902 9.9937E-05 9.9937E-05 9.9937E-05 0.521181 0.0692848 0.0442138 0.043519 0.0273853 9.9937E-05 0.000734895 9.9937E-05
9.9946E-05 0.0553572 9.9946E-05 9.9946E-05 0.0516564 0.0494587 0.016295 9.9946E-05 0.0295633 0.537738 0.147324 0.0117218 0.0152117 9.9946E-05 9.9946E-05 0.0521046 0.0329695
9.9946E-05 0.0100601 0.103482 9.9946E-05 9.9946E-05 0.0460164 0.0387757 0.0779478 0.0161476 0.497052 0.0332044 9.9946E-05 0.113088 0.0240494 9.9946E-05 0.0395772 9.9946E-05
9.9919E-05 9.9919E-05 9.9919E-05 0.0376957 0.0421606 0.103112 9.9919E-05 0.0364844 9.9919E-05 0.632009 0.00806898 9.9919E-05 9.9919E-05 9.9919E-05 0.0636696 9.9919E-05 0.0759011
9.9937E-05 0.112135 0.0493582 9.9937E-05 9.9937E-05 9.9937E-05 0.0284209 0.00182751 0.00224705 0.623509 9.9937E-05 0.000417062 0.00259163 9.9937E-05 0.112259 9.9937E-05 0.0665343
9.9919E-05 0.256564 0.00253796 0.0276918 9.9919E-05 9.9919E-05 0.0200633 9.9919E-05 9.9919E-05 0.464684 9.9919E-05 9.9919E-05 0.0322329 0.00815455 0.187172 9.9919E-05 9.9919E-05
9.9937E-05 0.000670559 0.0783884 9.9937E-05 9.9937E-05 0.0412762 0.0107837 0.00852754 0.231358 0.458985 9.9937E-05 0.0219422 9.9937E-05 9.9937E-05 9.9937E-05 0.0338054 0.113564
9.99011E-05 0.0334987 9.99011E-05 9.99011E-05 0.122196 0.0975115 0.0442539 0.00284899 9.99011E-05 0.698592 9.99011E-05 9.99011E-05 9.99011E-05 9.99011E-05 9.99011E-05 9.99011E-05 9.99011E-05
9.99011E-05 9.99011E-05 9.99011E-05 0.014044 9.99011E-05 0.0610902 9.99011E-05 0.0683453 9.99011E-05 0.549245 9.99011E-05 9.99011E-05 9.99011E-05 9.99011E-05 0.230575 9.99011E-05 0.0756016
9.98831E-05 0.0755853 9.98831E-05 9.98831E-05 9.98831E-05 9.98831E-05 9.98831E-05 9.98831E-05 9.98831E-05 0.160077 9.98831E-05 0.580404 9.98831E-05 9.98831E-05 0.182635 9.98831E-05 9.98831E-05
9.9919E-05 0.333324 0.0905592 0.0236664 9.9919E-05 9.9919E-05 0.0974722 9.9919E-05 0.0495738 9.9919E-05 0.0689511 9.9919E-05 9.9919E-05 0.00184078 0.333713 9.9919E-05 9.9919E-05
9.991E-05 0.116258 9.991E-05 9.991E-05 9.991E-05 0.0641137 0.00734295 9.991E-05 9.991E-05 0.205892 0.326707 9.991E-05 9.991E-05 0.0106089 9.991E-05 9.991E-05 0.268078
9.9937E-05 0.240866 9.9937E-05 0.037691 9.9937E-05 9.9937E-05 0.0556816 9.9937E-05 9.9937E-05 0.203375 0.172449 0.0218377 0.0195256 0.0178589 0.175378 9.9937E-05 0.0546378
9.9919E-05 0.270283 0.0545504 9.9919E-05 9.9919E-05 9.9919E-05 0.191289 9.9919E-05 9.9919E-05 0.132155 0.225633 0.00348625 9.9919E-05 9.9919E-05 0.0831192 9.9919E-05 0.0385839
9.98921E-05 9.98921E-05 0.150305 9.98921E-05 9.98921E-05 0.0105731 9.98921E-05 9.98921E-05 9.98921E-05 9.98921E-05 0.167141 9.98921E-05 9.98921E-05 9.98921E-05 0.632656 9.98921E-05 0.0381262
9.9928E-05 9.9928E-05 0.0635707 9.9928E-05 0.0779728 0.0102696 0.0691352 9.9928E-05 0.0405025 0.00461565 0.054928 9.9928E-05 9.9928E-05 9.9928E-05 0.676895 0.00131175 9.9928E-05
0.226169 9.98831E-05 0.0327238 9.98831E-05 9.98831E-05 9.98831E-05 9.98831E-05 9.98831E-05 9.98831E-05 9.98831E-05 0.0596721 9.98831E-05 9.98831E-05 9.98831E-05 0.680136 9.98831E-05 9.98831E-05
0.362707 0.0302463 0.0419009 0.0708285 9.9937E-05 9.9937E-05 0.00219417 0.0826842 0.0377093 9.9937E-05 9.9937E-05 9.9937E-05 0.0629982 0.00324331 0.304788 9.9937E-05 9.9937E-05
9.98741E-05 0.076336 9.98741E-05 9.98741E-05 9.98741E-05 0.048529 9.98741E-05 9.98741E-05 9.98741E-05 9.98741E-05 9.98741E-05 9.98741E-05 9.98741E-05 9.98741E-05 0.873737 9.98741E-05 9.98741E-05
0.1142 9.99101E-05 9.99101E-05 0.0200827 9.99101E-05 9.99101E-05 9.99101E-05 0.0032979 9.99101E-05 9.99101E-05 9.99101E-05 0.0102312 0.183484 0.00513909 0.662566 9.99101E-05 9.99101E-05
0.0721301 9.9928E-05 9.9928E-05 9.9928E-05 0.0958868 9.9928E-05 0.0149688 0.122029 9.9928E-05 9.9928E-05 9.9928E-05 0.0646482 0.171177 9.9928E-05 0.394477 0.0410497 0.0228337
0.203874 0.167086 0.105586 9.9919E-05 9.9919E-05 9.9919E-05 0.0851956 9.9919E-05 9.9919E-05 0.0254875 0.0828323 9.9919E-05 0.0730141 9.9919E-05 0.256026 9.9919E-05 9.9919E-05
0.107809 0.0259705 0.0501614 9.991E-05 9.991E-05 9.991E-05 9.991E-05 0.0545594 0.0633287 9.991E-05 9.991E-05 9.991E-05 9.991E-05 9.991E-05 0.673735 0.0234366 9.991E-05
9.9919E-05 9.9919E-05 0.02553 9.9919E-05 9.9919E-05 9.9919E-05 0.133001 0.0199688 9.9919E-05 9.9919E-05 0.286536 9.9919E-05 0.0944644 0.0158238 0.310505 9.9919E-05 0.113271
0.198824 9.98742E-05 9.98742E-05 9.98742E-05 9.98742E-05 9.98742E-05 9.98742E-05 9.98742E-05 9.98742E-05 9.98742E-05 9.98742E-05 9.98742E-05 0.0188567 9.98742E-05 0.780922 9.98742E-05 9.98742E-05
0.631006 0.0159577 9.9919E-05 9.9919E-05 9.9919E-05 0.0789696 0.0690661 9.9919E-05 9.9919E-05 0.0375834 0.118932 9.9919E-05 0.0343302 0.0132552 9.9919E-05 9.9919E-05 9.9919E-05
9.99011E-05 0.00527676 9.99011E-05 0.0277042 9.99011E-05 9.99011E-05 9.99011E-05 0.0294 9.99011E-05 9.99011E-05 0.0780641 9.99011E-05 9.99011E-05 9.99011E-05 0.854229 9.99011E-05 0.00422751
0.259372 0.0893957 0.217606 0.00248497 9.9937E-05 9.9937E-05 9.9937E-05 0.0388995 9.9937E-05 0.0114957 0.0100189 9.9937E-05 0.165114 0.0297061 0.175208 9.9937E-05 9.9937E-05
9.98562E-05 9.98562E-05 9.98562E-05 9.98562E-05 9.98562E-05 9.98562E-05 9.98562E-05 0.998402 9.98562E-05 9.98562E-05 9.98562E-05 9.98562E-05 9.98562E-05 9.98562E-05 9.98562E-05 9.98562E-05 9.98562E-05
0.412634 9.9919E-05 0.140076 9.9919E-05 9.9919E-05 9.9919E-05 9.9919E-05 0.00764702 9.9919E-05 9.9919E-05 0.0967803 0.0621432 9.9919E-05 0.0155465 0.218959 0.0453146 9.9919E-05
0.162068 9.99011E-05 0.342568 0.0547167 9.99011E-05 9.99011E-05 9.99011E-05 9.99011E-05 9.99011E-05 9.99011E-05 0.0555392 9.99011E-05 9.99011E-05 9.99011E-05 0.379522 0.00448841 9.99011E-05
9.98562E-05 9.98562E-05 9.98562E-05 9.98562E-05 9.98562E-05 9.98562E-05 9.98562E-05 0.998402 9.98562E-05 9.98562E-05 9.98562E-05 9.98562E-05 9.98562E-05 9.98562E-05 9.98562E-05 9.98562E-05 9.98562E-05
0.141617 9.98921E-05 0.348281 9.98921E-05 9.98921E-05 9.98921E-05 9.98921E-05 9.98921E-05 9.98921E-05 9.98921E-05 0.153192 9.98921E-05 0.173298 9.98921E-05 0.182413 9.98921E-05 9.98921E-05
0.445091 9.98921E-05 0.14206 9.98921E-05 9.98921E-05 9.98921E-05 9.98921E-05 9.98921E-05 9.98921E-05 0.0302957 9.98921E-05 9.98921E-05 9.98921E-05 9.98921E-05 0.180772 9.98921E-05 0.200583
0.0810572 0.0785641 9.9928E-05 0.0283345 0.049454 9.9928E-05 9.9928E-05 0.269187 0.0254857 9.9928E-05 0.192178 9.9928E-05 0.00985076 9.9928E-05 0.26509 9.9928E-05 9.9928E-05
0.193883 0.0261244 0.61081 9.99101E-05 9.99101E-05 9.99101E-05 9.99101E-05 0.0328113 9.99101E-05 9.99101E-05 0.0579055 9.99101E-05 0.0594547 9.99101E-05 0.0180118 9.99101E-05 9.99101E-05
0.382506 9.98921E-05 0.517671 9.98921E-05 0.0171208 9.98921E-05 9.98921E-05 0.0187 0.0628041 9.98921E-05 9.98921E-05 9.98921E-05 9.98921E-05 9.98921E-05 9.98921E-05 9.98921E-05 9.98921E-05
9.99011E-05 9.99011E-05 0.559913 9.99011E-05 0.0257017 9.99011E-05 9.99011E-05 0.0669589 0.0456145 9.99011E-05 0.235215 9.99011E-05 0.0654977 9.99011E-05 9.99011E-05 9.99011E-05 9.99011E-05
0.150564 9.9919E-05 0.496284 9.9919E-05 9.9919E-05 0.0443789 0.0578729 0.0911901 9.9919E-05 9.9919E-05 0.0800983 9.9919E-05 9.9919E-05 0.00550547 0.0732069 9.9919E-05 9.9919E-05
0.236906 9.98921E-05 0.63334 9.98921E-05 9.98921E-05 9.98921E-05 9.98921E-05 9.98921E-05 9.98921E-05 9.98921E-05 9.98921E-05 9.98921E-05 0.0118551 9.98921E-05 0.0982737 0.0184266 9.98921E-05
0.0801028 9.98921E-05 0.839705 9.98921E-05 9.98921E-05 0.0246666 9.98921E-05 9.98921E-05 9.98921E-05 9.98921E-05 9.98921E-05 9.98921E-05 9.98921E-05 0.00620218 9.98921E-05 0.0481243 9.98921E-05
0.266323 0.159265 0.524358 0.0134939 9.99011E-05 9.99011E-05 9.99011E-05 0.0134885 9.99011E-05 9.99011E-05 9.99011E-05 9.99011E-05 9.99011E-05 9.99011E-05 9.99011E-05 9.99011E-05 0.0219729
0.184052 9.99011E-05 0.596116 9.99011E-05 9.99011E-05 9.99011E-05 9.99011E-05 9.99011E-05 9.99011E-05 0.0474193 0.101277 9.99011E-05 0.000826915 9.99011E-05 0.0692103 9.99011E-05 9.99011E-05
0.348148 9.98741E-05 0.599094 9.98741E-05 9.98741E-05 0.0513594 9.98741E-05 9.98741E-05 9.98741E-05 9.98741E-05 9.98741E-05 9.98741E-05 9.98741E-05 9.98741E-05 9.98741E-05 9.98741E-05 9.98741E-05
0.106004 9.9928E-05 0.550078 0.0538921 9.9928E-05 9.9928E-05 0.0318465 0.0295521 9.9928E-05 0.10526 9.9928E-05 9.9928E-05 9.9928E-05 0.0488651 0.0725777 9.9928E-05 0.00112412
0.235616 9.99011E-05 0.459901 9.99011E-05 9.99011E-05 9.99011E-05 9.99011E-05 9.99011E-05 9.99011E-05 9.99011E-05 0.153453 0.0529572 9.99011E-05 0.0318573 0.0651164 9.99011E-05 9.99011E-05
9.98831E-05 9.98831E-05 0.604472 9.98831E-05 9.98831E-05 0.0168286 9.98831E-05 9.98831E-05 9.98831E-05 9.98831E-05 0.218043 9.98831E-05 9.98831E-05 9.98831E-05 0.159358 9.98831E-05 9.98831E-05
0.0504183 9.9919E-05 0.842407 9.9919E-05 0.00355943 9.9919E-05 9.9919E-05 0.000457541 0.0632859 9.9919E-05 0.0122554 9.9919E-05 9.9919E-05 0.0115586 9.9919E-05 9.9919E-05 0.0151587
0.0692854 9.98831E-05 0.90806 9.98831E-05 9.98831E-05 9.98831E-05 9.98831E-05 0.0127504 9.98831E-05 9.98831E-05 9.98831E-05 9.98831E-05 9.98831E-05 9.98831E-05 9.98831E-05 0.0086053 9.98831E-05
0.449656 0.0110377 0.159778 9.9937E-05 9.9937E-05 0.0186289 0.0287618 0.0233333 9.9937E-05 9.9937E-05 0.156339 9.9937E-05 0.0491243 9.9937E-05 9.9937E-05 0.002086 0.100555
0.293666 9.99011E-05 0.648469 9.99011E-05 9.99011E-05 9.99011E-05 9.99011E-05 0.0166249 9.99011E-05 0.0275501 0.00921721 0.0033733 9.99011E-05 9.99011E-05 9.99011E-05 9.99011E-05 9.99011E-05
0.353554 0.0700763 0.399838 9.9919E-05 9.9919E-05 9.9919E-05 9.9919E-05 0.0337698 9.9919E-05 9.9919E-05 0.0423534 0.00650806 0.0603667 9.9919E-05 9.9919E-05 9.9919E-05 0.0326335
0.372846 9.9901E-05 0.215844 9.9901E-05 0.0158538 9.9901E-05 9.9901E-05 9.9901E-05 0.0787947 9.9901E-05 9.9901E-05 9.9901E-05 9.9901E-05 9.9901E-05 0.282156 0.0334073 9.9901E-05
0.0149761 9.9928E-05 0.677131 9.9928E-05 9.9928E-05 0.032238 0.0412058 0.0352934 0.037886 9.9928E-05 0.144835 0.011899 9.9928E-05 0.00373631 9.9928E-05 9.9928E-05 9.9928E-05
0.951882 9.98652E-05 9.98652E-05 9.98652E-05 9.98652E-05 9.98652E-05 9.98652E-05 9.98652E-05 9.98652E-05 9.98652E-05 9.98652E-05 9.98652E-05 9.98652E-05 9.98652E-05 9.98652E-05 9.98652E-05 0.0466202
0.716964 9.98921E-05 9.98921E-05 9.98921E-05 9.98921E-05 9.98921E-05 9.98921E-05 0.0291665 9.98921E-05 9.98921E-05 0.190156 9.98921E-05 9.98921E-05 0.0343824 0.0281323 9.98921E-05 9.98921E-05
0.879763 9.99011E-05 0.0124765 9.99011E-05 0.0220392 9.99011E-05 9.99011E-05 0.00306464 9.99011E-05 9.99011E-05 0.0377457 9.99011E-05 9.99011E-05 9.99011E-05 0.0438119 9.99011E-05 9.99011E-05
0.665421 9.98831E-05 0.22459 0.0724729 9.98831E-05 9.98831E-05 9.98831E-05 9.98831E-05 9.98831E-05 0.0362179 9.98831E-05 9.98831E-05 9.98831E-05 9.98831E-05 9.98831E-05 9.98831E-05 9.98831E-05
0.777887 9.99011E-05 0.0559966 0.0668433 9.99011E-05 9.99011E-05 9.99011E-05 9.99011E-05 0.00441921 9.99011E-05 0.0887786 9.99011E-05 9.99011E-05 0.00497607 9.99011E-05 9.99011E-05 9.99011E-05
0.427404 9.991E-05 9.991E-05 0.0381807 9.991E-05 9.991E-05 0.0494614 9.991E-05 9.991E-05 0.0851441 0.185547 9.991E-05 9.991E-05 9.991E-05 0.199754 0.0135094 9.991E-05
0.63901 9.9919E-05 9.9919E-05 9.9919E-05 0.0128095 9.9919E-05 9.9919E-05 0.0820272 9.9919E-05 0.0522802 0.17559 9.9919E-05 9.9919E-05 0.0134495 9.9919E-05 0.02143 0.00250453
0.668074 9.99011E-05 9.99011E-05 9.99011E-05 9.99011E-05 0.0505148 9.99011E-05 0.0883653 9.99011E-05 9.99011E-05 0.00533345 9.99011E-05 0.132978 0.0536354 9.99011E-05 9.99011E-05 9.99011E-05
0.197373 9.9937E-05 0.115473 9.9937E-05 0.0125984 9.9937E-05 9.9937E-05 0.0169807 0.0149685 9.9937E-05 0.261961 9.9937E-05 0.123752 0.0248452 0.228875 0.00247339 9.9937E-05
0.653859 0.0987121 0.135819 9.98932E-05 9.98932E-05 9.98932E-05 9.98932E-05 9.98932E-05 9.98932E-05 9.98932E-05 9.98932E-05 9.98932E-05 9.98932E-05 0.00462838 9.98932E-05 9.98932E-05 0.105783
0.578766 9.9919E-05 9.9919E-05 0.000977445 9.9919E-05 9.9919E-05 9.9919E-05 0.0226982 9.9919E-05 9.9919E-05 0.244103 0.0497769 9.9919E-05 0.0230895 0.0513475 9.9919E-05 0.0283421
0.511107 9.9919E-05 0.156165 0.00210307 9.9919E-05 0.00143047 0.000342046 9.9919E-05 9.9919E-05 9.9919E-05 0.143993 9.9919E-05 0.127353 9.9919E-05 9.9919E-05 9.9919E-05 0.0566072
0.435778 9.99101E-05 0.0961604 9.99101E-05 9.99101E-05 9.99101E-05 0.0477092 0.0542087 9.99101E-05 0.0778507 0.213896 9.99101E-05 9.99101E-05 0.0733981 9.99101E-05 9.99101E-05 9.99101E-05
0.823221 9.99011E-05 9.99011E-05 9.99011E-05 9.99011E-05 0.0549778 0.000737119 9.99011E-05 9.99011E-05 9.99011E-05 0.0864449 9.99011E-05 9.99011E-05 0.00628694 9.99011E-05 9.99011E-05 0.0272335
9.99101E-05 9.99101E-05 0.451277 0.0253325 9.99101E-05 0.00218691 9.99101E-05 0.00407186 9.99101E-05 9.99101E-05 0.444926 9.99101E-05 0.0164178 9.99101E-05 0.0547885 9.99101E-05 9.99101E-05
0.0139426 9.9901E-05 0.440757 9.9901E-05 9.9901E-05 9.9901E-05 9.9901E-05 9.9901E-05 9.9901E-05 0.00163922 0.229119 9.9901E-05 9.9901E-05 0.0741225 0.239321 9.9901E-05 9.9901E-05
9.98831E-05 9.98831E-05 0.802657 0.000826743 9.98831E-05 9.98831E-05 9.98831E-05 9.98831E-05 9.98831E-05 9.98831E-05 0.173521 9.98831E-05 9.98831E-05 0.0216966 9.98831E-05 9.98831E-05 9.98831E-05
9.98921E-05 9.98921E-05 0.712954 9.98921E-05 9.98921E-05 9.98921E-05 0.0268911 9.98921E-05 9.98921E-05 9.98921E-05 0.23825 9.98921E-05 9.98921E-05 0.00494171 9.98921E-05 9.98921E-05 0.0157652
0.0993322 9.9901E-05 0.431549 9.9901E-05 9.9901E-05 9.9901E-05 9.9901E-05 9.9901E-05 9.9901E-05 9.9901E-05 0.13835 9.9901E-05 0.0112241 0.128458 0.189987 9.9901E-05 9.9901E-05
0.035946 9.99011E-05 0.595232 9.99011E-05 9.99011E-05 9.99011E-05 0.0315412 0.0386986 9.99011E-05 9.99011E-05 0.291387 9.99011E-05 9.99011E-05 0.00609607 9.99011E-05 9.99011E-05 9.99011E-05
0.263381 9.99101E-05 0.310355 9.99101E-05 9.99101E-05 0.0186417 0.015665 9.99101E-05 9.99101E-05 9.99101E-05 0.318259 9.99101E-05 0.0268841 0.0458151 9.99101E-05 9.99101E-05 9.99101E-05
9.98742E-05 9.98742E-05 0.785148 9.98742E-05 9.98742E-05 9.98742E-05 9.98742E-05 9.98742E-05 9.98742E-05 9.98742E-05 0.178241 9.98742E-05 9.98742E-05 9.98742E-05 9.98742E-05 9.98742E-05 0.0352134
9.9919E-05 0.0231352 9.9919E-05 9.9919E-05 9.9919E-05 9.9919E-05 9.9919E-05 9.9919E-05 0.0384855 9.9919E-05 0.493516 0.00333754 0.0587624 0.10212 0.27648 0.00326379 9.9919E-05
9.993E-05 9.993E-05 0.249728 9.993E-05 0.0563827 9.993E-05 0.0128693 9.993E-05 0.0248258 0.0988029 0.0552093 9.993E-05 0.0314381 0.0277389 0.355545 0.0867604 9.993E-05
9.9928E-05 9.9928E-05 0.159232 0.0438641 9.9928E-05 0.0353481 0.00778513 9.9928E-05 9.9928E-05 0.0617811 0.571702 9.9928E-05 9.9928E-05 0.00364578 0.0774808 0.0383616 9.9928E-05
9.9937E-05 9.9937E-05 0.0938845 0.0112569 9.9937E-05 0.103996 0.0640793 0.00692027 0.0350704 0.0797527 0.457954 9.9937E-05 0.106184 9.9937E-05 0.0402027 9.9937E-05 9.9937E-05
9.9919E-05 9.9919E-05 0.248339 0.0143956 0.00947249 9.9919E-05 9.9919E-05 0.0729287 9.9919E-05 0.0834094 0.553789 9.9919E-05 0.0152772 0.0014896 9.9919E-05 9.9919E-05 9.9919E-05
9.99101E-05 9.99101E-05 0.341664 9.99101E-05 9.99101E-05 0.032654 9.99101E-05 0.0694908 9.99101E-05 0.0471746 0.494261 0.0133838 9.99101E-05 9.99101E-05 0.000373041 9.99101E-05 9.99101E-05
9.98921E-05 9.98921E-05 0.302938 0.0275701 9.98921E-05 9.98921E-05 9.98921E-05 0.0478776 9.98921E-05 9.98921E-05 0.562234 9.98921E-05 9.98921E-05 0.0581816 9.98921E-05 9.98921E-05 9.98921E-05
0.101841 9.99011E-05 0.212389 0.0165435 9.99011E-05 9.99011E-05 9.99011E-05 0.0284224 9.99011E-05 9.99011E-05 0.491188 9.99011E-05 9.99011E-05 9.99011E-05 0.148517 9.99011E-05 9.99011E-05
0.0555892 9.99191E-05 0.0454871 9.99191E-05 9.99191E-05 9.99191E-05 9.99191E-05 0.0458368 9.99191E-05 0.026686 0.722506 9.99191E-05 9.99191E-05 9.99191E-05 0.086456 0.00584582 0.0106941
9.98831E-05 9.98831E-05 9.98831E-05 9.98831E-05 9.98831E-05 9.98831E-05 9.98831E-05 9.98831E-05 9.98831E-05 0.006913 0.85443 9.98831E-05 9.98831E-05 9.98831E-05 0.0983528 9.98831E-05 0.039006
0.234867 9.9928E-05 0.0455968 9.9928E-05 9.9928E-05 0.017418 9.9928E-05 9.9928E-05 9.9928E-05 0.0119493 0.606683 0.00809803 9.9928E-05 0.0260041 0.0055171 9.9928E-05 0.0430667
0.1276 9.98921E-05 0.130683 9.98921E-05 9.98921E-05 9.98921E-05 9.98921E-05 0.00175177 9.98921E-05 9.98921E-05 0.65514 9.98921E-05 9.98921E-05 0.0836266 9.98921E-05 9.98921E-05 9.98921E-05
0.0198286 9.9946E-05 0.0773162 9.9946E-05 9.9946E-05 0.0259422 0.0536546 9.9946E-05 9.9946E-05 0.00230337 0.47725 0.00465526 0.0243505 0.111668 0.123417 9.9946E-05 0.079015
0.164498 9.9928E-05 0.177261 9.9928E-05 9.9928E-05 9.9928E-05 0.0299725 0.0279829 9.9928E-05 0.0649346 0.412654 9.9928E-05 0.0433991 0.014208 9.9928E-05 9.9928E-05 0.0642904
9.99101E-05 9.99101E-05 0.231099 0.0474733 9.99101E-05 9.99101E-05 9.99101E-05 9.99101E-05 9.99101E-05 9.99101E-05 0.50729 9.99101E-05 0.00405404 0.0179615 0.156589 9.99101E-05 0.0345338
9.99011E-05 9.99011E-05 0.0230778 9.99011E-05 0.00793068 9.99011E-05 9.99011E-05 9.99011E-05 9.99011E-05 9.99011E-05 0.912413 0.0220831 9.99011E-05 0.00443704 9.99011E-05 0.0289598 9.99011E-05
9.98901E-05 0.038223 0.296591 9.98901E-05 9.98901E-05 0.0359046 9.98901E-05 9.98901E-05 9.98901E-05 9.98901E-05 0.440541 9.98901E-05 0.000977173 9.98901E-05 0.186665 9.98901E-05 9.98901E-05
0.0954641 0.0377928 0.14141 9.99191E-05 0.0328333 9.99191E-05 9.99191E-05 0.0096408 9.99191E-05 9.99191E-05 0.406819 9.99191E-05 0.131843 9.99191E-05 0.143298 9.99191E-05 9.99191E-05
9.99011E-05 9.99011E-05 0.0790074 9.99011E-05 9.99011E-05 0.095856 9.99011E-05 0.0169701 9.99011E-05 9.99011E-05 0.54956 9.99011E-05 0.0117437 9.99011E-05 0.245764 9.99011E-05 9.99011E-05
9.99011E-05 9.99011E-05 0.176995 9.99011E-05 9.99011E-05 9.99011E-05 9.99011E-05 0.0721772 9.99011E-05 9.99011E-05 0.518509 0.0192238 9.99011E-05 0.0530686 0.158927 9.99011E-05 9.99011E-05
0.126995 9.9919E-05 0.234578 9.9919E-05 0.029827 9.9919E-05 9.9919E-05 9.9919E-05 9.9919E-05 9.9919E-05 0.484152 9.9919E-05 0.00866313 0.0517283 9.9919E-05 0.042269 0.0208877
9.99011E-05 9.99011E-05 0.263413 9.99011E-05 0.047123 9.99011E-05 9.99011E-05 9.99011E-05 9.99011E-05 0.0332946 0.517201 9.99011E-05 9.99011E-05 0.102382 9.99011E-05 0.0354877 9.99011E-05
0.0737171 0.0309154 0.134293 9.99101E-05 9.99101E-05 9.99101E-05 0.017921 9.99101E-05 9.99101E-05 9.99101E-05 0.696191 9.99101E-05 0.0318953 0.0140679 9.99101E-05 9.99101E-05 9.99101E-05
9.98832E-05 9.98832E-05 0.0474901 9.98832E-05 9.98832E-05 9.98832E-05 9.98832E-05 9.98832E-05 9.98832E-05 9.98832E-05 0.932251 9.98832E-05 9.98832E-05 0.00474678 9.98832E-05 9.98832E-05 0.0142133
9.99011E-05 9.99011E-05 0.028174 9.99011E-05 0.0164271 0.0179179 9.99011E-05 9.99011E-05 9.99011E-05 9.99011E-05 0.722818 9.99011E-05 0.05514 9.99011E-05 0.158424 9.99011E-05 9.99011E-05
9.98562E-05 9.98562E-05 9.98562E-05 9.98562E-05 9.98562E-05 9.98562E-05 9.98562E-05 9.98562E-05 9.98562E-05 9.98562E-05 0.998402 9.98562E-05 9.98562E-05 9.98562E-05 9.98562E-05 9.98562E-05 9.98562E-05
9.98742E-05 9.98742E-05 9.98742E-05 9.98742E-05 9.98742E-05 9.98742E-05 9.98742E-05 0.0226854 9.98742E-05 9.98742E-05 0.971093 9.98742E-05 0.00482327 9.98742E-05 9.98742E-05 9.98742E-05 9.98742E-05
0.039821 9.98652E-05 9.98652E-05 9.98652E-05 9.98652E-05 9.98652E-05 9.98652E-05 9.98652E-05 9.98652E-05 9.98652E-05 0.958681 9.98652E-05 9.98652E-05 9.98652E-05 9.98652E-05 9.98652E-05 9.98652E-05
9.98562E-05 9.98562E-05 9.98562E-05 9.98562E-05 9.98562E-05 9.98562E-05 9.98562E-05 9.98562E-05 9.98562E-05 9.98562E-05 0.998402 9.98562E-05 9.98562E-05 9.98562E-05 9.98562E-05 9.98562E-05 9.98562E-05
9.98742E-05 9.98742E-05 9.98742E-05 9.98742E-05 9.98742E-05 9.98742E-05 9.98742E-05 0.0370604 9.98742E-05 9.98742E-05 0.949993 9.98742E-05 9.98742E-05 0.0115483 9.98742E-05 9.98742E-05 9.98742E-05
9.98652E-05 9.98652E-05 9.98652E-05 0.00690949 9.98652E-05 9.98652E-05 9.98652E-05 9.98652E-05 9.98652E-05 9.98652E-05 0.991593 9.98652E-05 9.98652E-05 9.98652E-05 9.98652E-05 9.98652E-05 9.98652E-05
9.98921E-05 0.0404403 9.98921E-05 9.98921E-05 9.98921E-05 9.98921E-05 9.98921E-05 0.037278 9.98921E-05 9.98921E-05 0.857727 9.98921E-05 0.0392399 0.0241158 9.98921E-05 9.98921E-05 9.98921E-05
9.98652E-05 9.98652E-05 9.98652E-05 9.98652E-05 9.98652E-05 9.98652E-05 9.98652E-05 9.98652E-05 9.98652E-05 9.98652E-05 0.99364 9.98652E-05 9.98652E-05 0.00486154 9.98652E-05 9.98652E-05 9.98652E-05
9.99011E-05 9.99011E-05 0.0336765 9.99011E-05 9.99011E-05 0.0525646 9.99011E-05 0.0282514 9.99011E-05 9.99011E-05 0.84653 0.0304552 0.0074231 9.99011E-05 9.99011E-05 9.99011E-05 9.99011E-05
9.98831E-05 9.98831E-05 9.98831E-05 0.00300664 9.98831E-05 9.98831E-05 9.98831E-05 9.98831E-05 9.98831E-05 0.0104112 0.961792 9.98831E-05 9.98831E-05 9.98831E-05 0.0234919 9.98831E-05 9.98831E-05
9.98921E-05 9.98921E-05 0.0733817 9.98921E-05 9.98921E-05 9.98921E-05 9.98921E-05 0.0566625 9.98921E-05 0.0364183 0.790775 9.98921E-05 9.98921E-05 0.0415642 9.98921E-05 9.98921E-05 9.98921E-05
9.98742E-05 0.015945 9.98742E-05 9.98742E-05 9.98742E-05 9.98742E-05 9.98742E-05 9.98742E-05 9.98742E-05 9.98742E-05 0.967299 9.98742E-05 9.98742E-05 9.98742E-05 0.0153577 9.98742E-05 9.98742E-05
0.0483567 9.98831E-05 9.98831E-05 9.98831E-05 9.98831E-05 9.98831E-05 9.98831E-05 0.0238084 9.98831E-05 9.98831E-05 0.912019 9.98831E-05 0.0145172 9.98831E-05 9.98831E-05 9.98831E-05 9.98831E-05
0.0991722 9.98742E-05 9.98742E-05 9.98742E-05 9.98742E-05 9.98742E-05 9.98742E-05 9.98742E-05 9.98742E-05 9.98742E-05 0.889813 9.98742E-05 9.98742E-05 0.0096161 9.98742E-05 9.98742E-05 9.98742E-05
9.98652E-05 9.98652E-05 9.98652E-05 9.98652E-05 0.0765477 9.98652E-05 9.98652E-05 9.98652E-05 9.98652E-05 9.98652E-05 0.921954 9.98652E-05 9.98652E-05 9.98652E-05 9.98652E-05 9.98652E-05 9.98652E-05
0.00116189 9.99011E-05 0.111143 9.99011E-05 9.99011E-05 9.99011E-05 9.99011E-05 0.0424861 9.99011E-05 9.99011E-05 0.749994 9.99011E-05 9.99011E-05 0.0319914 0.0621245 9.99011E-05 9.99011E-05
0.0946407 9.98831E-05 9.98831E-05 9.98831E-05 0.0435196 9.98831E-05 9.98831E-05 0.035538 9.98831E-05 9.98831E-05 0.825003 9.98831E-05 9.98831E-05 9.98831E-05 9.98831E-05 9.98831E-05 9.98831E-05
9.98832E-05 9.98832E-05 9.98832E-05 9.98832E-05 9.98832E-05 0.0410119 9.98832E-05 9.98832E-05 0.0850385 0.0352122 0.837439 9.98832E-05 9.98832E-05 9.98832E-05 9.98832E-05 9.98832E-05 9.98832E-05
9.99191E-05 0.04982 0.0381891 9.99191E-05 9.99191E-05 0.00775389 9.99191E-05 0.067718 9.99191E-05 9.99191E-05 0.802175 9.99191E-05 9.99191E-05 0.0183902 0.00481993 0.0102346 9.99191E-05
