9.98831E-05 9.98831E-05 9.98831E-05 9.98831E-05 0.00503424 9.98831E-05 9.98831E-05 9.98831E-05 0.0448944 0.0312684 9.98831E-05 0.557086 9.98831E-05 0.103043 9.98831E-05 0.0262615 0.156431 9.98831E-05 0.0746826 9.98831E-05 9.98831E-05
9.98831E-05 0.099713 0.0133045 0.0250522 9.98831E-05 9.98831E-05 9.98831E-05 9.98831E-05 9.98831E-05 9.98831E-05 9.98831E-05 0.687663 9.98831E-05 0.0145471 9.98831E-05 0.0142833 0.0150629 0.129075 9.98831E-05 9.98831E-05 9.98831E-05
9.98203E-05 9.98203E-05 9.98203E-05 9.98203E-05 9.98203E-05 9.98203E-05 9.98203E-05 9.98203E-05 9.98203E-05 9.98203E-05 9.98203E-05 0.998004 9.98203E-05 9.98203E-05 9.98203E-05 9.98203E-05 9.98203E-05 9.98203E-05 9.98203E-05 9.98203E-05 9.98203E-05
0.0674931 0.0482046 0.0211972 0.111204 9.98921E-05 0.0109897 0.0445396 9.98921E-05 9.98921E-05 9.98921E-05 0.00790805 0.645869 9.98921E-05 9.98921E-05 9.98921E-05 9.98921E-05 9.98921E-05 9.98921E-05 9.98921E-05 0.0413963 9.98921E-05
0.0207903 9.98651E-05 9.98651E-05 0.344992 9.98651E-05 9.98651E-05 9.98651E-05 9.98651E-05 9.98651E-05 9.98651E-05 9.98651E-05 0.577533 9.98651E-05 0.0195361 9.98651E-05 9.98651E-05 9.98651E-05 0.028028 9.98651E-05 0.00762299 9.98651E-05
9.98921E-05 9.98921E-05 9.98921E-05 0.0555071 9.98921E-05 0.00184292 0.0235866 9.98921E-05 0.0373562 9.98921E-05 9.98921E-05 0.77307 9.98921E-05 9.98921E-05 0.0220637 9.98921E-05 9.98921E-05 9.98921E-05 0.0282628 0.0194446 0.037667
9.98472E-05 9.98472E-05 9.98472E-05 9.98472E-05 9.98472E-05 9.98472E-05 9.98472E-05 9.98472E-05 9.98472E-05 9.98472E-05 0.0451201 0.539606 9.98472E-05 9.98472E-05 9.98472E-05 9.98472E-05 0.223962 9.98472E-05 0.189615 9.98472E-05 9.98472E-05
9.98382E-05 9.98382E-05 9.98382E-05 9.98382E-05 9.98382E-05 9.98382E-05 9.98382E-05 9.98382E-05 0.0402282 9.98382E-05 9.98382E-05 0.822817 0.135157 9.98382E-05 9.98382E-05 9.98382E-05 9.98382E-05 9.98382E-05 9.98382E-05 9.98382E-05 9.98382E-05
0.00185923 9.98652E-05 9.98652E-05 9.98652E-05 9.98652E-05 0.0214831 0.0365954 0.0919976 0.0954021 9.98652E-05 9.98652E-05 0.751165 9.98652E-05 9.98652E-05 9.98652E-05 9.98652E-05 9.98652E-05 9.98652E-05 9.98652E-05 9.98652E-05 9.98652E-05
0.0422256 9.98562E-05 9.98562E-05 9.98562E-05 9.98562E-05 9.98562E-05 9.98562E-05 9.98562E-05 9.98562E-05 0.0530411 9.98562E-05 0.812318 0.0618642 9.98562E-05 9.98562E-05 9.98562E-05 9.98562E-05 9.98562E-05 9.98562E-05 0.0289533 9.98562E-05
9.98831E-05 9.98831E-05 0.00180457 9.98831E-05 9.98831E-05 9.98831E-05 9.98831E-05 9.98831E-05 9.98831E-05 9.98831E-05 9.98831E-05 0.670474 9.98831E-05 0.018143 0.0254911 9.98831E-05 9.98831E-05 0.125999 0.0136404 0.00646303 0.136686
9.98202E-05 9.98202E-05 0.998004 9.98202E-05 9.98202E-05 9.98202E-05 9.98202E-05 9.98202E-05 9.98202E-05 9.98202E-05 9.98202E-05 9.98202E-05 9.98202E-05 9.98202E-05 9.98202E-05 9.98202E-05 9.98202E-05 9.98202E-05 9.98202E-05 9.98202E-05 9.98202E-05
0.124581 0.00778971 0.518889 9.98921E-05 0.103997 9.98921E-05 9.98921E-05 9.98921E-05 9.98921E-05 9.98921E-05 0.0338063 9.98921E-05 0.0327587 0.108804 9.98921E-05 0.0228958 9.98921E-05 9.98921E-05 9.98921E-05 0.0452802 9.98921E-05
9.98651E-05 0.0147366 0.43064 0.336339 9.98651E-05 9.98651E-05 9.98651E-05 0.00369909 9.98651E-05 0.14099 9.98651E-05 9.98651E-05 9.98651E-05 9.98651E-05 9.98651E-05 9.98651E-05 9.98651E-05 9.98651E-05 0.0720967 9.98651E-05 9.98651E-05
9.98831E-05 9.98831E-05 0.242341 0.253081 0.051444 9.98831E-05 9.98831E-05 9.98831E-05 0.0378659 0.119681 9.98831E-05 0.00622139 9.98831E-05 0.0316716 9.98831E-05 9.98831E-05 0.256396 9.98831E-05 9.98831E-05 9.98831E-05 9.98831E-05
0.422072 9.98741E-05 0.231513 0.0206457 9.98741E-05 9.98741E-05 0.0103616 9.98741E-05 0.0612325 0.0365599 9.98741E-05 9.98741E-05 9.98741E-05 9.98741E-05 9.98741E-05 9.98741E-05 0.216217 9.98741E-05 9.98741E-05 9.98741E-05 9.98741E-05
9.98651E-05 9.98651E-05 0.711927 0.0380872 9.98651E-05 0.147254 9.98651E-05 9.98651E-05 9.98651E-05 9.98651E-05 9.98651E-05 0.0146668 9.98651E-05 0.0339805 9.98651E-05 9.98651E-05 9.98651E-05 9.98651E-05 9.98651E-05 9.98651E-05 0.0525864
0.158367 9.9892E-05 0.50247 9.9892E-05 9.9892E-05 9.9892E-05 0.128265 9.9892E-05 9.9892E-05 9.9892E-05 0.00179116 9.9892E-05 0.0492525 9.9892E-05 9.9892E-05 0.100371 9.9892E-05 0.0236643 0.00339649 9.9892E-05 0.0312236
0.612029 9.98651E-05 0.173577 9.98651E-05 9.98651E-05 0.0514458 9.98651E-05 0.0649583 9.98651E-05 9.98651E-05 9.98651E-05 9.98651E-05 0.0884278 9.98651E-05 9.98651E-05 9.98651E-05 9.98651E-05 0.00806381 9.98651E-05 9.98651E-05 9.98651E-05
0.12049 9.99011E-05 0.278904 0.292374 9.99011E-05 9.99011E-05 0.0766632 0.00140683 0.0500093 0.0965273 9.99011E-05 9.99011E-05 9.99011E-05 9.99011E-05 9.99011E-05 0.0209894 0.037717 0.0238201 9.99011E-05 9.99011E-05 9.99011E-05
0.0579907 0.0539737 0.249315 9.991E-05 9.991E-05 0.0691934 9.991E-05 0.0546796 9.991E-05 0.165616 0.02924 9.991E-05 9.991E-05 0.0711893 9.991E-05 0.0842105 9.991E-05 0.158223 0.00536956 9.991E-05 9.991E-05
0.0213216 0.508306 9.98651E-05 9.98651E-05 9.98651E-05 9.98651E-05 0.0435125 0.0419135 9.98651E-05 0.229209 9.98651E-05 9.98651E-05 9.98651E-05 9.98651E-05 9.98651E-05 9.98651E-05 9.98651E-05 9.98651E-05 9.98651E-05 9.98651E-05 0.154239
0.164689 0.379464 9.98562E-05 9.98562E-05 9.98562E-05 9.98562E-05 0.0623051 9.98562E-05 9.98562E-05 0.0156084 9.98562E-05 9.98562E-05 9.98562E-05 9.98562E-05 9.98562E-05 9.98562E-05 0.376335 9.98562E-05 9.98562E-05 9.98562E-05 9.98562E-05
9.9901E-05 0.622654 0.0917267 9.9901E-05 9.9901E-05 0.0608517 9.9901E-05 0.0182498 9.9901E-05 0.0115636 0.0224231 0.056187 0.0237139 9.9901E-05 9.9901E-05 0.0577258 9.9901E-05 0.0338059 9.9901E-05 9.9901E-05 9.9901E-05
0.0294287 0.909885 9.98472E-05 9.98472E-05 9.98472E-05 9.98472E-05 9.98472E-05 9.98472E-05 9.98472E-05 9.98472E-05 9.98472E-05 9.98472E-05 9.98472E-05 0.0577382 9.98472E-05 9.98472E-05 9.98472E-05 9.98472E-05 9.98472E-05 0.00125089 9.98472E-05
0.00162404 0.446164 9.99011E-05 0.122731 9.99011E-05 9.99011E-05 9.99011E-05 0.0224677 9.99011E-05 0.0231836 0.000143639 9.99011E-05 9.99011E-05 9.99011E-05 9.99011E-05 0.0333538 0.256024 9.99011E-05 0.0923919 9.99011E-05 0.000817577
9.99011E-05 0.225971 0.14661 9.99011E-05 9.99011E-05 9.99011E-05 9.99011E-05 0.00828045 9.99011E-05 0.000583829 9.99011E-05 9.99011E-05 0.0346853 9.99011E-05 0.0235995 9.99011E-05 0.421698 0.0578325 9.99011E-05 0.0070484 0.0725926
9.98292E-05 0.976456 9.98292E-05 9.98292E-05 9.98292E-05 9.98292E-05 9.98292E-05 9.98292E-05 9.98292E-05 9.98292E-05 9.98292E-05 9.98292E-05 9.98292E-05 9.98292E-05 9.98292E-05 9.98292E-05 9.98292E-05 0.0216474 9.98292E-05 9.98292E-05 9.98292E-05
9.98831E-05 0.60966 9.98831E-05 9.98831E-05 9.98831E-05 0.0974426 9.98831E-05 9.98831E-05 9.98831E-05 0.0564534 9.98831E-05 9.98831E-05 0.0291567 0.0474396 9.98831E-05 0.0602409 0.0860281 9.98831E-05 9.98831E-05 9.98831E-05 0.01228
9.98382E-05 0.977882 9.98382E-05 9.98382E-05 9.98382E-05 9.98382E-05 0.00507115 9.98382E-05 0.0152502 9.98382E-05 9.98382E-05 9.98382E-05 9.98382E-05 9.98382E-05 9.98382E-05 9.98382E-05 9.98382E-05 9.98382E-05 9.98382E-05 9.98382E-05 9.98382E-05
0.0570217 9.98472E-05 9.98472E-05 9.98472E-05 9.98472E-05 9.98472E-05 0.15421 9.98472E-05 9.98472E-05 9.98472E-05 9.98472E-05 9.98472E-05 9.98472E-05 0.693354 9.98472E-05 9.98472E-05 0.0937166 9.98472E-05 9.98472E-05 9.98472E-05 9.98472E-05
9.98651E-05 9.98651E-05 9.98651E-05 9.98651E-05 9.98651E-05 9.98651E-05 0.0755138 9.98651E-05 9.98651E-05 0.0356578 9.98651E-05 9.98651E-05 0.0782031 0.749139 0.00984753 9.98651E-05 9.98651E-05 9.98651E-05 9.98651E-05 9.98651E-05 0.0501413
0.618762 9.98652E-05 9.98652E-05 9.98652E-05 9.98652E-05 9.98652E-05 9.98652E-05 9.98652E-05 9.98652E-05 0.00979498 9.98652E-05 9.98652E-05 9.98652E-05 9.98652E-05 0.0249916 9.98652E-05 9.98652E-05 0.0592703 9.98652E-05 0.230795 0.0548885
9.98472E-05 9.98472E-05 9.98472E-05 0.00697476 9.98472E-05 9.98472E-05 9.98472E-05 0.00481751 9.98472E-05 9.98472E-05 9.98472E-05 9.98472E-05 9.98472E-05 9.98472E-05 0.0231773 0.963333 9.98472E-05 9.98472E-05 9.98472E-05 9.98472E-05 9.98472E-05
0.0381331 0.0651673 9.991E-05 9.991E-05 9.991E-05 9.991E-05 0.0318057 0.0935071 0.00510215 9.991E-05 0.0408438 0.0180108 9.991E-05 9.991E-05 0.197517 0.115991 0.298136 9.991E-05 9.991E-05 0.0947863 9.991E-05
9.98292E-05 9.98292E-05 9.98292E-05 9.98292E-05 9.98292E-05 9.98292E-05 9.98292E-05 9.98292E-05 9.98292E-05 9.98292E-05 9.98292E-05 9.98292E-05 9.98292E-05 9.98292E-05 9.98292E-05 0.99781 9.98292E-05 9.98292E-05 9.98292E-05 9.98292E-05 0.00029283
0.712977 0.0373826 9.98651E-05 0.103912 9.98651E-05 9.98651E-05 9.98651E-05 9.98651E-05 9.98651E-05 9.98651E-05 9.98651E-05 0.0590045 9.98651E-05 9.98651E-05 0.0329254 0.0523008 9.98651E-05 9.98651E-05 9.98651E-05 9.98651E-05 9.98651E-05
0.356737 0.0574888 0.0674153 9.9892E-05 9.9892E-05 9.9892E-05 9.9892E-05 9.9892E-05 0.126518 9.9892E-05 0.0669569 9.9892E-05 0.0298792 9.9892E-05 9.9892E-05 0.205488 9.9892E-05 0.000612315 0.0877053 9.9892E-05 9.9892E-05
9.98203E-05 9.98203E-05 9.98203E-05 9.98203E-05 9.98203E-05 9.98203E-05 9.98203E-05 9.98203E-05 9.98203E-05 9.98203E-05 9.98203E-05 9.98203E-05 9.98203E-05 9.98203E-05 0.998004 9.98203E-05 9.98203E-05 9.98203E-05 9.98203E-05 9.98203E-05 9.98203E-05
9.98741E-05 9.98741E-05 9.98741E-05 0.0642634 9.98741E-05 9.98741E-05 9.98741E-05 0.00192526 9.98741E-05 0.0914049 9.98741E-05 0.063849 9.98741E-05 9.98741E-05 0.754422 9.98741E-05 9.98741E-05 0.0200881 0.00264893 9.98741E-05 9.98741E-05
9.98292E-05 9.98292E-05 9.98292E-05 9.98292E-05 9.98292E-05 9.98292E-05 9.98292E-05 9.98292E-05 9.98292E-05 0.99399 9.98292E-05 9.98292E-05 9.98292E-05 9.98292E-05 9.98292E-05 9.98292E-05 9.98292E-05 9.98292E-05 9.98292E-05 9.98292E-05 0.00411315
0.171255 9.98741E-05 9.98741E-05 9.98741E-05 9.98741E-05 0.091761 0.0544127 9.98741E-05 0.064302 0.32277 9.98741E-05 9.98741E-05 9.98741E-05 9.98741E-05 0.268636 9.98741E-05 9.98741E-05 9.98741E-05 0.0254651 9.98741E-05 9.98741E-05
9.98202E-05 9.98202E-05 9.98202E-05 9.98202E-05 9.98202E-05 9.98202E-05 9.98202E-05 9.98202E-05 9.98202E-05 0.998004 9.98202E-05 9.98202E-05 9.98202E-05 9.98202E-05 9.98202E-05 9.98202E-05 9.98202E-05 9.98202E-05 9.98202E-05 9.98202E-05 9.98202E-05
0.998004 9.98202E-05 9.98202E-05 9.98202E-05 9.98202E-05 9.98202E-05 9.98202E-05 9.98202E-05 9.98202E-05 9.98202E-05 9.98202E-05 9.98202E-05 9.98202E-05 9.98202E-05 9.98202E-05 9.98202E-05 9.98202E-05 9.98202E-05 9.98202E-05 9.98202E-05 9.98202E-05
0.144201 9.98921E-05 9.98921E-05 0.0207248 9.98921E-05 9.98921E-05 0.027586 0.112926 9.98921E-05 0.00693485 9.98921E-05 9.98921E-05 9.98921E-05 0.018131 0.426938 9.98921E-05 0.0945078 9.98921E-05 9.98921E-05 0.146852 9.98921E-05
9.98921E-05 0.058259 9.98921E-05 0.0342002 9.98921E-05 9.98921E-05 0.514865 9.98921E-05 9.98921E-05 0.0594922 9.98921E-05 9.98921E-05 9.98921E-05 0.00545986 9.98921E-05 9.98921E-05 0.0619791 0.110509 0.00674145 9.98921E-05 0.147295
9.98562E-05 9.98562E-05 9.98562E-05 9.98562E-05 9.98562E-05 9.98562E-05 0.584574 9.98562E-05 0.196413 9.98562E-05 0.0195334 9.98562E-05 9.98562E-05 9.98562E-05 9.98562E-05 9.98562E-05 9.98562E-05 9.98562E-05 0.0706662 9.98562E-05 0.127216
9.98561E-05 9.98561E-05 0.0321955 9.98561E-05 9.98561E-05 9.98561E-05 9.98561E-05 9.98561E-05 9.98561E-05 9.98561E-05 9.98561E-05 0.0633194 9.98561E-05 9.98561E-05 0.00396921 9.98561E-05 0.032916 9.98561E-05 0.866002 9.98561E-05 9.98561E-05
0.0717175 9.98831E-05 0.108074 9.98831E-05 9.98831E-05 9.98831E-05 0.28801 9.98831E-05 9.98831E-05 0.028907 9.98831E-05 9.98831E-05 9.98831E-05 0.207592 9.98831E-05 0.11358 9.98831E-05 9.98831E-05 0.0929374 9.98831E-05 0.0878837
0.143379 9.98652E-05 9.98652E-05 0.0598125 9.98652E-05 9.98652E-05 0.721351 0.0184408 9.98652E-05 9.98652E-05 9.98652E-05 9.98652E-05 9.98652E-05 9.98652E-05 0.0267289 9.98652E-05 9.98652E-05 9.98652E-05 9.98652E-05 0.02879 9.98652E-05
9.98831E-05 9.98831E-05 9.98831E-05 9.98831E-05 0.00792179 0.0110639 0.247036 9.98831E-05 0.0448507 0.00361337 9.98831E-05 9.98831E-05 9.98831E-05 0.146915 9.98831E-05 0.175821 9.98831E-05 9.98831E-05 0.361481 9.98831E-05 9.98831E-05
9.98741E-05 0.128867 0.00667588 9.98741E-05 9.98741E-05 0.100611 0.550627 0.063446 9.98741E-05 9.98741E-05 9.98741E-05 0.0140556 9.98741E-05 9.98741E-05 9.98741E-05 9.98741E-05 9.98741E-05 0.134319 9.98741E-05 9.98741E-05 9.98741E-05
9.98292E-05 9.98292E-05 9.98292E-05 9.98292E-05 9.98292E-05 9.98292E-05 0.996217 9.98292E-05 9.98292E-05 9.98292E-05 9.98292E-05 9.98292E-05 9.98292E-05 9.98292E-05 0.0018865 9.98292E-05 9.98292E-05 9.98292E-05 9.98292E-05 9.98292E-05 9.98292E-05
9.991E-05 0.143471 9.991E-05 9.991E-05 0.0238644 0.00306385 0.237126 0.0429817 9.991E-05 9.991E-05 9.991E-05 9.991E-05 9.991E-05 9.991E-05 9.991E-05 0.0461766 0.1985 0.152599 0.0839914 0.0216418 0.0455849
0.0420134 0.0175263 9.991E-05 0.0160645 0.00141177 0.123467 0.518313 9.991E-05 9.991E-05 0.110969 0.036227 0.0338949 0.0147796 0.0843342 9.991E-05 9.991E-05 9.991E-05 9.991E-05 9.991E-05 9.991E-05 9.991E-05
9.98651E-05 9.98651E-05 9.98651E-05 0.0649658 9.98651E-05 9.98651E-05 0.528833 9.98651E-05 0.0116577 0.0427616 9.98651E-05 9.98651E-05 9.98651E-05 0.0627346 9.98651E-05 9.98651E-05 0.287549 9.98651E-05 9.98651E-05 9.98651E-05 9.98651E-05
9.98561E-05 9.98561E-05 9.98561E-05 9.98561E-05 9.98561E-05 9.98561E-05 0.069395 0.0205558 9.98561E-05 9.98561E-05 9.98561E-05 9.98561E-05 9.98561E-05 9.98561E-05 9.98561E-05 0.00389874 0.00831903 9.98561E-05 0.896234 9.98561E-05 9.98561E-05
0.00954111 0.0797879 9.98561E-05 9.98561E-05 9.98561E-05 9.98561E-05 0.707891 9.98561E-05 9.98561E-05 9.98561E-05 9.98561E-05 9.98561E-05 0.0169603 9.98561E-05 9.98561E-05 9.98561E-05 0.184222 9.98561E-05 9.98561E-05 9.98561E-05 9.98561E-05
9.9892E-05 9.9892E-05 0.0381698 9.9892E-05 9.9892E-05 0.0257525 0.304119 9.9892E-05 9.9892E-05 9.9892E-05 9.9892E-05 0.102854 0.0219588 9.9892E-05 0.0256556 0.116558 9.9892E-05 9.9892E-05 0.0643991 9.9892E-05 0.299335
0.0640043 0.115088 0.0190441 0.0480875 0.00922308 9.98921E-05 0.589666 9.98921E-05 9.98921E-05 0.0877421 9.98921E-05 0.0437847 9.98921E-05 9.98921E-05 9.98921E-05 9.98921E-05 0.022161 9.98921E-05 9.98921E-05 9.98921E-05 9.98921E-05
0.0610079 9.98831E-05 0.0378601 9.98831E-05 0.10727 9.98831E-05 0.651199 9.98831E-05 9.98831E-05 0.0100642 9.98831E-05 9.98831E-05 0.0610514 9.98831E-05 0.0017683 0.0684804 9.98831E-05 9.98831E-05 9.98831E-05 9.98831E-05 9.98831E-05
0.155255 9.98562E-05 9.98562E-05 9.98562E-05 9.98562E-05 9.98562E-05 0.0139692 9.98562E-05 9.98562E-05 0.0998118 9.98562E-05 9.98562E-05 9.98562E-05 9.98562E-05 9.98562E-05 9.98562E-05 9.98562E-05 9.98562E-05 0.620274 9.98562E-05 0.109092
9.98831E-05 0.0364141 9.98831E-05 9.98831E-05 0.0451531 0.100619 0.0815394 0.0416413 9.98831E-05 9.98831E-05 0.0043175 9.98831E-05 9.98831E-05 0.112015 9.98831E-05 9.98831E-05 0.577003 9.98831E-05 9.98831E-05 9.98831E-05 9.98831E-05
9.98741E-05 9.98741E-05 9.98741E-05 0.0740226 9.98741E-05 0.420689 0.00654606 9.98741E-05 9.98741E-05 9.98741E-05 9.98741E-05 9.98741E-05 0.0135676 9.98741E-05 0.0117918 9.98741E-05 0.346827 9.98741E-05 9.98741E-05 9.98741E-05 0.125158
9.991E-05 0.100866 0.0797854 9.991E-05 9.991E-05 0.193103 0.0108394 0.00491572 9.991E-05 9.991E-05 0.00934646 0.0147458 9.991E-05 9.991E-05 0.0537446 9.991E-05 0.409723 0.00150716 9.991E-05 9.991E-05 0.120424
9.98831E-05 9.98831E-05 0.00157958 9.98831E-05 9.98831E-05 0.752503 9.98831E-05 9.98831E-05 9.98831E-05 0.0255373 0.0402111 9.98831E-05 0.0893532 9.98831E-05 9.98831E-05 9.98831E-05 9.98831E-05 0.0235898 0.0389594 0.0269686 9.98831E-05
0.0721148 0.0240714 9.98651E-05 9.98651E-05 9.98651E-05 0.203297 9.98651E-05 9.98651E-05 9.98651E-05 9.98651E-05 0.0427339 9.98651E-05 0.00672599 9.98651E-05 9.98651E-05 9.98651E-05 0.649559 9.98651E-05 9.98651E-05 9.98651E-05 9.98651E-05
9.98651E-05 9.98651E-05 9.98651E-05 9.98651E-05 0.0815293 0.357455 9.98651E-05 9.98651E-05 9.98651E-05 9.98651E-05 9.98651E-05 9.98651E-05 9.98651E-05 0.291923 9.98651E-05 0.0801235 0.172567 9.98651E-05 9.98651E-05 9.98651E-05 0.0149035
9.98651E-05 0.119753 9.98651E-05 9.98651E-05 0.0340232 0.735615 0.0302761 9.98651E-05 9.98651E-05 9.98651E-05 9.98651E-05 9.98651E-05 9.98651E-05 0.0644596 9.98651E-05 9.98651E-05 9.98651E-05 9.98651E-05 9.98651E-05 9.98651E-05 0.014375
9.98562E-05 9.98562E-05 9.98562E-05 0.142873 0.0118528 0.626462 9.98562E-05 9.98562E-05 9.98562E-05 9.98562E-05 9.98562E-05 9.98562E-05 9.98562E-05 0.0579143 9.98562E-05 9.98562E-05 9.98562E-05 9.98562E-05 9.98562E-05 0.1593 9.98562E-05
9.9892E-05 9.9892E-05 9.9892E-05 0.0216991 9.9892E-05 0.392388 9.9892E-05 0.00882855 0.0194723 9.9892E-05 0.00964444 9.9892E-05 0.100762 9.9892E-05 9.9892E-05 9.9892E-05 0.178911 9.9892E-05 0.0957763 9.9892E-05 0.171319
9.98741E-05 9.98741E-05 9.98741E-05 0.0843329 9.98741E-05 0.563888 9.98741E-05 0.0524115 0.0469961 9.98741E-05 9.98741E-05 9.98741E-05 9.98741E-05 0.0236957 9.98741E-05 0.090395 9.98741E-05 9.98741E-05 9.98741E-05 9.98741E-05 0.136882
9.98831E-05 9.98831E-05 0.0459173 9.98831E-05 0.0343926 0.635767 9.98831E-05 9.98831E-05 9.98831E-05 9.98831E-05 9.98831E-05 0.0102113 9.98831E-05 9.98831E-05 0.0500851 9.98831E-05 0.0365467 0.0253597 9.98831E-05 0.160422 9.98831E-05
0.0290901 9.98382E-05 9.98382E-05 0.0498974 9.98382E-05 9.98382E-05 9.98382E-05 9.98382E-05 9.98382E-05 9.98382E-05 9.98382E-05 9.98382E-05 9.98382E-05 0.919215 9.98382E-05 9.98382E-05 9.98382E-05 9.98382E-05 9.98382E-05 9.98382E-05 9.98382E-05
9.98382E-05 9.98382E-05 9.98382E-05 9.98382E-05 9.98382E-05 0.105641 9.98382E-05 9.98382E-05 9.98382E-05 9.98382E-05 0.0162462 9.98382E-05 9.98382E-05 0.876316 9.98382E-05 9.98382E-05 9.98382E-05 9.98382E-05 9.98382E-05 9.98382E-05 9.98382E-05
9.98562E-05 9.98562E-05 9.98562E-05 9.98562E-05 9.98562E-05 0.808289 9.98562E-05 9.98562E-05 9.98562E-05 0.0247413 9.98562E-05 9.98562E-05 9.98562E-05 9.98562E-05 9.98562E-05 0.0560818 9.98562E-05 9.98562E-05 0.0300766 0.0792139 9.98562E-05
9.98741E-05 9.98741E-05 9.98741E-05 9.98741E-05 0.0180197 0.573527 9.98741E-05 0.0273022 9.98741E-05 0.0482707 9.98741E-05 9.98741E-05 0.10175 9.98741E-05 9.98741E-05 9.98741E-05 0.216147 0.0135847 9.98741E-05 9.98741E-05 9.98741E-05
9.9892E-05 9.9892E-05 0.038885 9.9892E-05 9.9892E-05 0.285252 9.9892E-05 0.00511374 9.9892E-05 9.9892E-05 9.9892E-05 9.9892E-05 0.01189 9.9892E-05 0.030788 9.9892E-05 9.9892E-05 0.0721371 0.210121 0.221388 0.123227
9.98651E-05 9.98651E-05 0.033559 0.113785 0.40795 0.0278165 9.98651E-05 9.98651E-05 9.98651E-05 9.98651E-05 9.98651E-05 9.98651E-05 9.98651E-05 9.98651E-05 9.98651E-05 0.099356 0.316035 9.98651E-05 9.98651E-05 9.98651E-05 9.98651E-05
9.98562E-05 9.98562E-05 0.0183658 9.98562E-05 0.756962 9.98562E-05 9.98562E-05 9.98562E-05 9.98562E-05 0.0504839 9.98562E-05 9.98562E-05 0.113151 9.98562E-05 9.98562E-05 0.059439 9.98562E-05 9.98562E-05 9.98562E-05 9.98562E-05 9.98562E-05
9.98651E-05 9.98651E-05 9.98651E-05 0.0900568 0.562441 9.98651E-05 9.98651E-05 9.98651E-05 9.98651E-05 9.98651E-05 9.98651E-05 9.98651E-05 9.98651E-05 0.0589344 9.98651E-05 9.98651E-05 9.98651E-05 0.000702751 0.178473 0.107895 9.98651E-05
9.98921E-05 9.98921E-05 0.0265803 0.167265 0.595499 0.106924 0.0425793 9.98921E-05 9.98921E-05 9.98921E-05 9.98921E-05 9.98921E-05 0.00589755 0.00961969 0.0352925 0.00914465 9.98921E-05 9.98921E-05 9.98921E-05 9.98921E-05 9.98921E-05
9.98921E-05 0.041961 0.0196276 9.98921E-05 0.722172 9.98921E-05 9.98921E-05 9.98921E-05 9.98921E-05 0.0571729 9.98921E-05 0.0457229 0.0019074 9.98921E-05 9.98921E-05 0.00558378 0.0448743 9.98921E-05 9.98921E-05 9.98921E-05 0.0597797
0.191888 0.009189 9.9901E-05 0.0919558 0.425365 0.0612983 9.9901E-05 9.9901E-05 0.0246199 9.9901E-05 0.0238618 9.9901E-05 0.0369187 9.9901E-05 9.9901E-05 9.9901E-05 9.9901E-05 0.0119129 9.9901E-05 9.9901E-05 0.121892
9.98741E-05 9.98741E-05 9.98741E-05 0.0986671 0.705403 0.0371031 9.98741E-05 0.0566497 9.98741E-05 9.98741E-05 0.0543154 9.98741E-05 9.98741E-05 9.98741E-05 9.98741E-05 9.98741E-05 0.0456111 9.98741E-05 9.98741E-05 9.98741E-05 0.000852427
0.090749 0.0126556 9.98741E-05 9.98741E-05 0.771124 9.98741E-05 9.98741E-05 0.0106902 0.000555313 9.98741E-05 9.98741E-05 0.0971903 9.98741E-05 9.98741E-05 9.98741E-05 9.98741E-05 9.98741E-05 9.98741E-05 9.98741E-05 9.98741E-05 0.0156378
9.98562E-05 9.98562E-05 9.98562E-05 9.98562E-05 0.947811 9.98562E-05 9.98562E-05 0.00940335 9.98562E-05 9.98562E-05 0.0222001 9.98562E-05 9.98562E-05 9.98562E-05 9.98562E-05 9.98562E-05 9.98562E-05 9.98562E-05 9.98562E-05 0.00748147 0.0115059
9.9901E-05 0.0804199 9.9901E-05 9.9901E-05 0.00232041 9.9901E-05 0.0610647 9.9901E-05 0.0395406 0.0588078 0.000424746 9.9901E-05 0.016595 9.9901E-05 9.9901E-05 9.9901E-05 0.0857507 0.0875569 9.9901E-05 9.9901E-05 0.56642
9.98382E-05 9.98382E-05 9.98382E-05 9.98382E-05 9.98382E-05 9.98382E-05 9.98382E-05 9.98382E-05 0.0343859 9.98382E-05 9.98382E-05 9.98382E-05 9.98382E-05 9.98382E-05 9.98382E-05 0.067782 9.98382E-05 9.98382E-05 9.98382E-05 9.98382E-05 0.896035
0.0242683 9.98652E-05 9.98652E-05 9.98652E-05 0.168817 9.98652E-05 9.98652E-05 9.98652E-05 9.98652E-05 9.98652E-05 0.0104461 0.0189996 9.98652E-05 9.98652E-05 9.98652E-05 9.98652E-05 9.98652E-05 0.0889973 9.98652E-05 9.98652E-05 0.686974
0.160082 9.98652E-05 0.0417295 0.0630114 9.98652E-05 0.020087 9.98652E-05 0.00186298 9.98652E-05 9.98652E-05 9.98652E-05 9.98652E-05 9.98652E-05 9.98652E-05 9.98652E-05 9.98652E-05 9.98652E-05 9.98652E-05 9.98652E-05 9.98652E-05 0.711729
9.98651E-05 0.0152225 9.98651E-05 9.98651E-05 0.0606825 9.98651E-05 0.0395563 9.98651E-05 9.98651E-05 9.98651E-05 9.98651E-05 0.0887328 0.113574 9.98651E-05 9.98651E-05 9.98651E-05 9.98651E-05 9.98651E-05 9.98651E-05 9.98651E-05 0.680734
0.0805483 9.9901E-05 9.9901E-05 9.9901E-05 9.9901E-05 0.0697332 0.209342 9.9901E-05 0.0468841 0.0530633 9.9901E-05 0.0166755 0.0213603 9.9901E-05 0.0551417 0.0576664 9.9901E-05 9.9901E-05 9.9901E-05 9.9901E-05 0.388486
9.9901E-05 0.0251582 9.9901E-05 9.9901E-05 0.133895 9.9901E-05 0.0876794 9.9901E-05 0.0568767 9.9901E-05 0.00222398 9.9901E-05 9.9901E-05 0.108999 0.0645508 9.9901E-05 0.0209645 9.9901E-05 0.104845 9.9901E-05 0.393709
9.98921E-05 0.0590551 9.98921E-05 9.98921E-05 9.98921E-05 9.98921E-05 9.98921E-05 0.0541141 0.0786853 9.98921E-05 0.0127366 0.0544432 9.98921E-05 9.98921E-05 0.00410873 9.98921E-05 9.98921E-05 0.0161899 9.98921E-05 0.0269279 0.692541
0.0274537 9.98472E-05 9.98472E-05 9.98472E-05 9.98472E-05 9.98472E-05 9.98472E-05 9.98472E-05 9.98472E-05 0.178554 9.98472E-05 9.98472E-05 9.98472E-05 9.98472E-05 9.98472E-05 9.98472E-05 0.158618 9.98472E-05 9.98472E-05 9.98472E-05 0.633677
9.98831E-05 9.98831E-05 0.0538078 9.98831E-05 9.98831E-05 9.98831E-05 9.98831E-05 9.98831E-05 9.98831E-05 0.033586 9.98831E-05 0.0316374 9.98831E-05 0.242339 9.98831E-05 0.0261072 9.98831E-05 0.0186065 9.98831E-05 0.123621 0.468997
9.9919E-05 0.00931806 0.0529811 9.9919E-05 0.0696726 9.9919E-05 0.0398933 9.9919E-05 9.9919E-05 0.0404188 9.9919E-05 0.0122669 0.0539894 9.9919E-05 0.0384273 9.9919E-05 0.100019 0.0405528 0.0624552 9.9919E-05 0.479106
9.991E-05 0.0328803 9.991E-05 9.991E-05 0.0198195 9.991E-05 0.00283198 0.00255564 9.991E-05 9.991E-05 0.00760972 0.12196 9.991E-05 0.0919886 0.0403821 0.00190476 9.991E-05 9.991E-05 9.991E-05 0.18054 0.496528
0.0715996 0.0480878 9.9901E-05 0.0431008 0.0992659 9.9901E-05 9.9901E-05 0.023923 9.9901E-05 0.0127547 9.9901E-05 0.0129511 9.9901E-05 0.22685 9.9901E-05 9.9901E-05 9.9901E-05 0.0305543 9.9901E-05 9.9901E-05 0.429814
9.98921E-05 9.98921E-05 9.98921E-05 0.0579562 9.98921E-05 0.0163022 9.98921E-05 0.00547685 9.98921E-05 9.98921E-05 9.98921E-05 0.0383535 9.98921E-05 0.112564 9.98921E-05 0.00640325 0.246968 9.98921E-05 0.106625 9.98921E-05 0.408153
9.9883E-05 9.9883E-05 9.9883E-05 0.0277075 9.9883E-05 0.0760792 9.9883E-05 9.9883E-05 9.9883E-05 0.0249839 9.9883E-05 0.0528941 0.0376773 9.9883E-05 9.9883E-05 0.0280749 0.376201 9.9883E-05 9.9883E-05 9.9883E-05 0.375084
0.0592996 0.00366959 9.99011E-05 0.127685 0.0940103 9.99011E-05 0.165797 9.99011E-05 9.99011E-05 9.99011E-05 9.99011E-05 0.0262621 0.0271258 0.00058641 9.99011E-05 9.99011E-05 9.99011E-05 9.99011E-05 0.00111397 9.99011E-05 0.493351
0.0958741 0.0298524 0.00753949 9.98741E-05 0.0492655 9.98741E-05 9.98741E-05 0.0465062 9.98741E-05 9.98741E-05 9.98741E-05 9.98741E-05 9.98741E-05 9.98741E-05 9.98741E-05 9.98741E-05 0.0281289 9.98741E-05 9.98741E-05 9.98741E-05 0.741435
9.98831E-05 9.98831E-05 9.98831E-05 0.124173 0.0449834 0.0739569 9.98831E-05 0.0160575 9.98831E-05 0.0411202 9.98831E-05 9.98831E-05 9.98831E-05 9.98831E-05 9.98831E-05 9.98831E-05 0.184952 9.98831E-05 9.98831E-05 0.0712176 0.442241
9.98741E-05 9.98741E-05 9.98741E-05 0.0933174 0.0558801 0.0532779 9.98741E-05 9.98741E-05 9.98741E-05 0.0683819 9.98741E-05 9.98741E-05 9.98741E-05 9.98741E-05 9.98741E-05 9.98741E-05 9.98741E-05 0.0231311 0.164857 9.98741E-05 0.539757
0.0608248 9.98831E-05 9.98831E-05 0.189478 9.98831E-05 0.121644 0.0217985 9.98831E-05 9.98831E-05 9.98831E-05 9.98831E-05 9.98831E-05 9.98831E-05 9.98831E-05 9.98831E-05 0.0158379 0.498697 0.054399 9.98831E-05 0.0360221 9.98831E-05
9.9892E-05 9.9892E-05 9.9892E-05 9.9892E-05 0.1151 9.9892E-05 9.9892E-05 0.0239379 0.0143682 9.9892E-05 0.012025 9.9892E-05 9.9892E-05 9.9892E-05 9.9892E-05 9.9892E-05 0.53396 0.196646 0.0397019 0.0193019 0.0437607
9.991E-05 9.991E-05 9.991E-05 0.0510188 9.991E-05 0.00724684 9.991E-05 9.991E-05 9.991E-05 9.991E-05 0.00487323 0.0157327 0.118082 9.991E-05 9.991E-05 0.041908 0.564703 0.0347003 0.0634071 0.0390413 0.0582884
9.98104E-05 9.98104E-05 9.98104E-05 9.98104E-05 9.98104E-05 9.98104E-05 9.98104E-05 9.98104E-05 9.98104E-05 9.98104E-05 9.98104E-05 9.98104E-05 9.98104E-05 9.98104E-05 9.98104E-05 9.98104E-05 0.923743 9.98104E-05 9.98104E-05 0.0743605 9.98104E-05
9.98562E-05 9.98562E-05 9.98562E-05 0.583825 0.0579264 9.98562E-05 9.98562E-05 0.0194648 9.98562E-05 9.98562E-05 9.98562E-05 9.98562E-05 9.98562E-05 9.98562E-05 9.98562E-05 9.98562E-05 9.98562E-05 0.142524 9.98562E-05 0.194662 9.98562E-05
9.98921E-05 0.0446812 0.032192 0.491303 9.98921E-05 9.98921E-05 0.0188347 9.98921E-05 9.98921E-05 9.98921E-05 9.98921E-05 9.98921E-05 0.0152211 0.0122809 9.98921E-05 0.0684082 9.98921E-05 9.98921E-05 9.98921E-05 0.249337 0.066543
9.98561E-05 9.98561E-05 9.98561E-05 0.681711 9.98561E-05 9.98561E-05 9.98561E-05 9.98561E-05 9.98561E-05 9.98561E-05 9.98561E-05 9.98561E-05 0.0411932 9.98561E-05 9.98561E-05 9.98561E-05 9.98561E-05 0.0400075 0.00609355 0.229397 9.98561E-05
0.0682236 9.991E-05 9.991E-05 0.407751 9.991E-05 0.0324508 0.0540406 0.0659612 0.147527 0.0340185 0.0161237 0.0346784 9.991E-05 9.991E-05 9.991E-05 0.0105129 9.991E-05 9.991E-05 9.991E-05 0.127712 9.991E-05
9.98741E-05 0.026843 9.98741E-05 0.704832 0.050744 0.0765521 9.98741E-05 9.98741E-05 9.98741E-05 9.98741E-05 0.0108358 9.98741E-05 9.98741E-05 9.98741E-05 9.98741E-05 9.98741E-05 0.0968202 9.98741E-05 9.98741E-05 0.0319751 9.98741E-05
9.98831E-05 9.98831E-05 9.98831E-05 0.537627 9.98831E-05 9.98831E-05 9.98831E-05 9.98831E-05 9.98831E-05 0.0655982 0.010914 0.143806 0.169146 9.98831E-05 9.98831E-05 0.00438229 9.98831E-05 9.98831E-05 9.98831E-05 0.0604596 0.00676869
0.00971268 0.0601341 0.0574477 0.420254 0.00765488 9.9919E-05 0.00151521 0.0591716 0.105391 9.9919E-05 9.9919E-05 0.18169 0.0318148 0.044395 0.0199192 9.9919E-05 9.9919E-05 9.9919E-05 9.9919E-05 9.9919E-05 9.9919E-05
9.991E-05 0.00840886 9.991E-05 0.207207 9.991E-05 0.0238181 9.991E-05 9.991E-05 0.103211 9.991E-05 9.991E-05 0.0259564 0.154227 0.116848 9.991E-05 9.991E-05 0.146603 0.0495976 9.991E-05 0.109169 0.0539556
9.98921E-05 9.98921E-05 9.98921E-05 0.518598 9.98921E-05 9.98921E-05 0.0534965 0.0181132 0.091898 0.0184433 9.98921E-05 9.98921E-05 0.0360968 9.98921E-05 0.000362235 9.98921E-05 0.133808 9.98921E-05 9.98921E-05 0.127985 9.98921E-05
9.98676E-05 9.98676E-05 9.98676E-05 0.19354 9.98676E-05 9.98676E-05 9.98676E-05 9.98676E-05 9.98676E-05 9.98676E-05 9.98676E-05 0.0849719 9.98676E-05 9.98676E-05 9.98676E-05 0.0491458 0.304051 0.140805 9.98676E-05 0.225989 9.98676E-05
9.98382E-05 9.98382E-05 9.98382E-05 0.784135 9.98382E-05 9.98382E-05 9.98382E-05 9.98382E-05 9.98382E-05 9.98382E-05 9.98382E-05 9.98382E-05 0.203713 9.98382E-05 9.98382E-05 9.98382E-05 9.98382E-05 0.0103553 9.98382E-05 9.98382E-05 9.98382E-05
0.12925 0.0260435 0.000686311 0.17359 9.9919E-05 0.0649939 9.9919E-05 9.9919E-05 0.257949 9.9919E-05 0.00683856 0.0409502 0.055119 9.9919E-05 9.9919E-05 9.9919E-05 9.9919E-05 0.13474 0.0243932 0.0845464 9.9919E-05
9.98741E-05 9.98741E-05 9.98741E-05 0.726132 9.98741E-05 9.98741E-05 9.98741E-05 0.0210017 9.98741E-05 0.00883998 0.00973696 9.98741E-05 9.98741E-05 9.98741E-05 9.98741E-05 9.98741E-05 9.98741E-05 0.0951754 9.98741E-05 0.0708945 0.0668212
0.035865 9.9901E-05 9.9901E-05 0.273324 9.9901E-05 9.9901E-05 9.9901E-05 9.9901E-05 0.199907 9.9901E-05 0.00650539 0.115275 9.9901E-05 0.0167472 0.00546844 9.9901E-05 0.07454 9.9901E-05 9.9901E-05 0.241573 0.0296955
9.98203E-05 9.98203E-05 9.98203E-05 9.98203E-05 9.98203E-05 9.98203E-05 9.98203E-05 0.998004 9.98203E-05 9.98203E-05 9.98203E-05 9.98203E-05 9.98203E-05 9.98203E-05 9.98203E-05 9.98203E-05 9.98203E-05 9.98203E-05 9.98203E-05 9.98203E-05 9.98203E-05
9.98921E-05 0.027418 0.00214274 0.181183 9.98921E-05 9.98921E-05 0.0473814 9.98921E-05 0.414383 0.034555 9.98921E-05 9.98921E-05 9.98921E-05 9.98921E-05 0.0364767 9.98921E-05 9.98921E-05 0.0530828 9.98921E-05 0.202179 9.98921E-05
9.98741E-05 9.98741E-05 9.98741E-05 0.290131 9.98741E-05 9.98741E-05 9.98741E-05 0.0154314 0.19448 9.98741E-05 0.00716828 9.98741E-05 0.039121 9.98741E-05 9.98741E-05 0.109518 9.98741E-05 9.98741E-05 9.98741E-05 0.342752 9.98741E-05
9.98292E-05 9.98292E-05 9.98292E-05 9.98292E-05 9.98292E-05 9.98292E-05 9.98292E-05 0.976508 9.98292E-05 9.98292E-05 9.98292E-05 9.98292E-05 9.98292E-05 0.0215948 9.98292E-05 9.98292E-05 9.98292E-05 9.98292E-05 9.98292E-05 9.98292E-05 9.98292E-05
9.98651E-05 9.98651E-05 9.98651E-05 0.219615 9.98651E-05 9.98651E-05 9.98651E-05 0.0235856 0.21783 9.98651E-05 9.98651E-05 0.146445 9.98651E-05 9.98651E-05 9.98651E-05 9.98651E-05 9.98651E-05 0.0970444 9.98651E-05 0.293983 9.98651E-05
9.98561E-05 9.98561E-05 9.98561E-05 0.568638 9.98561E-05 9.98561E-05 9.98561E-05 9.98561E-05 0.275202 9.98561E-05 9.98561E-05 9.98561E-05 9.98561E-05 9.98561E-05 9.98561E-05 9.98561E-05 0.00461324 9.98561E-05 0.1145 9.98561E-05 0.0354489
9.991E-05 9.991E-05 0.0182225 0.372695 9.991E-05 9.991E-05 0.0384888 0.213852 0.023747 0.0218323 9.991E-05 9.991E-05 0.0299852 9.991E-05 9.991E-05 0.00384779 0.0516575 0.131268 9.991E-05 0.0934049 9.991E-05
9.98831E-05 0.0239164 9.98831E-05 9.98831E-05 0.0263253 9.98831E-05 9.98831E-05 0.0214372 0.58025 9.98831E-05 0.00185609 0.0205611 9.98831E-05 0.0491716 9.98831E-05 9.98831E-05 9.98831E-05 9.98831E-05 9.98831E-05 0.275184 9.98831E-05
9.98741E-05 0.00812689 0.0390985 0.0498031 9.98741E-05 0.000755868 0.0304267 0.0287023 0.841688 9.98741E-05 9.98741E-05 9.98741E-05 9.98741E-05 9.98741E-05 9.98741E-05 9.98741E-05 9.98741E-05 9.98741E-05 9.98741E-05 9.98741E-05 9.98741E-05
9.98831E-05 9.98831E-05 0.0438712 9.98831E-05 9.98831E-05 9.98831E-05 0.00760686 0.0120404 0.391024 9.98831E-05 9.98831E-05 0.0106564 9.98831E-05 0.101923 9.98831E-05 9.98831E-05 9.98831E-05 0.148526 9.98831E-05 0.283054 9.98831E-05
9.98741E-05 0.0454976 9.98741E-05 0.0563692 0.0255288 9.98741E-05 9.98741E-05 0.108487 0.435382 9.98741E-05 9.98741E-05 9.98741E-05 9.98741E-05 0.0463075 9.98741E-05 9.98741E-05 9.98741E-05 9.98741E-05 9.98741E-05 0.28103 9.98741E-05
9.98562E-05 9.98562E-05 9.98562E-05 0.156951 9.98562E-05 9.98562E-05 9.98562E-05 9.98562E-05 0.531357 9.98562E-05 9.98562E-05 0.0203079 9.98562E-05 9.98562E-05 0.0206118 9.98562E-05 9.98562E-05 9.98562E-05 9.98562E-05 0.269175 9.98562E-05
9.98562E-05 9.98562E-05 9.98562E-05 9.98562E-05 9.98562E-05 9.98562E-05 9.98562E-05 9.98562E-05 0.674746 9.98562E-05 0.0126335 9.98562E-05 9.98562E-05 9.98562E-05 9.98562E-05 0.0688273 0.0391969 9.98562E-05 9.98562E-05 0.202998 9.98562E-05
9.99011E-05 9.99011E-05 9.99011E-05 0.0118478 9.99011E-05 0.0549356 9.99011E-05 0.0578713 0.532901 0.00143282 9.99011E-05 9.99011E-05 0.0532785 0.0439197 9.99011E-05 9.99011E-05 0.138794 9.99011E-05 0.0109987 0.0929214 9.99011E-05
9.98742E-05 9.98742E-05 9.98742E-05 9.98742E-05 9.98742E-05 9.98742E-05 9.98742E-05 0.00990292 0.650361 9.98742E-05 9.98742E-05 0.0147921 0.0226221 9.98742E-05 9.98742E-05 9.98742E-05 0.00970362 0.0465463 9.98742E-05 0.244674 9.98742E-05
9.98382E-05 9.98382E-05 9.98382E-05 9.98382E-05 0.0491131 9.98382E-05 9.98382E-05 9.98382E-05 0.929642 9.98382E-05 9.98382E-05 9.98382E-05 0.0194475 9.98382E-05 9.98382E-05 9.98382E-05 9.98382E-05 9.98382E-05 9.98382E-05 9.98382E-05 9.98382E-05
9.98831E-05 0.0487758 9.98831E-05 0.067896 9.98831E-05 9.98831E-05 9.98831E-05 0.0163083 0.626312 9.98831E-05 0.0422003 9.98831E-05 9.98831E-05 9.98831E-05 9.98831E-05 0.0943544 9.98831E-05 0.00895704 9.98831E-05 9.98831E-05 0.0938981
9.98741E-05 9.98741E-05 9.98741E-05 9.98741E-05 0.0289653 0.0215946 9.98741E-05 9.98741E-05 0.650338 0.0153293 0.018556 9.98741E-05 9.98741E-05 9.98741E-05 9.98741E-05 9.98741E-05 9.98741E-05 0.151266 9.98741E-05 0.112554 9.98741E-05
9.98562E-05 9.98562E-05 9.98562E-05 0.00401469 0.0334168 9.98562E-05 9.98562E-05 9.98562E-05 0.354103 0.00273616 9.98562E-05 9.98562E-05 9.98562E-05 9.98562E-05 9.98562E-05 9.98562E-05 9.98562E-05 9.98562E-05 9.98562E-05 0.604132 9.98562E-05
9.98741E-05 9.98741E-05 9.98741E-05 9.98741E-05 9.98741E-05 9.98741E-05 0.0689733 0.0202087 0.54701 0.00362734 9.98741E-05 9.98741E-05 9.98741E-05 9.98741E-05 9.98741E-05 9.98741E-05 0.0607087 0.0450486 9.98741E-05 0.253025 9.98741E-05
9.98562E-05 0.0104574 9.98562E-05 9.98562E-05 9.98562E-05 9.98562E-05 9.98562E-05 0.0505997 0.851313 9.98562E-05 0.0028646 9.98562E-05 9.98562E-05 9.98562E-05 9.98562E-05 9.98562E-05 9.98562E-05 0.0831679 9.98562E-05 9.98562E-05 9.98562E-05
0.00425477 9.9919E-05 0.0388892 0.0459663 0.00628219 0.0218722 9.9919E-05 9.9919E-05 0.4517 0.0210017 9.9919E-05 0.0977528 0.0115537 9.9919E-05 9.9919E-05 9.9919E-05 0.050457 0.160711 9.9919E-05 0.088659 9.9919E-05
9.98741E-05 9.98741E-05 9.98741E-05 9.98741E-05 9.98741E-05 9.98741E-05 9.98741E-05 0.0646795 0.75827 0.012123 9.98741E-05 0.0327485 0.0413386 9.98741E-05 9.98741E-05 9.98741E-05 9.98741E-05 0.0739615 9.98741E-05 9.98741E-05 0.0154807
9.98921E-05 9.98921E-05 9.98921E-05 0.037378 9.98921E-05 0.0268632 9.98921E-05 0.054745 0.45951 9.98921E-05 9.98921E-05 0.0870197 9.98921E-05 9.98921E-05 0.00782117 9.98921E-05 0.026293 9.98921E-05 9.98921E-05 0.245201 0.0539697
9.98831E-05 9.98831E-05 9.98831E-05 0.306248 9.98831E-05 9.98831E-05 0.0594292 0.0302477 0.42784 9.98831E-05 0.00360174 9.98831E-05 0.135866 9.98831E-05 0.0280086 0.00746094 9.98831E-05 9.98831E-05 9.98831E-05 9.98831E-05 9.98831E-05
9.98831E-05 0.0188087 9.98831E-05 9.98831E-05 9.98831E-05 9.98831E-05 0.0394045 0.104666 0.501309 9.98831E-05 0.0124094 9.98831E-05 9.98831E-05 0.0616531 9.98831E-05 9.98831E-05 9.98831E-05 0.202819 9.98831E-05 0.0576312 9.98831E-05
9.98652E-05 9.98652E-05 0.0777784 0.240019 9.98652E-05 9.98652E-05 9.98652E-05 9.98652E-05 0.60552 9.98652E-05 9.98652E-05 9.98652E-05 9.98652E-05 9.98652E-05 0.00552984 9.98652E-05 9.98652E-05 0.0277595 0.0418953 9.98652E-05 9.98652E-05
9.98921E-05 9.98921E-05 9.98921E-05 0.222604 9.98921E-05 9.98921E-05 9.98921E-05 0.0139022 0.262003 9.98921E-05 0.0126612 9.98921E-05 0.0342533 9.98921E-05 9.98921E-05 0.015399 9.98921E-05 0.177636 0.0977944 0.162548 9.98921E-05
0.0140884 9.98741E-05 9.98741E-05 0.234603 9.98741E-05 9.98741E-05 9.98741E-05 9.98741E-05 0.470618 9.98741E-05 0.00297264 9.98741E-05 0.191566 9.98741E-05 9.98741E-05 9.98741E-05 9.98741E-05 0.0285812 9.98741E-05 0.0561728 9.98741E-05
9.98831E-05 9.98831E-05 9.98831E-05 0.0214216 9.98831E-05 9.98831E-05 9.98831E-05 9.98831E-05 0.687854 9.98831E-05 9.98831E-05 0.00235758 9.98831E-05 9.98831E-05 9.98831E-05 0.04796 0.0364628 9.98831E-05 0.0812462 0.0926526 0.0287466
9.99011E-05 0.00969546 9.99011E-05 0.139443 9.99011E-05 9.99011E-05 9.99011E-05 0.00375654 0.45744 0.0651687 0.0207714 0.0273597 0.208043 9.99011E-05 9.99011E-05 0.0141743 9.99011E-05 0.0530492 9.99011E-05 9.99011E-05 9.99011E-05
0.00809962 0.0150479 9.9919E-05 0.257517 9.9919E-05 0.00713717 9.9919E-05 9.9919E-05 0.200679 0.00858563 9.9919E-05 9.9919E-05 0.0801507 9.9919E-05 0.0203926 0.0452323 0.0375586 0.252006 9.9919E-05 9.9919E-05 0.066694
9.9919E-05 9.9919E-05 0.103591 0.183168 9.9919E-05 0.0168033 9.9919E-05 0.027973 0.254624 9.9919E-05 0.0100159 9.9919E-05 0.0291146 9.9919E-05 0.0143429 9.9919E-05 9.9919E-05 0.197182 0.00960895 0.106211 0.0464658
9.98831E-05 9.98831E-05 9.98831E-05 0.328983 0.0078244 9.98831E-05 9.98831E-05 0.0550892 0.309317 0.0241021 0.0637729 0.0960819 9.98831E-05 9.98831E-05 9.98831E-05 9.98831E-05 9.98831E-05 0.113531 9.98831E-05 9.98831E-05 9.98831E-05
9.99011E-05 9.99011E-05 9.99011E-05 0.314667 9.99011E-05 0.0225567 0.000600855 9.99011E-05 0.0626423 9.99011E-05 0.012655 0.0742428 9.99011E-05 9.99011E-05 0.00798732 0.0119697 9.99011E-05 0.342997 9.99011E-05 0.148582 9.99011E-05
0.0125436 9.9901E-05 9.9901E-05 0.211832 9.9901E-05 0.0528605 9.9901E-05 9.9901E-05 0.544799 0.0106302 0.0141443 9.9901E-05 9.9901E-05 0.033323 0.0222801 9.9901E-05 9.9901E-05 0.060928 0.0355611 9.9901E-05 9.9901E-05
9.9883E-05 9.9883E-05 0.0288222 0.174169 9.9883E-05 9.9883E-05 9.9883E-05 9.9883E-05 0.229295 0.0437552 9.9883E-05 9.9883E-05 0.165629 9.9883E-05 9.9883E-05 9.9883E-05 9.9883E-05 0.20622 0.0224691 0.128342 9.9883E-05
9.98741E-05 9.98741E-05 0.00050007 0.196568 9.98741E-05 9.98741E-05 9.98741E-05 9.98741E-05 0.369926 9.98741E-05 9.98741E-05 0.106426 9.98741E-05 9.98741E-05 9.98741E-05 9.98741E-05 0.0518928 0.207914 9.98741E-05 0.065375 9.98741E-05
9.991E-05 0.0265289 9.991E-05 0.0585638 9.991E-05 9.991E-05 9.991E-05 0.0670846 0.314203 9.991E-05 0.150117 9.991E-05 0.015522 0.0249931 9.991E-05 9.991E-05 0.0204424 0.220224 0.0290593 0.0722636 9.991E-05
0.0343587 0.0204108 0.0582313 0.216399 0.0223965 9.9901E-05 9.9901E-05 9.9901E-05 0.234711 9.9901E-05 0.0184725 9.9901E-05 0.10656 9.9901E-05 9.9901E-05 9.9901E-05 9.9901E-05 0.19096 0.0964012 9.9901E-05 9.9901E-05
9.98921E-05 9.98921E-05 0.0328 9.98921E-05 9.98921E-05 9.98921E-05 9.98921E-05 0.00787588 9.98921E-05 0.0220635 9.98921E-05 0.0218867 0.0349378 9.98921E-05 0.00328201 0.00346427 9.98921E-05 0.072734 9.98921E-05 0.799757 9.98921E-05
9.98831E-05 9.98831E-05 9.98831E-05 0.0678797 0.00011014 9.98831E-05 9.98831E-05 9.98831E-05 0.0514033 9.98831E-05 0.0238809 9.98831E-05 0.0270755 9.98831E-05 9.98831E-05 9.98831E-05 0.0610211 9.98831E-05 9.98831E-05 0.751424 0.015907
9.98293E-05 0.013945 9.98293E-05 9.98293E-05 9.98293E-05 9.98293E-05 9.98293E-05 9.98293E-05 9.98293E-05 9.98293E-05 9.98293E-05 9.98293E-05 9.98293E-05 9.98293E-05 9.98293E-05 9.98293E-05 9.98293E-05 9.98293E-05 9.98293E-05 0.984158 9.98293E-05
9.98473E-05 0.01667 9.98473E-05 9.98473E-05 9.98473E-05 9.98473E-05 9.98473E-05 0.0256274 9.98473E-05 9.98473E-05 9.98473E-05 9.98473E-05 9.98473E-05 9.98473E-05 9.98473E-05 9.98473E-05 9.98473E-05 9.98473E-05 0.0134196 0.942586 9.98473E-05
9.98741E-05 9.98741E-05 9.98741E-05 9.98741E-05 9.98741E-05 0.0208481 9.98741E-05 9.98741E-05 0.184778 9.98741E-05 0.0689277 0.0376254 0.0270247 9.98741E-05 9.98741E-05 9.98741E-05 9.98741E-05 9.98741E-05 0.00836481 0.651033 9.98741E-05
9.98472E-05 9.98472E-05 9.98472E-05 9.98472E-05 9.98472E-05 9.98472E-05 9.98472E-05 0.089176 0.0811495 9.98472E-05 9.98472E-05 9.98472E-05 9.98472E-05 9.98472E-05 9.98472E-05 0.00536777 9.98472E-05 9.98472E-05 9.98472E-05 0.822609 9.98472E-05
9.98741E-05 0.0257516 9.98741E-05 9.98741E-05 0.0251528 9.98741E-05 9.98741E-05 9.98741E-05 0.213683 9.98741E-05 0.0145688 0.016258 9.98741E-05 9.98741E-05 9.98741E-05 9.98741E-05 9.98741E-05 0.0129545 9.98741E-05 0.690233 9.98741E-05
