0.0666655 9.99191E-05 0.18542 9.99191E-05 9.99191E-05 9.99191E-05 9.99191E-05 9.99191E-05 0.0108826 0.0336547 0.433549 9.99191E-05 9.99191E-05 0.231778 0.0136789 9.99191E-05 0.0234723
0.0296329 0.028873 0.229799 9.99101E-05 9.99101E-05 9.99101E-05 0.0749204 9.99101E-05 9.99101E-05 0.0701624 0.545836 9.99101E-05 0.019778 9.99101E-05 9.99101E-05 9.99101E-05 9.99101E-05
0.0550628 0.0444488 0.0269408 9.9946E-05 0.040173 0.00711694 9.9946E-05 9.9946E-05 9.9946E-05 9.9946E-05 0.597916 9.9946E-05 0.00893255 0.106668 0.0179015 0.016666 0.0775744
9.98831E-05 9.98831E-05 9.98831E-05 9.98831E-05 0.0202792 9.98831E-05 0.0110514 9.98831E-05 9.98831E-05 0.0128181 0.954553 9.98831E-05 9.98831E-05 9.98831E-05 9.98831E-05 9.98831E-05 9.98831E-05
0.00660791 9.9946E-05 0.152054 0.0140439 9.9946E-05 0.0272379 9.9946E-05 0.00171478 0.000260923 9.9946E-05 0.504325 0.00358699 9.9946E-05 0.17598 9.9946E-05 0.0685295 0.0450596
9.98652E-05 9.98652E-05 0.0454201 9.98652E-05 9.98652E-05 9.98652E-05 9.98652E-05 9.98652E-05 9.98652E-05 9.98652E-05 0.953082 9.98652E-05 9.98652E-05 9.98652E-05 9.98652E-05 9.98652E-05 9.98652E-05
9.98652E-05 9.98652E-05 0.00374464 9.98652E-05 9.98652E-05 9.98652E-05 9.98652E-05 9.98652E-05 9.98652E-05 9.98652E-05 0.994757 9.98652E-05 9.98652E-05 9.98652E-05 9.98652E-05 9.98652E-05 9.98652E-05
0.04444 9.9937E-05 0.0440755 9.9937E-05 9.9937E-05 0.0423859 9.9937E-05 0.0362596 0.0646936 9.9937E-05 0.440248 9.9937E-05 0.0511882 0.193615 9.9937E-05 0.0690157 0.0133793
9.99101E-05 9.99101E-05 0.273838 0.0541025 9.99101E-05 9.99101E-05 9.99101E-05 0.0488241 0.0395035 0.000577651 0.572346 9.99101E-05 9.99101E-05 0.00980908 9.99101E-05 9.99101E-05 9.99101E-05
9.9937E-05 9.9937E-05 0.184278 0.0106955 9.9937E-05 9.9937E-05 0.00467659 0.0840688 9.9937E-05 0.0454893 0.392555 9.9937E-05 0.0427102 0.117003 0.0701337 9.9937E-05 0.0476901
0.0318069 9.99191E-05 9.99191E-05 0.0916829 9.99191E-05 9.99191E-05 9.99191E-05 0.0516149 9.99191E-05 0.0158511 0.729478 0.0134176 9.99191E-05 9.99191E-05 9.99191E-05 0.0105346 0.0547143
9.99101E-05 9.99101E-05 0.124093 0.0260041 0.00195827 9.99101E-05 9.99101E-05 9.99101E-05 9.99101E-05 0.00189411 0.56913 9.99101E-05 9.99101E-05 0.252063 0.0238579 9.99101E-05 9.99101E-05
9.98562E-05 9.98562E-05 9.98562E-05 9.98562E-05 9.98562E-05 9.98562E-05 9.98562E-05 9.98562E-05 9.98562E-05 9.98562E-05 0.998402 9.98562E-05 9.98562E-05 9.98562E-05 9.98562E-05 9.98562E-05 9.98562E-05
9.98562E-05 9.98562E-05 9.98562E-05 9.98562E-05 9.98562E-05 9.98562E-05 9.98562E-05 9.98562E-05 9.98562E-05 9.98562E-05 0.998402 9.98562E-05 9.98562E-05 9.98562E-05 9.98562E-05 9.98562E-05 9.98562E-05
9.98652E-05 9.98652E-05 9.98652E-05 9.98652E-05 9.98652E-05 0.0270324 9.98652E-05 9.98652E-05 9.98652E-05 9.98652E-05 0.97147 9.98652E-05 9.98652E-05 9.98652E-05 9.98652E-05 9.98652E-05 9.98652E-05
9.98741E-05 9.98741E-05 9.98741E-05 9.98741E-05 0.0295086 9.98741E-05 9.98741E-05 9.98741E-05 0.0379516 9.98741E-05 0.931142 9.98741E-05 9.98741E-05 9.98741E-05 9.98741E-05 9.98741E-05 9.98741E-05
9.9937E-05 0.0372719 0.0217017 9.9937E-05 9.9937E-05 0.00732308 0.0207886 9.9937E-05 0.00619806 9.9937E-05 0.663126 9.9937E-05 9.9937E-05 0.0647972 0.115961 0.0582801 0.00385219
9.9928E-05 0.0515797 0.0158447 9.9928E-05 9.9928E-05 9.9928E-05 0.0242313 9.9928E-05 0.0375926 9.9928E-05 0.6618 9.9928E-05 9.9928E-05 0.0151364 0.102077 0.070073 0.0208656
9.9928E-05 0.0222458 9.9928E-05 9.9928E-05 9.9928E-05 0.0205167 0.00783182 0.0276947 9.9928E-05 9.9928E-05 0.719408 9.9928E-05 0.0160109 0.0854674 0.0803326 0.0196924 9.9928E-05
9.98562E-05 9.98562E-05 9.98562E-05 9.98562E-05 9.98562E-05 9.98562E-05 9.98562E-05 9.98562E-05 9.98562E-05 9.98562E-05 9.98562E-05 9.98562E-05 9.98562E-05 9.98562E-05 9.98562E-05 9.98562E-05 0.998402
0.0554197 0.0535833 0.451983 9.99191E-05 9.99191E-05 9.99191E-05 0.0330355 9.99191E-05 0.00257901 0.0427858 0.101524 9.99191E-05 9.99191E-05 9.99191E-05 9.99191E-05 9.99191E-05 0.25819
0.0321014 9.99191E-05 0.445458 0.0947353 9.99191E-05 9.99191E-05 0.00242086 9.99191E-05 0.0115821 0.0765526 0.0859711 9.99191E-05 9.99191E-05 9.99191E-05 9.99191E-05 9.99191E-05 0.250279
9.99101E-05 0.0555092 0.3457 9.99101E-05 0.0119757 9.99101E-05 0.0285408 9.99101E-05 9.99101E-05 9.99101E-05 0.153571 9.99101E-05 9.99101E-05 9.99101E-05 9.99101E-05 0.199218 0.204486
9.99191E-05 0.00548345 0.314783 9.99191E-05 9.99191E-05 9.99191E-05 9.99191E-05 9.99191E-05 0.0923565 9.99191E-05 0.106055 9.99191E-05 0.111912 0.0913626 9.99191E-05 0.131175 0.145974
9.9946E-05 0.0182177 0.436083 0.00822654 9.9946E-05 0.0224677 9.9946E-05 0.023972 0.0269019 0.0379065 0.134849 9.9946E-05 9.9946E-05 0.147482 9.9946E-05 0.00102363 0.142271
9.99101E-05 9.99101E-05 0.438344 0.00690406 9.99101E-05 0.0586082 9.99101E-05 9.99101E-05 9.99101E-05 9.99101E-05 0.174488 0.00820017 9.99101E-05 9.99101E-05 9.99101E-05 0.0362013 0.276255
9.99191E-05 9.99191E-05 0.540337 0.0335237 9.99191E-05 0.01987 0.0322236 0.0404803 0.0455097 9.99191E-05 0.0295241 9.99191E-05 9.99191E-05 9.99191E-05 9.99191E-05 9.99191E-05 0.257632
0.0251818 0.0749147 0.478325 9.9928E-05 9.9928E-05 9.9928E-05 9.9928E-05 9.9928E-05 9.9928E-05 0.0590124 0.149321 9.9928E-05 0.00141601 0.0103499 0.03705 9.9928E-05 0.163629
0.0486116 0.0474395 0.502109 0.0138644 9.9928E-05 9.9928E-05 9.9928E-05 9.9928E-05 9.9928E-05 0.0074695 0.190688 9.9928E-05 9.9928E-05 0.0157373 0.015111 9.9928E-05 0.15817
9.98562E-05 9.98562E-05 9.98562E-05 9.98562E-05 9.98562E-05 9.98562E-05 9.98562E-05 9.98562E-05 9.98562E-05 9.98562E-05 9.98562E-05 9.98562E-05 9.98562E-05 9.98562E-05 9.98562E-05 9.98562E-05 0.998402
9.98741E-05 9.98741E-05 9.98741E-05 9.98741E-05 9.98741E-05 9.98741E-05 9.98741E-05 0.0131081 9.98741E-05 9.98741E-05 9.98741E-05 9.98741E-05 9.98741E-05 9.98741E-05 9.98741E-05 0.000308612 0.985185
9.98652E-05 0.000231793 9.98652E-05 9.98652E-05 9.98652E-05 9.98652E-05 9.98652E-05 9.98652E-05 9.98652E-05 9.98652E-05 9.98652E-05 9.98652E-05 9.98652E-05 9.98652E-05 9.98652E-05 9.98652E-05 0.99827
9.98562E-05 9.98562E-05 9.98562E-05 9.98562E-05 9.98562E-05 9.98562E-05 9.98562E-05 9.98562E-05 9.98562E-05 9.98562E-05 9.98562E-05 9.98562E-05 9.98562E-05 9.98562E-05 9.98562E-05 9.98562E-05 0.998402
0.0200184 9.98831E-05 0.044329 9.98831E-05 9.98831E-05 9.98831E-05 9.98831E-05 9.98831E-05 9.98831E-05 9.98831E-05 9.98831E-05 9.98831E-05 0.0225583 9.98831E-05 9.98831E-05 9.98831E-05 0.911796
0.0129059 9.98831E-05 9.98831E-05 9.98831E-05 9.98831E-05 9.98831E-05 9.98831E-05 9.98831E-05 9.98831E-05 9.98831E-05 0.0176198 0.0200757 9.98831E-05 9.98831E-05 9.98831E-05 9.98831E-05 0.9481
0.0180957 9.9937E-05 0.451097 0.00614628 9.9937E-05 0.00102217 9.9937E-05 9.9937E-05 9.9937E-05 9.9937E-05 9.9937E-05 0.0205345 0.0285359 0.101909 0.0298436 0.141434 0.200681
0.0205778 0.00602763 0.189293 9.9973E-05 0.0575426 0.0235689 0.127969 9.9973E-05 0.0191607 0.00434354 0.179074 9.9973E-05 0.0692887 0.0467337 0.0570158 0.0351805 0.163924
9.99191E-05 0.0268102 0.323272 9.99191E-05 9.99191E-05 0.00388963 0.0578322 9.99191E-05 0.00839856 9.99191E-05 0.206155 9.99191E-05 9.99191E-05 9.99191E-05 9.99191E-05 0.217905 0.154839
9.98921E-05 9.98921E-05 0.803944 9.98921E-05 0.101671 0.0101467 9.98921E-05 9.98921E-05 9.98921E-05 9.98921E-05 0.0675834 9.98921E-05 9.98921E-05 0.0154558 9.98921E-05 9.98921E-05 9.98921E-05
0.00827967 0.02288 0.599348 0.0210115 0.0542232 0.0768936 9.9946E-05 0.0107871 9.9946E-05 9.9946E-05 0.141078 9.9946E-05 0.031971 9.9946E-05 9.9946E-05 0.0211511 0.0117775
0.0156328 9.99011E-05 0.762471 9.99011E-05 9.99011E-05 0.0899214 9.99011E-05 9.99011E-05 9.99011E-05 9.99011E-05 0.0721052 9.99011E-05 0.0480311 9.99011E-05 9.99011E-05 9.99011E-05 0.0107391
9.99101E-05 9.99101E-05 0.539838 9.99101E-05 9.99101E-05 9.99101E-05 0.0979486 9.99101E-05 9.99101E-05 9.99101E-05 0.20336 0.0386148 0.0258773 9.99101E-05 0.030535 9.99101E-05 0.0628264
0.0458638 0.0299989 0.632526 9.99281E-05 0.0642769 0.0381553 0.047915 9.99281E-05 9.99281E-05 9.99281E-05 0.103383 9.99281E-05 0.0188717 9.99281E-05 9.99281E-05 9.99281E-05 0.0182101
9.99281E-05 0.0261422 0.672457 0.0612704 0.0474551 0.0187749 9.99281E-05 9.99281E-05 9.99281E-05 9.99281E-05 9.99281E-05 9.99281E-05 0.0119634 0.0383253 0.105563 0.017249 9.99281E-05
0.0642976 9.9964E-05 0.508635 9.9964E-05 0.0495998 0.00798314 0.0275889 9.9964E-05 0.0428499 0.0121094 0.0667066 0.0100436 9.9964E-05 0.0286728 0.108156 0.0123895 0.060568
0.0118309 0.00636874 0.519696 9.9946E-05 0.0156087 0.0537906 0.0227846 9.9946E-05 9.9946E-05 9.9946E-05 0.146807 9.9946E-05 9.9946E-05 0.0983297 0.0274524 0.00913285 0.0875984
0.0082384 0.0652565 0.776862 9.99371E-05 9.99371E-05 0.0217783 0.0530469 0.00643244 9.99371E-05 0.0264892 0.00390536 9.99371E-05 9.99371E-05 9.99371E-05 9.99371E-05 0.00232268 0.0349685
0.0190121 9.99281E-05 0.679615 9.99281E-05 9.99281E-05 9.99281E-05 0.0134299 0.0323853 9.99281E-05 0.0121231 0.0670566 9.99281E-05 9.99281E-05 0.0183199 9.99281E-05 0.123974 0.0332838
9.98652E-05 9.98652E-05 9.98652E-05 9.98652E-05 0.00020252 0.9983 9.98652E-05 9.98652E-05 9.98652E-05 9.98652E-05 9.98652E-05 9.98652E-05 9.98652E-05 9.98652E-05 9.98652E-05 9.98652E-05 9.98652E-05
9.98831E-05 9.98831E-05 9.98831E-05 9.98831E-05 9.98831E-05 0.966178 9.98831E-05 9.98831E-05 9.98831E-05 9.98831E-05 0.0079307 9.98831E-05 0.00144725 9.98831E-05 0.0231458 9.98831E-05 9.98831E-05
9.98562E-05 9.98562E-05 9.98562E-05 9.98562E-05 9.98562E-05 0.998402 9.98562E-05 9.98562E-05 9.98562E-05 9.98562E-05 9.98562E-05 9.98562E-05 9.98562E-05 9.98562E-05 9.98562E-05 9.98562E-05 9.98562E-05
9.98562E-05 9.98562E-05 9.98562E-05 9.98562E-05 9.98562E-05 0.998402 9.98562E-05 9.98562E-05 9.98562E-05 9.98562E-05 9.98562E-05 9.98562E-05 9.98562E-05 9.98562E-05 9.98562E-05 9.98562E-05 9.98562E-05
9.98652E-05 9.98652E-05 9.98652E-05 9.98652E-05 9.98652E-05 0.996104 9.98652E-05 9.98652E-05 9.98652E-05 9.98652E-05 9.98652E-05 0.00239824 9.98652E-05 9.98652E-05 9.98652E-05 9.98652E-05 9.98652E-05
9.98562E-05 9.98562E-05 9.98562E-05 9.98562E-05 9.98562E-05 0.998402 9.98562E-05 9.98562E-05 9.98562E-05 9.98562E-05 9.98562E-05 9.98562E-05 9.98562E-05 9.98562E-05 9.98562E-05 9.98562E-05 9.98562E-05
0.0115622 9.98921E-05 9.98921E-05 9.98921E-05 9.98921E-05 0.955224 0.0193914 9.98921E-05 9.98921E-05 9.98921E-05 9.98921E-05 9.98921E-05 9.98921E-05 0.00124149 9.98921E-05 0.0113824 9.98921E-05
9.98742E-05 9.98742E-05 9.98742E-05 9.98742E-05 9.98742E-05 0.990929 9.98742E-05 9.98742E-05 9.98742E-05 9.98742E-05 9.98742E-05 9.98742E-05 0.000739316 9.98742E-05 9.98742E-05 9.98742E-05 0.00693362
9.98562E-05 9.98562E-05 9.98562E-05 9.98562E-05 9.98562E-05 0.998402 9.98562E-05 9.98562E-05 9.98562E-05 9.98562E-05 9.98562E-05 9.98562E-05 9.98562E-05 9.98562E-05 9.98562E-05 9.98562E-05 9.98562E-05
9.98832E-05 9.98832E-05 0.721651 0.00633023 9.98832E-05 0.148275 9.98832E-05 9.98832E-05 9.98832E-05 9.98832E-05 0.122446 9.98832E-05 9.98832E-05 9.98832E-05 9.98832E-05 9.98832E-05 9.98832E-05
9.99281E-05 0.0312398 0.569617 9.99281E-05 9.99281E-05 0.0286182 9.99281E-05 0.069552 0.0054729 0.0859147 0.0557901 0.0101801 9.99281E-05 0.142816 9.99281E-05 9.99281E-05 9.99281E-05
0.0164403 9.99371E-05 0.776125 0.00985156 9.99371E-05 0.0443887 9.99371E-05 9.99371E-05 9.99371E-05 0.0867157 0.0150552 9.99371E-05 0.0158396 0.00963556 9.99371E-05 0.00883615 0.016413
0.00566875 9.9937E-05 0.646638 0.0413033 0.0100093 9.9937E-05 9.9937E-05 0.102779 9.9937E-05 0.00311157 0.0846972 0.0272694 0.0620266 0.0157973 9.9937E-05 9.9937E-05 9.9937E-05
0.00296338 9.99191E-05 0.702966 9.99191E-05 0.0862715 0.0237694 9.99191E-05 9.99191E-05 0.0227949 9.99191E-05 9.99191E-05 0.0228181 9.99191E-05 0.0433812 9.99191E-05 9.99191E-05 0.094136
0.0723795 9.99011E-05 0.645599 9.99011E-05 9.99011E-05 9.99011E-05 0.0424549 9.99011E-05 9.99011E-05 9.99011E-05 0.123418 9.99011E-05 9.99011E-05 9.99011E-05 9.99011E-05 0.0578079 0.057242
0.0754696 9.9973E-05 0.457496 0.0397434 0.00221002 0.0187167 9.9973E-05 0.0115407 0.0188524 0.0334467 0.0427197 0.0681792 0.0752622 9.9973E-05 0.0099176 0.0343225 0.111823
9.98653E-05 9.98653E-05 0.939144 9.98653E-05 9.98653E-05 9.98653E-05 9.98653E-05 9.98653E-05 9.98653E-05 9.98653E-05 9.98653E-05 9.98653E-05 9.98653E-05 9.98653E-05 9.98653E-05 9.98653E-05 0.0593581
9.99281E-05 9.99281E-05 0.819218 0.0158661 9.99281E-05 9.99281E-05 9.99281E-05 0.0203202 0.0291248 9.99281E-05 0.0559592 0.00587991 9.99281E-05 9.99281E-05 0.0164413 0.0222552 0.0141358
9.9937E-05 0.0307088 0.633807 9.9937E-05 9.9937E-05 0.010355 9.9937E-05 0.0552515 0.00664871 0.0949094 0.0430512 0.0495909 0.00884059 0.0661371 9.9937E-05 9.9937E-05 9.9937E-05
9.99101E-05 9.99101E-05 0.783005 9.99101E-05 9.99101E-05 9.99101E-05 9.99101E-05 0.0652528 0.0113756 9.99101E-05 0.0755782 9.99101E-05 9.99101E-05 9.99101E-05 0.0190767 0.0234266 0.0212864
9.98921E-05 9.98921E-05 0.846147 9.98921E-05 9.98921E-05 9.98921E-05 0.00657919 0.0370484 9.98921E-05 9.98921E-05 9.98921E-05 9.98921E-05 9.98921E-05 9.98921E-05 0.100391 0.00863569 9.98921E-05
9.99101E-05 9.99101E-05 0.827026 0.0029158 9.99101E-05 9.99101E-05 9.99101E-05 0.0601 9.99101E-05 9.99101E-05 0.008096 9.99101E-05 9.99101E-05 9.99101E-05 0.0674538 0.0252452 0.00816356
9.98921E-05 9.98921E-05 0.844661 0.00921127 9.98921E-05 9.98921E-05 9.98921E-05 0.0309916 9.98921E-05 9.98921E-05 0.00584653 9.98921E-05 9.98921E-05 9.98921E-05 0.108091 9.98921E-05 9.98921E-05
9.99101E-05 0.0618255 0.847417 0.0293145 9.99101E-05 9.99101E-05 9.99101E-05 9.99101E-05 9.99101E-05 0.0197019 0.0109931 9.99101E-05 0.00545987 0.0242886 9.99101E-05 9.99101E-05 9.99101E-05
9.99281E-05 0.0201408 0.619243 9.99281E-05 0.0425875 0.0284954 0.0185313 0.0486564 9.99281E-05 9.99281E-05 0.0475797 9.99281E-05 9.99281E-05 9.99281E-05 0.0802419 9.99281E-05 0.0937246
0.0526919 9.99011E-05 0.726399 9.99011E-05 9.99011E-05 0.00283649 9.99011E-05 0.102041 9.99011E-05 9.99011E-05 0.0366597 9.99011E-05 9.99011E-05 9.99011E-05 9.99011E-05 9.99011E-05 0.0782736
9.99011E-05 9.99011E-05 0.748006 9.99011E-05 9.99011E-05 0.0404007 0.0411072 9.99011E-05 0.0492165 9.99011E-05 9.99011E-05 9.99011E-05 0.00715683 0.113014 9.99011E-05 9.99011E-05 9.99011E-05
9.99011E-05 9.99011E-05 0.73775 9.99011E-05 9.99011E-05 0.0216934 0.0312066 9.99011E-05 0.0685864 9.99011E-05 9.99011E-05 9.99011E-05 9.99011E-05 0.134512 9.99011E-05 9.99011E-05 0.00515237
9.9946E-05 0.0111487 0.714438 9.9946E-05 0.0440817 0.0389679 0.0238768 9.9946E-05 0.0958041 0.0232529 0.0200779 9.9946E-05 9.9946E-05 0.00133518 9.9946E-05 0.0115381 0.0148792
9.98921E-05 9.98921E-05 0.747354 9.98921E-05 9.98921E-05 9.98921E-05 0.0483148 9.98921E-05 0.0504774 9.98921E-05 9.98921E-05 9.98921E-05 0.0067892 0.145865 9.98921E-05 9.98921E-05 9.98921E-05
9.99191E-05 0.00812931 0.707389 9.99191E-05 0.032468 0.094459 9.99191E-05 9.99191E-05 0.0952048 9.99191E-05 0.0201245 0.0304781 9.99191E-05 9.99191E-05 0.0108482 9.99191E-05 9.99191E-05
9.99011E-05 9.99011E-05 0.634236 9.99011E-05 9.99011E-05 0.093325 9.99011E-05 0.0418911 9.99011E-05 9.99011E-05 9.99011E-05 9.99011E-05 0.0411265 0.1862 9.99011E-05 9.99011E-05 0.00212244
0.0185769 0.00704403 0.646463 0.0592981 0.0281927 0.0185449 9.9937E-05 9.9937E-05 9.9937E-05 9.9937E-05 0.104271 0.0221908 0.0373169 9.9937E-05 9.9937E-05 9.9937E-05 0.0574015
9.98921E-05 9.98921E-05 0.868818 9.98921E-05 9.98921E-05 0.0692593 9.98921E-05 9.98921E-05 0.00966948 9.98921E-05 0.00884335 9.98921E-05 9.98921E-05 9.98921E-05 9.98921E-05 9.98921E-05 0.0422113
9.99101E-05 9.99101E-05 0.749553 0.0343185 9.99101E-05 0.0631022 9.99101E-05 9.99101E-05 9.99101E-05 0.0263405 0.0308857 0.00725243 9.99101E-05 9.99101E-05 9.99101E-05 9.99101E-05 0.0875489
9.99101E-05 9.99101E-05 0.813418 0.0247536 0.0658252 0.0263508 0.021125 9.99101E-05 9.99101E-05 9.99101E-05 0.0416113 9.99101E-05 9.99101E-05 9.99101E-05 9.99101E-05 0.00591731 9.99101E-05
9.99191E-05 9.99191E-05 0.757301 0.0582237 9.99191E-05 0.0520683 9.99191E-05 9.99191E-05 0.0353485 9.99191E-05 9.99191E-05 0.000575695 0.0185334 0.0515772 9.99191E-05 0.0254726 9.99191E-05
9.99191E-05 0.0125589 0.723931 9.99191E-05 0.00620004 0.0499688 9.99191E-05 0.00896458 0.0134575 9.99191E-05 9.99191E-05 9.99191E-05 9.99191E-05 0.162076 9.99191E-05 9.99191E-05 0.0219436
9.98832E-05 9.98832E-05 0.901887 9.98832E-05 0.039242 0.0515175 9.98832E-05 0.00605494 9.98832E-05 9.98832E-05 9.98832E-05 9.98832E-05 9.98832E-05 9.98832E-05 9.98832E-05 9.98832E-05 9.98832E-05
9.9946E-05 0.0887509 0.625157 9.9946E-05 0.0422603 0.00391871 0.000900696 0.0664144 9.9946E-05 0.0303237 0.0149118 0.00983627 9.9946E-05 0.0850666 9.9946E-05 9.9946E-05 0.0318596
9.9946E-05 9.9946E-05 0.701436 0.00862179 0.0182464 0.0339848 0.0437744 9.9946E-05 0.00262145 9.9946E-05 0.0351801 9.9946E-05 0.0084789 0.029256 0.0558998 9.9946E-05 0.0619005
9.99191E-05 9.99191E-05 0.691381 0.0125428 9.99191E-05 0.0343378 0.0317082 9.99191E-05 9.99191E-05 9.99191E-05 0.0564784 9.99191E-05 0.0493852 9.99191E-05 0.0919371 9.99191E-05 0.0313304
0.0904441 9.99281E-05 0.596131 9.99281E-05 0.00343167 0.0906817 9.99281E-05 0.0016939 0.00833722 9.99281E-05 9.99281E-05 9.99281E-05 9.99281E-05 0.0996013 9.99281E-05 0.0231436 0.0857364
0.0828864 9.99281E-05 0.621941 0.00208206 9.99281E-05 0.0758849 9.99281E-05 9.99281E-05 0.00348402 9.99281E-05 9.99281E-05 9.99281E-05 0.0149239 0.0555363 9.99281E-05 0.0339589 0.108503
0.0182828 9.99191E-05 0.718057 0.0901557 9.99191E-05 0.0261916 9.99191E-05 9.99191E-05 9.99191E-05 0.0199748 9.99191E-05 9.99191E-05 9.99191E-05 0.0396703 0.0638968 0.0228713 9.99191E-05
0.0638967 9.99011E-05 0.799361 0.0340764 9.99011E-05 0.0135473 9.99011E-05 0.0775004 9.99011E-05 9.99011E-05 9.99011E-05 9.99011E-05 9.99011E-05 9.99011E-05 9.99011E-05 9.99011E-05 0.0105197
9.9928E-05 9.9928E-05 0.789815 0.0493879 0.0172904 0.0097236 9.9928E-05 0.0251368 9.9928E-05 0.0403842 0.0159185 9.9928E-05 0.00393363 9.9928E-05 9.9928E-05 9.9928E-05 0.0476103
9.99191E-05 9.99191E-05 0.725565 0.0230771 0.0117924 0.032215 9.99191E-05 0.0203041 9.99191E-05 9.99191E-05 0.0907704 9.99191E-05 9.99191E-05 9.99191E-05 0.0687841 9.99191E-05 0.026592
9.99191E-05 9.99191E-05 0.706157 0.0925207 0.0221183 0.0352719 0.00131082 9.99191E-05 0.0278951 9.99191E-05 9.99191E-05 0.0122089 9.99191E-05 9.99191E-05 9.99191E-05 9.99191E-05 0.101618
0.0433565 9.99191E-05 0.787171 9.99191E-05 9.99191E-05 0.0244883 9.99191E-05 0.0298502 0.0671921 9.99191E-05 9.99191E-05 9.99191E-05 9.99191E-05 9.99191E-05 0.037717 0.00792151 0.00140419
0.0286427 9.9937E-05 0.673432 9.9937E-05 9.9937E-05 0.0635834 0.0266082 0.12376 9.9937E-05 0.00573355 9.9937E-05 9.9937E-05 0.0374143 0.00357035 0.0271232 0.00943208 9.9937E-05
0.0632987 9.99101E-05 0.669272 0.0365076 9.99101E-05 9.99101E-05 0.0352406 9.99101E-05 9.99101E-05 9.99101E-05 9.99101E-05 9.99101E-05 0.071976 0.118593 0.0041127 9.99101E-05 9.99101E-05
9.9937E-05 9.9937E-05 0.711925 9.9937E-05 0.010538 9.9937E-05 0.0639275 0.0694764 9.9937E-05 0.000586688 0.11358 0.0056034 9.9937E-05 9.9937E-05 0.00478127 0.00571971 0.0131622
0.0344904 9.9946E-05 0.522984 0.0816374 0.0682795 9.9946E-05 0.0699148 0.0104476 0.0320601 9.9946E-05 0.0803761 9.9946E-05 0.0214044 0.065437 9.9946E-05 9.9946E-05 0.0123688
0.0645684 0.00630972 0.580544 0.0294896 9.9937E-05 0.0393242 0.102143 0.0640715 0.0255348 9.9937E-05 9.9937E-05 9.9937E-05 0.0715942 9.9937E-05 9.9937E-05 0.0157212 9.9937E-05
0.0256631 0.028122 0.706016 9.9919E-05 9.9919E-05 0.0642371 9.9919E-05 9.9919E-05 0.04602 9.9919E-05 9.9919E-05 0.0257041 0.0198945 0.0834436 9.9919E-05 9.9919E-05 9.9919E-05
9.99101E-05 0.0556218 0.805427 0.00619408 9.99101E-05 9.99101E-05 9.99101E-05 9.99101E-05 9.99101E-05 0.0285392 0.0415599 9.99101E-05 9.99101E-05 0.0255793 0.0360793 9.99101E-05 9.99101E-05
0.0181273 0.0871484 0.411715 0.0177509 9.9946E-05 0.00205613 9.9946E-05 9.9946E-05 9.9946E-05 9.9946E-05 0.0249982 9.9946E-05 0.0343108 0.245142 0.0428489 0.0960994 0.0192031
0.0395297 9.9937E-05 0.603481 0.160296 0.0171892 9.9937E-05 0.000806877 9.9937E-05 9.9937E-05 9.9937E-05 9.9937E-05 0.00437469 0.097338 0.00908207 0.0395031 0.0276998 9.9937E-05
0.035094 0.0157621 0.462696 0.0135413 9.9955E-05 9.9955E-05 0.0121348 9.9955E-05 0.0224623 9.9955E-05 0.0136735 9.9955E-05 0.0794828 0.170139 0.0379152 0.111238 0.0253616
9.99191E-05 0.0610692 0.704422 0.0224375 9.99191E-05 9.99191E-05 9.99191E-05 9.99191E-05 0.0125216 9.99191E-05 0.0604321 9.99191E-05 0.0464001 0.0170627 9.99191E-05 0.0747557 9.99191E-05
0.0131485 9.9928E-05 0.492422 0.00363431 9.9928E-05 9.9928E-05 0.0507346 9.9928E-05 0.0642356 9.9928E-05 0.0393798 9.9928E-05 0.0223532 0.254978 9.9928E-05 9.9928E-05 0.0583142
9.99191E-05 0.0633447 0.486396 9.99191E-05 9.99191E-05 0.112368 0.00759373 9.99191E-05 9.99191E-05 9.99191E-05 0.110902 9.99191E-05 9.99191E-05 0.161392 9.99191E-05 0.033786 0.0233182
9.99191E-05 9.99191E-05 0.655723 9.99191E-05 9.99191E-05 0.0291089 9.99191E-05 9.99191E-05 0.00810141 0.0338368 0.0645996 0.0540827 0.134973 9.99191E-05 9.99191E-05 9.99191E-05 0.0186758
0.0221813 9.99101E-05 0.642896 9.99101E-05 9.99101E-05 9.99101E-05 0.0201821 9.99101E-05 0.0766867 0.0684973 9.99101E-05 0.0595253 9.99101E-05 9.99101E-05 0.109032 9.99101E-05 9.99101E-05
9.9955E-05 0.105385 0.547524 0.0804264 0.0602196 0.0419799 0.0472861 0.0349546 9.9955E-05 0.0117249 9.9955E-05 9.9955E-05 0.0181134 0.0222365 0.0269873 9.9955E-05 0.00266216
9.9946E-05 0.0106048 0.508868 0.0298295 0.0137616 9.9946E-05 0.0481799 0.167068 0.0522971 9.9946E-05 9.9946E-05 0.0437839 9.9946E-05 0.0510786 9.9946E-05 0.0232983 0.0506311
0.0784102 9.9928E-05 0.516923 0.0742936 9.9928E-05 0.0414882 0.059823 0.0616621 0.0598899 9.9928E-05 9.9928E-05 9.9928E-05 0.0732923 9.9928E-05 9.9928E-05 0.0334187 9.9928E-05
9.9955E-05 0.0174869 0.489775 0.0356136 0.0548499 0.0129561 0.0505684 0.127391 0.006833 9.9955E-05 9.9955E-05 0.0742747 9.9955E-05 0.0360325 9.9955E-05 0.0643665 0.0293535
9.99101E-05 0.0745712 0.592844 9.99101E-05 9.99101E-05 0.0824059 9.99101E-05 9.99101E-05 9.99101E-05 9.99101E-05 0.0505652 9.99101E-05 9.99101E-05 0.14851 0.0135387 9.99101E-05 0.0365656
0.0061307 0.00163795 0.591065 0.0131205 0.00192152 9.9964E-05 9.9964E-05 0.0130387 0.0789024 0.0353062 0.144274 9.9964E-05 0.00334292 0.0172646 9.9964E-05 0.0891367 0.00445913
0.0104946 9.99011E-05 0.563142 9.99011E-05 9.99011E-05 9.99011E-05 9.99011E-05 9.99011E-05 0.075192 9.99011E-05 0.178385 9.99011E-05 9.99011E-05 0.0289483 9.99011E-05 0.142739 9.99011E-05
0.0710786 9.99281E-05 0.596118 0.0432056 0.00315207 9.99281E-05 9.99281E-05 9.99281E-05 9.99281E-05 9.99281E-05 0.021856 0.150841 9.99281E-05 9.99281E-05 0.0504497 0.00332336 0.0591765
0.0762596 0.0309691 0.610276 0.0494643 9.99191E-05 9.99191E-05 9.99191E-05 9.99191E-05 9.99191E-05 9.99191E-05 0.053477 0.105018 9.99191E-05 9.99191E-05 0.0297231 9.99191E-05 0.0439136
9.9928E-05 0.0434452 0.491626 0.017037 9.9928E-05 0.0446904 9.9928E-05 9.9928E-05 9.9928E-05 9.9928E-05 9.9928E-05 0.0378053 9.9928E-05 0.140952 0.0463071 0.167833 0.00950486
9.9937E-05 9.9937E-05 0.581036 0.0419323 0.00453686 9.9937E-05 0.0302056 9.9937E-05 0.0268033 9.9937E-05 0.0212184 9.9937E-05 9.9937E-05 0.214397 0.00354231 0.0282421 0.047387
9.9937E-05 0.0805345 0.534402 9.9937E-05 9.9937E-05 0.0487363 0.000748769 9.9937E-05 9.9937E-05 9.9937E-05 0.0523626 0.00332512 9.9937E-05 0.0391162 0.0921229 0.128836 0.0191157
0.0281528 0.051985 0.681791 0.0202748 0.0214105 9.9928E-05 9.9928E-05 9.9928E-05 9.9928E-05 0.0251874 0.152935 0.0011135 9.9928E-05 9.9928E-05 9.9928E-05 9.9928E-05 0.0163502
0.0640443 9.9946E-05 0.592115 0.0846918 9.9946E-05 9.9946E-05 0.0155628 0.00471644 0.0335364 0.0104541 0.0188002 0.0411756 9.9946E-05 0.0333459 9.9946E-05 0.100958 9.9946E-05
0.0837818 0.0787842 0.595 9.9928E-05 9.9928E-05 0.00360052 0.0454262 9.9928E-05 9.9928E-05 9.9928E-05 9.9928E-05 0.0377317 0.0411422 9.9928E-05 0.0178765 0.0958573 9.9928E-05
0.133457 0.0790327 0.535956 9.9937E-05 9.9937E-05 0.0151127 0.00970576 9.9937E-05 9.9937E-05 9.9937E-05 9.9937E-05 0.0888072 0.0232666 9.9937E-05 0.044502 0.0692805 0.000179527
0.0117561 9.99101E-05 0.582131 9.99101E-05 0.0387564 9.99101E-05 9.99101E-05 9.99101E-05 9.99101E-05 9.99101E-05 0.176192 9.99101E-05 9.99101E-05 0.0745475 9.99101E-05 0.0739564 0.0416616
0.0796813 0.0604203 0.57634 9.9946E-05 9.9946E-05 0.0241545 0.0185074 9.9946E-05 0.00752833 0.0150767 0.00311318 0.00116125 9.9946E-05 0.139054 9.9946E-05 0.0743633 9.9946E-05
0.0409929 9.991E-05 0.746207 0.0369244 9.991E-05 9.991E-05 9.991E-05 0.0643017 0.0468809 0.0433451 9.991E-05 9.991E-05 9.991E-05 9.991E-05 0.0203487 9.991E-05 9.991E-05
0.0408745 9.9928E-05 0.805628 9.9928E-05 0.00735907 0.00440248 9.9928E-05 9.9928E-05 9.9928E-05 9.9928E-05 9.9928E-05 0.0678778 0.00944329 0.0568457 0.00486323 0.00190643 9.9928E-05
9.9946E-05 9.9946E-05 0.659697 0.00805513 0.0572867 0.026723 0.0108106 0.00265182 9.9946E-05 0.0643411 0.108511 9.9946E-05 0.0226733 0.0295456 9.9946E-05 0.00910433 9.9946E-05
0.00688404 9.99011E-05 0.777168 9.99011E-05 9.99011E-05 9.99011E-05 9.99011E-05 9.99011E-05 9.99011E-05 0.0672958 9.99011E-05 0.0457092 9.99011E-05 9.99011E-05 9.99011E-05 0.100625 0.00121889
0.0418867 9.99191E-05 0.687001 0.0602644 9.99191E-05 9.99191E-05 9.99191E-05 0.0408492 9.99191E-05 0.0238271 0.0818683 9.99191E-05 9.99191E-05 9.99191E-05 9.99191E-05 0.0337721 0.0296317
0.0279084 9.98921E-05 0.863343 9.98921E-05 0.0496942 9.98921E-05 9.98921E-05 9.98921E-05 9.98921E-05 0.0572548 9.98921E-05 9.98921E-05 9.98921E-05 9.98921E-05 9.98921E-05 9.98921E-05 0.000601341
9.98921E-05 9.98921E-05 0.791475 9.98921E-05 9.98921E-05 0.0611341 9.98921E-05 0.0153929 9.98921E-05 9.98921E-05 9.98921E-05 9.98921E-05 9.98921E-05 0.0931098 9.98921E-05 9.98921E-05 0.0376896
0.0403582 9.9937E-05 0.718 9.9937E-05 0.0648918 9.9937E-05 9.9937E-05 9.9937E-05 0.00619523 0.0457044 0.0389236 9.9937E-05 9.9937E-05 0.0170768 0.0487706 0.0130306 0.00634906
0.00290876 0.0574739 0.803111 9.99011E-05 9.99011E-05 0.0108539 9.99011E-05 9.99011E-05 9.99011E-05 0.0420849 9.99011E-05 0.082469 9.99011E-05 9.99011E-05 9.99011E-05 9.99011E-05 9.99011E-05
9.9928E-05 0.00692248 0.641873 9.9928E-05 0.0353813 9.9928E-05 9.9928E-05 0.0301675 0.0614815 0.0249056 0.0714847 9.9928E-05 9.9928E-05 9.9928E-05 0.0934746 9.9928E-05 0.03351
9.9946E-05 9.9946E-05 0.652285 0.0701571 9.9946E-05 0.00110773 0.0192726 0.0404506 9.9946E-05 0.0204455 0.0360769 0.000807927 9.9946E-05 9.9946E-05 0.0641968 0.0878599 0.00674043
9.9919E-05 0.0950184 0.623984 9.9919E-05 9.9919E-05 9.9919E-05 0.00335485 9.9919E-05 9.9919E-05 0.0278174 0.074043 9.9919E-05 0.0122977 0.15745 0.00513524 9.9919E-05 9.9919E-05
0.00231255 9.9946E-05 0.67327 9.9946E-05 9.9946E-05 0.0292541 9.9946E-05 0.021063 0.0413485 0.041473 0.00484428 9.9946E-05 9.9946E-05 0.0654689 0.00267167 0.0764141 0.04128
9.99011E-05 9.99011E-05 0.752793 9.99011E-05 9.99011E-05 9.99011E-05 9.99011E-05 9.99011E-05 9.99011E-05 0.0167946 0.0396148 9.99011E-05 0.0458693 0.0718754 0.0719543 9.99011E-05 9.99011E-05
9.9919E-05 9.9919E-05 0.661823 0.0822434 9.9919E-05 9.9919E-05 0.00867511 9.9919E-05 0.0176387 0.0439128 0.0832585 9.9919E-05 0.0509902 9.9919E-05 0.0505588 9.9919E-05 9.9919E-05
0.0734628 0.0755004 0.720146 0.0717872 9.9937E-05 0.0062568 9.9937E-05 9.9937E-05 9.9937E-05 0.0188189 9.9937E-05 0.00960668 9.9937E-05 0.0151304 0.00146097 0.0071307 9.9937E-05
9.9928E-05 0.00505805 0.821901 9.9928E-05 0.000231545 0.00734513 0.0264953 0.0248763 9.9928E-05 0.0475609 9.9928E-05 9.9928E-05 9.9928E-05 0.0464939 9.9928E-05 0.0192385 9.9928E-05
0.0060375 0.00500134 0.665743 9.99191E-05 0.0795947 9.99191E-05 0.0728491 9.99191E-05 0.0180341 9.99191E-05 9.99191E-05 9.99191E-05 9.99191E-05 0.0703268 9.99191E-05 0.081514 9.99191E-05
0.0262578 0.016551 0.694289 9.99281E-05 0.0351809 9.99281E-05 0.0103443 9.99281E-05 0.0553116 9.99281E-05 9.99281E-05 0.0867564 9.99281E-05 9.99281E-05 0.0315646 0.0429446 9.99281E-05
0.0787021 9.9937E-05 0.415513 0.0481487 0.0441335 0.0299422 0.03922 0.0471483 9.9937E-05 9.9937E-05 9.9937E-05 9.9937E-05 0.014623 0.175876 9.9937E-05 0.105994 9.9937E-05
0.0323174 0.0851668 0.383002 0.0369402 0.00414189 0.0188493 9.9955E-05 0.0329423 9.9955E-05 9.9955E-05 0.0578341 9.9955E-05 0.0372437 0.256029 0.045374 0.00965962 9.9955E-05
0.0386653 9.9955E-05 0.435839 0.0995056 9.9955E-05 0.0149138 0.0233101 0.0137888 0.0194409 9.9955E-05 0.0521974 9.9955E-05 0.0331999 0.151485 0.0931831 0.0239719 9.9955E-05
9.9937E-05 0.0824138 0.382643 9.9937E-05 0.104017 0.065683 0.0359561 0.0367877 0.00806745 9.9937E-05 9.9937E-05 9.9937E-05 0.0538462 0.214505 9.9937E-05 0.0153815 9.9937E-05
9.98921E-05 0.0442962 9.98921E-05 9.98921E-05 9.98921E-05 9.98921E-05 0.00409646 0.0209955 9.98921E-05 9.98921E-05 9.98921E-05 0.0284784 9.98921E-05 9.98921E-05 9.98921E-05 0.900935 9.98921E-05
9.98562E-05 9.98562E-05 9.98562E-05 9.98562E-05 9.98562E-05 9.98562E-05 9.98562E-05 9.98562E-05 9.98562E-05 9.98562E-05 9.98562E-05 9.98562E-05 9.98562E-05 9.98562E-05 9.98562E-05 0.998402 9.98562E-05
9.98742E-05 0.0186417 9.98742E-05 9.98742E-05 9.98742E-05 9.98742E-05 0.00882128 9.98742E-05 9.98742E-05 9.98742E-05 9.98742E-05 9.98742E-05 9.98742E-05 9.98742E-05 9.98742E-05 0.971139 9.98742E-05
9.98562E-05 9.98562E-05 9.98562E-05 9.98562E-05 9.98562E-05 9.98562E-05 9.98562E-05 9.98562E-05 9.98562E-05 9.98562E-05 9.98562E-05 9.98562E-05 9.98562E-05 9.98562E-05 9.98562E-05 0.998402 9.98562E-05
9.9955E-05 0.00185188 0.00671821 0.0308319 9.9955E-05 0.0290778 9.9955E-05 9.9955E-05 0.0576079 9.9955E-05 0.0473611 0.00455506 0.0265723 0.0198457 0.0278305 0.723389 0.0238584
9.98562E-05 9.98562E-05 9.98562E-05 9.98562E-05 9.98562E-05 9.98562E-05 9.98562E-05 9.98562E-05 9.98562E-05 9.98562E-05 9.98562E-05 9.98562E-05 9.98562E-05 9.98562E-05 9.98562E-05 0.998402 9.98562E-05
9.98562E-05 9.98562E-05 9.98562E-05 9.98562E-05 9.98562E-05 9.98562E-05 9.98562E-05 9.98562E-05 9.98562E-05 9.98562E-05 9.98562E-05 9.98562E-05 9.98562E-05 9.98562E-05 9.98562E-05 0.998402 9.98562E-05
9.99011E-05 9.99011E-05 9.99011E-05 9.99011E-05 0.00946984 9.99011E-05 0.000770931 9.99011E-05 9.99011E-05 0.00577133 9.99011E-05 0.0164054 0.0109978 9.99011E-05 9.99011E-05 0.955486 9.99011E-05
9.98562E-05 9.98562E-05 9.98562E-05 9.98562E-05 9.98562E-05 9.98562E-05 9.98562E-05 9.98562E-05 9.98562E-05 9.98562E-05 9.98562E-05 9.98562E-05 9.98562E-05 9.98562E-05 9.98562E-05 0.998402 9.98562E-05
9.98562E-05 9.98562E-05 9.98562E-05 9.98562E-05 9.98562E-05 9.98562E-05 9.98562E-05 9.98562E-05 9.98562E-05 9.98562E-05 9.98562E-05 9.98562E-05 9.98562E-05 9.98562E-05 9.98562E-05 0.998402 9.98562E-05
9.98652E-05 9.98652E-05 9.98652E-05 9.98652E-05 0.00370561 9.98652E-05 9.98652E-05 9.98652E-05 9.98652E-05 9.98652E-05 9.98652E-05 9.98652E-05 9.98652E-05 9.98652E-05 9.98652E-05 0.994796 9.98652E-05
9.98652E-05 9.98652E-05 9.98652E-05 9.98652E-05 9.98652E-05 9.98652E-05 9.98652E-05 9.98652E-05 9.98652E-05 9.98652E-05 9.98652E-05 9.98652E-05 0.00700317 9.98652E-05 9.98652E-05 0.991499 9.98652E-05
9.98921E-05 0.00923673 9.98921E-05 9.98921E-05 9.98921E-05 9.98921E-05 0.00126175 0.0170425 9.98921E-05 9.98921E-05 9.98921E-05 9.98921E-05 9.98921E-05 9.98921E-05 0.010687 0.960573 9.98921E-05
9.98742E-05 0.0176464 9.98742E-05 9.98742E-05 9.98742E-05 9.98742E-05 9.98742E-05 9.98742E-05 9.98742E-05 9.98742E-05 9.98742E-05 9.98742E-05 9.98742E-05 0.0165575 9.98742E-05 0.964398 9.98742E-05
9.98742E-05 0.00412597 9.98742E-05 9.98742E-05 9.98742E-05 9.98742E-05 0.00915066 9.98742E-05 9.98742E-05 9.98742E-05 9.98742E-05 9.98742E-05 9.98742E-05 9.98742E-05 9.98742E-05 0.985325 9.98742E-05
9.99191E-05 0.0873064 0.189331 0.0138219 0.0483693 9.99191E-05 9.99191E-05 9.99191E-05 9.99191E-05 9.99191E-05 9.99191E-05 0.0366954 9.99191E-05 0.0773544 9.99191E-05 0.506289 0.0399343
9.98742E-05 9.98742E-05 9.98742E-05 0.0128623 9.98742E-05 9.98742E-05 0.0247142 9.98742E-05 9.98742E-05 9.98742E-05 9.98742E-05 9.98742E-05 9.98742E-05 9.98742E-05 9.98742E-05 0.961025 9.98742E-05
9.98652E-05 9.98652E-05 9.98652E-05 9.98652E-05 9.98652E-05 9.98652E-05 9.98652E-05 0.022035 9.98652E-05 9.98652E-05 9.98652E-05 9.98652E-05 9.98652E-05 9.98652E-05 9.98652E-05 0.976467 9.98652E-05
0.0486709 9.99191E-05 0.178178 0.0996804 9.99191E-05 9.99191E-05 0.00830079 9.99191E-05 9.99191E-05 9.99191E-05 0.0666992 9.99191E-05 9.99191E-05 0.414968 0.0865945 0.0960088 9.99191E-05
0.0735263 9.9937E-05 0.288471 0.0497824 0.0411534 9.9937E-05 9.9937E-05 9.9937E-05 0.00962619 9.9937E-05 0.0627975 9.9937E-05 9.9937E-05 0.38407 0.0501235 0.0358207 0.0039293
0.0677143 9.9937E-05 0.297424 0.032249 0.0624909 9.9937E-05 9.9937E-05 9.9937E-05 0.00663003 9.9937E-05 0.0494733 9.9937E-05 9.9937E-05 0.443066 0.0209965 0.0183507 0.000906683
0.0257665 0.0551094 0.348417 0.06073 0.0353971 9.9946E-05 9.9946E-05 9.9946E-05 0.0111487 9.9946E-05 9.9946E-05 9.9946E-05 0.0278183 0.267864 0.0444798 0.116086 0.00658368
0.088958 9.9946E-05 0.190027 0.0588 0.0390692 9.9946E-05 9.9946E-05 0.100684 9.9946E-05 9.9946E-05 0.11198 0.0658212 9.9946E-05 0.116721 0.0621609 0.126903 0.0382757
0.00388504 0.00353942 0.228375 0.0120266 9.9928E-05 9.9928E-05 9.9928E-05 9.9928E-05 9.9928E-05 9.9928E-05 0.261168 0.0104534 9.9928E-05 0.45634 9.9928E-05 0.020872 0.00254041
0.111068 0.0493375 0.210662 0.126821 9.9946E-05 0.0299195 0.0173783 9.9946E-05 9.9946E-05 0.00410827 0.0982809 9.9946E-05 9.9946E-05 0.21104 0.0369595 0.103826 9.9946E-05
0.0755056 9.9937E-05 0.295521 0.0395311 0.0529733 9.9937E-05 9.9937E-05 9.9937E-05 0.0267237 9.9937E-05 0.0739385 9.9937E-05 9.9937E-05 0.337136 0.0625732 0.0276003 0.00779835
0.0259096 0.00108476 0.247467 0.110674 9.9946E-05 0.00866732 9.9946E-05 0.0284317 9.9946E-05 9.9946E-05 0.0755373 9.9946E-05 0.0526655 0.353696 0.00641717 0.0888504 9.9946E-05
9.9946E-05 9.9946E-05 0.167314 0.00681477 0.0957145 0.00793572 9.9946E-05 0.0586126 0.0460321 9.9946E-05 0.0668076 9.9946E-05 9.9946E-05 0.470256 0.012311 0.0383447 0.0292574
0.051808 0.133255 0.06944 9.9973E-05 0.0413704 0.0440211 0.0129853 0.0216005 9.9973E-05 0.0173158 0.273616 9.9973E-05 0.0118824 0.258632 0.0155709 0.0237866 0.024416
0.0845979 0.080409 0.139175 0.0190891 0.0534767 0.0128891 9.9964E-05 9.9964E-05 0.029255 0.0724233 0.152216 0.0426135 0.0185636 0.277983 9.9964E-05 9.9964E-05 0.0169097
0.0732364 9.99281E-05 0.171644 0.130325 0.0114902 0.0116916 9.99281E-05 9.99281E-05 9.99281E-05 9.99281E-05 0.123898 0.0829543 9.99281E-05 0.210556 9.99281E-05 0.183404 9.99281E-05
9.9955E-05 0.0300314 0.180023 0.032691 0.0409315 9.9955E-05 9.9955E-05 0.0713898 9.9955E-05 9.9955E-05 0.0830283 0.0538046 0.0262495 0.297218 0.0622445 0.0558017 0.0660861
0.044975 0.0036947 0.223944 9.9946E-05 0.0396831 0.00316695 0.084435 9.9946E-05 0.0907999 9.9946E-05 9.9946E-05 9.9946E-05 9.9946E-05 0.357936 0.0730179 0.0774298 0.000317237
0.0820009 9.9955E-05 0.233121 0.0795592 0.0411912 0.0143607 9.9955E-05 9.9955E-05 0.0923497 9.9955E-05 0.0711004 0.00452804 9.9955E-05 0.281435 0.0398451 0.0418859 0.0181221
0.13282 0.00144827 0.115438 0.0635728 9.9946E-05 0.0359703 0.120346 9.9946E-05 9.9946E-05 9.9946E-05 0.126182 9.9946E-05 0.0637913 0.170391 0.0757899 0.0936507 9.9946E-05
0.0559636 9.9982E-05 0.17229 0.0388484 0.0338718 0.0534163 0.000574125 0.0219408 0.024194 9.9982E-05 0.0864529 0.0473285 0.0577335 0.30499 0.0794802 0.0212625 0.00145277
9.99281E-05 0.0138982 0.0426484 9.99281E-05 9.99281E-05 0.00738144 0.053434 9.99281E-05 9.99281E-05 9.99281E-05 0.075886 0.0839923 9.99281E-05 0.640741 9.99281E-05 0.064302 0.0169175
9.9928E-05 9.9928E-05 0.237815 9.9928E-05 0.0368724 9.9928E-05 0.0454084 0.0172692 0.0201757 9.9928E-05 9.9928E-05 9.9928E-05 0.0422982 0.396126 0.0511172 0.152118 9.9928E-05
0.0226434 0.0133177 0.128221 0.0921278 0.00703473 0.0192435 9.9946E-05 0.0485723 9.9946E-05 0.0316935 9.9946E-05 9.9946E-05 0.0230288 0.606056 0.00746162 9.9946E-05 9.9946E-05
0.0224598 0.0684514 0.12308 9.99191E-05 9.99191E-05 9.99191E-05 0.0248672 9.99191E-05 0.0292791 9.99191E-05 0.167171 0.0238549 9.99191E-05 0.539936 9.99191E-05 9.99191E-05 9.99191E-05
0.0279347 9.9928E-05 0.0897991 0.134034 9.9928E-05 0.0199645 9.9928E-05 9.9928E-05 9.9928E-05 9.9928E-05 9.9928E-05 9.9928E-05 0.0266692 0.534217 0.0417145 0.10291 0.0219578
0.0106108 9.9964E-05 0.0526902 0.150703 0.00913322 0.00985811 9.9964E-05 9.9964E-05 9.9964E-05 0.0154965 0.0721357 0.0291375 0.0433169 0.449873 0.0530023 0.0990321 0.00461087
0.0643559 9.99101E-05 9.99101E-05 9.99101E-05 0.0409189 9.99101E-05 9.99101E-05 0.0835762 9.99101E-05 9.99101E-05 0.105445 0.0265054 9.99101E-05 0.564619 9.99101E-05 0.113579 9.99101E-05
0.025884 0.0193924 0.0648007 0.105506 9.99281E-05 9.99281E-05 9.99281E-05 0.0152003 9.99281E-05 9.99281E-05 9.99281E-05 9.99281E-05 0.0375336 0.601637 9.99281E-05 0.0657664 0.0634796
9.9946E-05 0.113752 0.268419 0.0345185 0.00613575 0.00962675 9.9946E-05 9.9946E-05 0.0139623 9.9946E-05 9.9946E-05 9.9946E-05 0.0158411 0.350326 0.00697889 0.164716 0.0151236
0.0205442 0.00189209 0.0802787 0.0730058 0.00550293 0.00789571 9.99371E-05 9.99371E-05 9.99371E-05 9.99371E-05 9.99371E-05 9.99371E-05 0.00460413 0.681782 9.99371E-05 0.086163 0.0376321
0.0253244 9.9937E-05 0.147763 0.0562787 0.0440087 9.9937E-05 9.9937E-05 0.0346444 9.9937E-05 0.0413468 0.112176 9.9937E-05 9.9937E-05 0.407126 9.9937E-05 0.0815539 0.0490787
9.99191E-05 0.061261 0.0722367 9.99191E-05 9.99191E-05 0.00474632 9.99191E-05 9.99191E-05 9.99191E-05 9.99191E-05 0.0716476 0.0795656 0.0508011 0.532063 9.99191E-05 0.126779 9.99191E-05
9.99101E-05 9.99101E-05 0.134604 0.067997 9.99101E-05 0.00655476 9.99101E-05 0.0113365 9.99101E-05 9.99101E-05 9.99101E-05 9.99101E-05 9.99101E-05 0.691911 0.0108892 9.99101E-05 0.0757087
9.99101E-05 9.99101E-05 0.0716338 0.032196 9.99101E-05 9.99101E-05 9.99101E-05 0.0737183 9.99101E-05 9.99101E-05 9.99101E-05 9.99101E-05 9.99101E-05 0.581027 0.0931205 0.101284 0.0460208
9.9937E-05 9.9937E-05 9.9937E-05 0.0155955 9.9937E-05 0.0826308 9.9937E-05 0.0648714 0.0286092 9.9937E-05 0.050986 0.0935621 0.0256516 0.58204 0.000842803 9.9937E-05 0.0545106
0.104844 0.045752 0.0822257 0.0644669 9.9937E-05 0.0216095 9.9937E-05 9.9937E-05 9.9937E-05 9.9937E-05 0.0515187 9.9937E-05 9.9937E-05 0.486166 0.031874 0.10804 0.00280357
0.0410943 9.99191E-05 0.0672968 0.0325446 9.99191E-05 9.99191E-05 9.99191E-05 0.0163098 9.99191E-05 9.99191E-05 0.0375403 9.99191E-05 0.0390413 0.671965 9.99191E-05 0.0933086 9.99191E-05
9.9946E-05 9.9946E-05 0.123904 9.9946E-05 0.01442 0.00931726 9.9946E-05 0.0763556 0.0586862 0.0879735 9.9946E-05 0.0235434 0.0433168 0.485602 9.9946E-05 0.0614698 0.014811
0.0229325 9.9955E-05 0.223951 0.0721932 9.9955E-05 0.0148374 9.9955E-05 0.0111138 0.0124715 0.0053929 0.00630372 0.00711185 9.9955E-05 0.511814 0.0493879 0.0619903 9.9955E-05
0.0727635 9.99281E-05 0.0682483 0.0329909 9.99281E-05 9.99281E-05 9.99281E-05 0.0389602 0.0148994 9.99281E-05 0.0171639 0.0347159 9.99281E-05 0.709822 9.99281E-05 0.00963661 9.99281E-05
0.0409818 9.99101E-05 0.0491315 0.0801465 9.99101E-05 9.99101E-05 9.99101E-05 9.99101E-05 9.99101E-05 0.093884 9.99101E-05 0.0043729 9.99101E-05 0.604249 9.99101E-05 0.126235 9.99101E-05
0.0488767 9.99281E-05 0.0672558 0.0158919 9.99281E-05 9.99281E-05 9.99281E-05 0.01357 0.00333021 0.0948171 9.99281E-05 9.99281E-05 9.99281E-05 0.717072 9.99281E-05 0.0126309 0.0257562
0.0512058 9.99101E-05 0.0783763 0.0409734 9.99101E-05 9.99101E-05 9.99101E-05 9.99101E-05 9.99101E-05 0.0413637 0.00130228 9.99101E-05 9.99101E-05 0.691676 9.99101E-05 0.0941037 9.99101E-05
0.0157413 9.9928E-05 0.357677 9.9928E-05 0.0231302 0.0135307 9.9928E-05 9.9928E-05 9.9928E-05 0.0750899 9.9928E-05 0.00298331 0.064142 0.386419 9.9928E-05 0.0604871 9.9928E-05
0.0318863 9.9928E-05 0.051391 0.0281342 9.9928E-05 9.9928E-05 0.00742152 9.9928E-05 9.9928E-05 0.0298425 9.9928E-05 0.00371753 0.0590949 0.689114 9.9928E-05 0.0985986 9.9928E-05
0.0379505 9.99191E-05 0.0306658 0.0255719 9.99191E-05 9.99191E-05 0.00826125 9.99191E-05 9.99191E-05 0.0606786 9.99191E-05 9.99191E-05 0.0672773 0.673089 9.99191E-05 0.0956063 9.99191E-05
