0.524971 0.387368 0.0876609
0.527711 0.472189 9.9991E-05
0.580226 0.419674 9.9991E-05
0.569101 0.426855 0.00404388
0.44682 0.55308 9.9991E-05
0.640769 0.359131 9.9991E-05
0.434583 0.432323 0.133095
0.532997 0.466903 9.9991E-05
0.588862 0.411038 9.9991E-05
0.601958 0.397942 9.9991E-05
0.428093 0.463974 0.107934
0.876945 0.122955 9.9991E-05
0.6733 0.108454 0.218246
0.726889 0.209157 0.0639539
0.489381 0.304187 0.206432
0.799824 0.200076 9.9991E-05
0.746199 0.00177223 0.252029
0.886617 0.112438 0.000944929
0.708849 0.24061 0.0505402
0.727823 0.272077 9.9991E-05
0.411355 0.330345 0.2583
0.412019 9.9991E-05 0.587881
0.531361 0.140371 0.328268
0.450107 0.166399 0.383494
0.194853 0.0215555 0.783591
0.114671 0.135246 0.750083
0.29402 0.232138 0.473841
0.281569 0.0776846 0.640747
0.26186 9.9991E-05 0.73804
0.463155 0.0241673 0.512677
0.275215 0.0544995 0.670286
0.332807 9.9991E-05 0.667093
0.401857 0.286317 0.311826
0.752786 0.112177 0.135037
0.556201 0.287183 0.156616
0.711121 0.103104 0.185774
0.622113 0.083724 0.294163
0.523306 0.331528 0.145167
0.9998 9.999E-05 9.999E-05
0.858146 0.137105 0.00474835
0.615288 0.0443337 0.340378
0.815915 0.0729397 0.111145
0.557365 0.153524 0.289111
0.672701 9.9991E-05 0.327199
0.658183 0.245916 0.0959003
0.397686 0.0297801 0.572534
0.464079 0.0555602 0.480361
0.427482 0.0856024 0.486916
0.622595 9.9991E-05 0.377305
0.72819 9.9991E-05 0.27171
0.421305 0.0906701 0.488025
0.496049 0.19711 0.306841
0.694883 9.9991E-05 0.305017
0.192178 0.221287 0.586535
0.583107 0.0748054 0.342087
0.311689 0.0956762 0.592635
0.252638 0.0928642 0.654498
0.474731 9.9991E-05 0.525169
0.578405 9.9991E-05 0.421496
0.730806 9.9991E-05 0.269094
0.788765 9.9991E-05 0.211135
0.428708 0.0150218 0.55627
0.030966 0.072347 0.896687
0.0358664 0.108067 0.856067
0.188574 0.013402 0.798024
0.11025 0.274753 0.614996
0.0322908 0.212746 0.754963
9.999E-05 9.999E-05 0.9998
9.999E-05 9.999E-05 0.9998
9.9991E-05 0.351878 0.648022
9.9991E-05 0.140404 0.859496
0.187288 0.0432908 0.769421
0.0117592 0.29758 0.690661
0.201146 0.194824 0.604031
0.000970869 9.9991E-05 0.998929
0.0887166 0.284627 0.626657
9.9991E-05 0.211841 0.788059
0.10815 0.316214 0.575636
0.194355 0.130395 0.675251
0.249769 0.169204 0.581027
9.9991E-05 0.27072 0.72918
0.183435 0.102115 0.71445
0.0472845 0.0756326 0.877083
0.0486844 0.209577 0.741739
9.9991E-05 0.192659 0.807241
0.187185 0.0659563 0.746859
9.9991E-05 0.164646 0.835254
0.0422962 0.0612309 0.896473
0.0951314 9.9991E-05 0.904769
9.9991E-05 0.0621839 0.937716
0.246572 0.0327297 0.720698
0.220161 9.9991E-05 0.779739
0.530461 9.9991E-05 0.469439
0.101985 9.9991E-05 0.897915
0.119389 0.0171648 0.863446
0.102276 9.9991E-05 0.897624
0.000286263 0.118287 0.881427
0.131242 0.0815773 0.78718
0.118497 0.197126 0.684377
0.144528 0.0838362 0.771636
9.9991E-05 0.0143256 0.985574
0.0810983 0.0590132 0.859889
0.231686 0.0459747 0.722339
0.0966401 9.9991E-05 0.90326
9.9991E-05 0.139621 0.860279
9.9991E-05 0.0813494 0.918551
0.0736764 0.402965 0.523359
9.9991E-05 0.409335 0.590565
9.9991E-05 0.298167 0.701733
9.9991E-05 0.315871 0.684029
0.105575 0.82285 0.071575
0.194048 0.597648 0.208304
0.0874244 0.766268 0.146308
0.368267 0.555114 0.076619
0.0169924 0.520702 0.462305
0.39322 0.60668 9.9991E-05
0.489227 0.510673 9.9991E-05
0.0198435 0.574752 0.405405
0.283162 0.638044 0.078794
0.148587 0.686887 0.164527
0.21767 0.709989 0.0723417
0.208772 0.663761 0.127467
0.139551 0.700334 0.160115
0.185706 0.640896 0.173397
0.234679 0.738679 0.0266425
0.178702 0.660501 0.160797
0.217782 0.782118 9.9991E-05
0.232266 0.767634 9.9991E-05
0.158794 0.841106 9.9991E-05
0.195587 0.599831 0.204582
0.280878 0.710059 0.00906293
0.0367779 0.846346 0.116876
0.284634 0.715266 9.9991E-05
0.105789 0.849805 0.0444054
0.161794 0.779114 0.0590918
0.203491 0.796409 9.9991E-05
0.144259 0.848889 0.00685221
0.0840202 0.652413 0.263566
0.0481228 0.808901 0.142976
0.0560736 0.840767 0.103159
0.147024 0.632164 0.220813
9.9991E-05 0.898697 0.101203
9.9991E-05 0.966433 0.0334667
0.157136 0.834782 0.00808234
0.0635644 0.81525 0.121186
0.257949 0.731169 0.010882
0.162511 0.832042 0.00544723
0.17093 0.739933 0.0891371
0.346789 0.653111 9.9991E-05
0.0667532 0.821192 0.112055
0.257683 0.742217 9.9991E-05
0.150143 0.841876 0.00798127
0.208921 0.790979 9.9991E-05
0.186338 0.677893 0.13577
0.248532 0.751368 9.9991E-05
0.176961 0.651785 0.171254
0.213396 0.782853 0.00375104
0.247785 0.752115 9.9991E-05
0.200279 0.799621 9.9991E-05
0.155971 0.647887 0.196142
0.108263 0.856574 0.0351623
0.175705 0.824195 9.9991E-05
0.0693072 0.800561 0.130132
0.0966176 0.759991 0.143391
0.0368487 0.957572 0.00557911
9.9991E-05 0.94333 0.0565699
0.0381709 0.940901 0.0209282
0.0188603 0.944628 0.0365113
9.9991E-05 0.920961 0.0789395
0.0432872 0.956613 9.9991E-05
0.0173542 0.976161 0.0064844
9.9991E-05 0.949126 0.0507745
9.9991E-05 0.789897 0.210003
0.258983 0.56532 0.175697
0.0540222 0.857794 0.0881839
0.139814 0.708878 0.151308
9.9991E-05 0.887719 0.112181
9.9991E-05 0.964705 0.0351951
9.999E-05 0.9998 9.999E-05
0.0164828 0.983417 9.9991E-05
9.9991E-05 0.998342 0.00155847
9.999E-05 0.9998 9.999E-05
9.9991E-05 0.975567 0.0243334
9.999E-05 0.9998 9.999E-05
0.0104934 0.814469 0.175038
0.0594875 0.884502 0.0560109
0.00809493 0.941228 0.0506772
9.999E-05 0.9998 9.999E-05
9.9991E-05 0.897713 0.102187
0.0375439 0.856265 0.106191
9.9991E-05 0.904287 0.0956135
9.9991E-05 0.998259 0.00164126
0.0958828 0.904017 9.9991E-05
9.9991E-05 0.938795 0.0611054
9.999E-05 0.9998 9.999E-05
9.999E-05 0.9998 9.999E-05
9.999E-05 0.9998 9.999E-05
9.999E-05 0.9998 9.999E-05
9.999E-05 0.9998 9.999E-05
9.999E-05 0.9998 9.999E-05
9.999E-05 0.9998 9.999E-05
9.999E-05 0.9998 9.999E-05
9.999E-05 0.9998 9.999E-05
9.999E-05 0.9998 9.999E-05
9.999E-05 0.9998 9.999E-05
9.999E-05 0.9998 9.999E-05
9.999E-05 0.9998 9.999E-05
9.999E-05 0.9998 9.999E-05
9.999E-05 0.9998 9.999E-05
9.999E-05 0.9998 9.999E-05
9.999E-05 0.9998 9.999E-05
9.999E-05 0.9998 9.999E-05
9.999E-05 0.9998 9.999E-05
9.999E-05 0.9998 9.999E-05
9.999E-05 0.9998 9.999E-05
9.9991E-05 0.94569 0.0542099
9.9991E-05 0.982131 0.0177691
9.999E-05 0.9998 9.999E-05
9.999E-05 0.9998 9.999E-05
9.999E-05 0.9998 9.999E-05
9.999E-05 0.9998 9.999E-05
9.999E-05 0.9998 9.999E-05
9.999E-05 0.9998 9.999E-05
9.999E-05 0.9998 9.999E-05
0.129029 0.855686 0.0152842
0.0238123 0.976088 9.9991E-05
0.125562 0.874338 9.9991E-05
9.999E-05 0.9998 9.999E-05
0.0618295 0.84539 0.0927804
9.9991E-05 0.852751 0.147149
9.9991E-05 0.861308 0.138592
9.9991E-05 0.866402 0.133498
0.0878713 0.833564 0.0785649
9.999E-05 0.9998 9.999E-05
0.0391074 0.921555 0.0393376
0.0522147 0.944682 0.00310301
9.999E-05 0.9998 9.999E-05
0.149084 0.748431 0.102485
0.173378 0.826522 9.9991E-05
9.9991E-05 0.935093 0.0648073
0.0369937 0.962906 9.9991E-05
9.999E-05 0.9998 9.999E-05
