9.98831E-05 0.00550129 9.98831E-05 0.581261 9.98831E-05 0.124378 9.98831E-05 9.98831E-05 9.98831E-05 0.0342386 0.0799212 9.98831E-05 9.98831E-05 0.145501 9.98831E-05 9.98831E-05 9.98831E-05 0.0279009 9.98831E-05 9.98831E-05
0.0630963 9.98831E-05 9.98831E-05 0.758006 0.096891 9.98831E-05 0.00154588 0.00285439 9.98831E-05 9.98831E-05 9.98831E-05 9.98831E-05 9.98831E-05 9.98831E-05 9.98831E-05 9.98831E-05 0.00272534 9.98831E-05 0.0735824 9.98831E-05
9.98383E-05 9.98383E-05 9.98383E-05 0.97847 9.98383E-05 9.98383E-05 9.98383E-05 9.98383E-05 9.98383E-05 9.98383E-05 0.0197334 9.98383E-05 9.98383E-05 9.98383E-05 9.98383E-05 9.98383E-05 9.98383E-05 9.98383E-05 9.98383E-05 9.98383E-05
0.097052 9.991E-05 0.023352 0.713549 0.0600122 0.0139644 0.00582028 9.991E-05 9.991E-05 0.00709388 9.991E-05 0.0380224 9.991E-05 9.991E-05 0.0257271 9.991E-05 0.0144074 9.991E-05 9.991E-05 9.991E-05
0.0753068 9.98831E-05 9.98831E-05 0.737009 9.98831E-05 0.0833365 0.000597592 0.0627917 9.98831E-05 9.98831E-05 9.98831E-05 9.98831E-05 9.98831E-05 9.98831E-05 9.98831E-05 9.98831E-05 9.98831E-05 0.00811609 0.031544 9.98831E-05
0.0676338 9.98831E-05 0.0193852 0.813085 9.98831E-05 0.0201691 9.98831E-05 9.98831E-05 9.98831E-05 9.98831E-05 9.98831E-05 9.98831E-05 0.0432477 0.0236854 9.98831E-05 9.98831E-05 9.98831E-05 0.0114952 9.98831E-05 9.98831E-05
9.98741E-05 0.0870543 9.98741E-05 0.5421 9.98741E-05 9.98741E-05 0.0367743 9.98741E-05 9.98741E-05 9.98741E-05 9.98741E-05 9.98741E-05 9.98741E-05 0.273465 9.98741E-05 9.98741E-05 9.98741E-05 0.0126998 0.0465081 9.98741E-05
9.98472E-05 9.98472E-05 9.98472E-05 0.863526 9.98472E-05 9.98472E-05 9.98472E-05 9.98472E-05 0.115214 9.98472E-05 9.98472E-05 0.0195625 9.98472E-05 9.98472E-05 9.98472E-05 9.98472E-05 9.98472E-05 9.98472E-05 9.98472E-05 9.98472E-05
9.98741E-05 9.98741E-05 0.0752691 0.691236 9.98741E-05 9.98741E-05 9.98741E-05 9.98741E-05 9.98741E-05 9.98741E-05 9.98741E-05 9.98741E-05 0.00543965 9.98741E-05 9.98741E-05 0.00693866 0.0823768 0.137341 9.98741E-05 9.98741E-05
9.98741E-05 9.98741E-05 9.98741E-05 0.84055 9.98741E-05 0.0154398 9.98741E-05 9.98741E-05 0.0420246 9.98741E-05 0.0346968 0.0602583 9.98741E-05 9.98741E-05 9.98741E-05 9.98741E-05 0.00563215 9.98741E-05 9.98741E-05 9.98741E-05
9.98741E-05 9.98741E-05 9.98741E-05 0.679607 9.98741E-05 9.98741E-05 9.98741E-05 0.007159 9.98741E-05 9.98741E-05 9.98741E-05 9.98741E-05 0.0190596 9.98741E-05 0.007583 9.98741E-05 9.98741E-05 9.98741E-05 0.10764 0.177553
9.98292E-05 9.98292E-05 9.98292E-05 9.98292E-05 9.98292E-05 9.98292E-05 9.98292E-05 9.98292E-05 9.98292E-05 9.98292E-05 9.98292E-05 9.98292E-05 9.98292E-05 9.98292E-05 0.998103 9.98292E-05 9.98292E-05 9.98292E-05 9.98292E-05 9.98292E-05
9.9892E-05 9.9892E-05 9.9892E-05 0.0293158 0.0266025 9.9892E-05 0.0186422 0.0786808 0.030609 0.0864121 9.9892E-05 0.241065 9.9892E-05 9.9892E-05 0.487474 9.9892E-05 9.9892E-05 9.9892E-05 9.9892E-05 9.9892E-05
0.288655 9.98651E-05 9.98651E-05 9.98651E-05 9.98651E-05 9.98651E-05 9.98651E-05 9.98651E-05 9.98651E-05 9.98651E-05 0.206148 9.98651E-05 9.98651E-05 0.129469 0.348226 9.98651E-05 0.0260041 9.98651E-05 9.98651E-05 9.98651E-05
0.273036 0.163661 0.0028389 0.041509 9.99101E-05 9.99101E-05 0.00776922 9.99101E-05 9.99101E-05 0.0229925 0.155382 0.116836 9.99101E-05 9.99101E-05 0.113711 9.99101E-05 0.101265 9.99101E-05 9.99101E-05 9.99101E-05
9.98651E-05 9.98651E-05 9.98651E-05 9.98651E-05 9.98651E-05 0.109539 9.98651E-05 9.98651E-05 9.98651E-05 9.98651E-05 0.0154094 0.623291 9.98651E-05 0.047806 0.202456 9.98651E-05 9.98651E-05 9.98651E-05 9.98651E-05 9.98651E-05
0.0579836 0.0579933 9.98651E-05 9.98651E-05 9.98651E-05 9.98651E-05 9.98651E-05 0.0558952 9.98651E-05 9.98651E-05 9.98651E-05 9.98651E-05 9.98651E-05 9.98651E-05 0.767486 9.98651E-05 9.98651E-05 9.98651E-05 9.98651E-05 0.0591436
9.98741E-05 9.98741E-05 0.118619 9.98741E-05 9.98741E-05 9.98741E-05 9.98741E-05 9.98741E-05 9.98741E-05 9.98741E-05 9.98741E-05 0.0994043 9.98741E-05 9.98741E-05 0.557169 0.1091 9.98741E-05 9.98741E-05 0.0595333 0.0547763
9.98651E-05 9.98651E-05 9.98651E-05 9.98651E-05 9.98651E-05 0.0554937 9.98651E-05 9.98651E-05 0.0678755 9.98651E-05 9.98651E-05 0.702643 9.98651E-05 9.98651E-05 0.145351 9.98651E-05 0.0271381 9.98651E-05 9.98651E-05 9.98651E-05
0.371802 9.98921E-05 9.98921E-05 9.98921E-05 9.98921E-05 9.98921E-05 9.98921E-05 0.0352229 9.98921E-05 9.98921E-05 0.123147 0.0611154 9.98921E-05 9.98921E-05 0.26957 0.0940157 0.0413574 9.98921E-05 0.00257101 9.98921E-05
0.00118974 0.0594647 9.9928E-05 0.00178205 0.042972 0.0199172 0.0334789 9.9928E-05 9.9928E-05 0.0267816 0.157993 0.0710384 9.9928E-05 9.9928E-05 0.318509 0.0173917 9.9928E-05 0.248682 9.9928E-05 9.9928E-05
9.98831E-05 9.98831E-05 0.0510034 9.98831E-05 0.530835 9.98831E-05 9.98831E-05 9.98831E-05 9.98831E-05 9.98831E-05 0.144403 0.121907 9.98831E-05 0.0370914 9.98831E-05 9.98831E-05 0.00434372 9.98831E-05 9.98831E-05 0.109117
0.088831 9.98921E-05 0.0297362 9.98921E-05 0.589145 0.0533861 9.98921E-05 0.00822118 9.98921E-05 9.98921E-05 0.0121656 0.192608 9.98921E-05 9.98921E-05 9.98921E-05 0.024708 9.98921E-05 9.98921E-05 9.98921E-05 9.98921E-05
9.98921E-05 0.0642439 0.0217076 0.0385074 0.669022 9.98921E-05 0.030113 9.98921E-05 0.060929 9.98921E-05 9.98921E-05 9.98921E-05 9.98921E-05 9.98921E-05 0.0812796 9.98921E-05 0.032999 9.98921E-05 9.98921E-05 9.98921E-05
9.98652E-05 9.98652E-05 9.98652E-05 9.98652E-05 0.969368 0.00467587 0.0112531 0.0113812 9.98652E-05 0.00182391 9.98652E-05 9.98652E-05 9.98652E-05 9.98652E-05 9.98652E-05 9.98652E-05 9.98652E-05 9.98652E-05 9.98652E-05 9.98652E-05
0.229894 0.0354356 9.98741E-05 9.98741E-05 0.538986 9.98741E-05 9.98741E-05 9.98741E-05 9.98741E-05 9.98741E-05 9.98741E-05 9.98741E-05 9.98741E-05 0.181934 9.98741E-05 0.00557252 9.98741E-05 9.98741E-05 9.98741E-05 0.00677957
9.98831E-05 9.98831E-05 9.98831E-05 9.98831E-05 0.449245 0.0324595 9.98831E-05 9.98831E-05 9.98831E-05 9.98831E-05 9.98831E-05 9.98831E-05 0.0274581 9.98831E-05 0.0878649 9.98831E-05 9.98831E-05 0.0351948 0.131625 0.234854
9.98292E-05 9.98292E-05 9.98292E-05 9.98292E-05 0.998103 9.98292E-05 9.98292E-05 9.98292E-05 9.98292E-05 9.98292E-05 9.98292E-05 9.98292E-05 9.98292E-05 9.98292E-05 9.98292E-05 9.98292E-05 9.98292E-05 9.98292E-05 9.98292E-05 9.98292E-05
9.98652E-05 0.0820738 9.98652E-05 9.98652E-05 0.723525 9.98652E-05 9.98652E-05 0.114547 9.98652E-05 9.98652E-05 0.0425186 9.98652E-05 9.98652E-05 9.98652E-05 0.0358374 9.98652E-05 9.98652E-05 9.98652E-05 9.98652E-05 9.98652E-05
9.98652E-05 9.98652E-05 0.0241502 9.98652E-05 0.872441 9.98652E-05 9.98652E-05 9.98652E-05 9.98652E-05 0.0284977 9.98652E-05 9.98652E-05 9.98652E-05 9.98652E-05 0.0409597 9.98652E-05 9.98652E-05 0.0324535 9.98652E-05 9.98652E-05
9.98292E-05 9.98292E-05 9.98292E-05 9.98292E-05 9.98292E-05 9.98292E-05 9.98292E-05 0.998103 9.98292E-05 9.98292E-05 9.98292E-05 9.98292E-05 9.98292E-05 9.98292E-05 9.98292E-05 9.98292E-05 9.98292E-05 9.98292E-05 9.98292E-05 9.98292E-05
9.98382E-05 9.98382E-05 9.98382E-05 9.98382E-05 9.98382E-05 9.98382E-05 9.98382E-05 0.927589 0.0706136 9.98382E-05 9.98382E-05 9.98382E-05 9.98382E-05 9.98382E-05 9.98382E-05 9.98382E-05 9.98382E-05 9.98382E-05 9.98382E-05 9.98382E-05
9.99011E-05 9.99011E-05 9.99011E-05 0.0395627 0.0290327 0.182188 9.99011E-05 0.0186875 9.99011E-05 9.99011E-05 0.326346 0.128558 0.0526121 9.99011E-05 9.99011E-05 9.99011E-05 9.99011E-05 9.99011E-05 0.0700167 0.151898
9.98651E-05 9.98651E-05 9.98651E-05 9.98651E-05 0.0414818 0.00437179 9.98651E-05 9.98651E-05 9.98651E-05 9.98651E-05 9.98651E-05 9.98651E-05 0.0481926 9.98651E-05 9.98651E-05 0.885885 0.0185707 9.98651E-05 9.98651E-05 9.98651E-05
9.9937E-05 0.019557 0.0144478 0.0093038 0.100217 0.114522 0.0351987 9.9937E-05 9.9937E-05 9.9937E-05 0.0813123 0.0881462 0.142602 0.0839354 9.9937E-05 0.155348 0.0913239 0.0633854 9.9937E-05 9.9937E-05
0.0113443 9.98741E-05 9.98741E-05 9.98741E-05 9.98741E-05 9.98741E-05 9.98741E-05 0.00860074 9.98741E-05 9.98741E-05 0.0729723 9.98741E-05 0.00429514 9.98741E-05 9.98741E-05 0.897701 9.98741E-05 9.98741E-05 0.00368875 9.98741E-05
0.0208281 9.98831E-05 9.98831E-05 0.0993352 0.0433949 9.98831E-05 9.98831E-05 9.98831E-05 9.98831E-05 9.98831E-05 9.98831E-05 0.749157 0.0313688 9.98831E-05 9.98831E-05 0.0330145 9.98831E-05 0.0216034 9.98831E-05 9.98831E-05
9.9901E-05 9.9901E-05 9.9901E-05 9.9901E-05 0.105307 9.9901E-05 0.0427845 9.9901E-05 0.0263663 9.9901E-05 9.9901E-05 0.322117 9.9901E-05 0.0310019 0.0447298 0.252892 9.9901E-05 0.120643 0.0530593 9.9901E-05
9.98292E-05 9.98292E-05 9.98292E-05 9.98292E-05 9.98292E-05 9.98292E-05 9.98292E-05 9.98292E-05 9.98292E-05 9.98292E-05 9.98292E-05 9.98292E-05 0.998103 9.98292E-05 9.98292E-05 9.98292E-05 9.98292E-05 9.98292E-05 9.98292E-05 9.98292E-05
9.9892E-05 9.9892E-05 9.9892E-05 0.067761 9.9892E-05 9.9892E-05 9.9892E-05 9.9892E-05 0.0362717 9.9892E-05 0.0484488 0.00131461 0.73746 0.0437103 9.9892E-05 9.9892E-05 9.9892E-05 0.0610447 0.00279018 9.9892E-05
9.98292E-05 9.98292E-05 9.98292E-05 9.98292E-05 9.98292E-05 9.98292E-05 9.98292E-05 9.98292E-05 9.98292E-05 9.98292E-05 0.998103 9.98292E-05 9.98292E-05 9.98292E-05 9.98292E-05 9.98292E-05 9.98292E-05 9.98292E-05 9.98292E-05 9.98292E-05
9.98921E-05 0.0375574 0.0458832 9.98921E-05 9.98921E-05 9.98921E-05 9.98921E-05 0.0528739 9.98921E-05 9.98921E-05 0.52364 0.0240105 0.240128 9.98921E-05 9.98921E-05 9.98921E-05 0.00662862 0.0680794 9.98921E-05 9.98921E-05
9.98292E-05 9.98292E-05 9.98292E-05 9.98292E-05 9.98292E-05 9.98292E-05 9.98292E-05 9.98292E-05 9.98292E-05 9.98292E-05 0.998103 9.98292E-05 9.98292E-05 9.98292E-05 9.98292E-05 9.98292E-05 9.98292E-05 9.98292E-05 9.98292E-05 9.98292E-05
9.98292E-05 9.98292E-05 9.98292E-05 9.98292E-05 9.98292E-05 9.98292E-05 9.98292E-05 9.98292E-05 9.98292E-05 9.98292E-05 9.98292E-05 0.998103 9.98292E-05 9.98292E-05 9.98292E-05 9.98292E-05 9.98292E-05 9.98292E-05 9.98292E-05 9.98292E-05
0.0400755 9.99011E-05 9.99011E-05 9.99011E-05 9.99011E-05 0.142514 9.99011E-05 0.1571 9.99011E-05 9.99011E-05 0.0658946 0.00880151 0.46134 0.0282798 9.99011E-05 9.99011E-05 0.0821669 9.99011E-05 0.0127292 9.99011E-05
0.0320007 9.991E-05 0.381321 9.991E-05 0.0492439 9.991E-05 9.991E-05 0.23753 9.991E-05 9.991E-05 0.0273915 0.0352065 9.991E-05 0.0616673 9.991E-05 0.00909066 9.991E-05 9.991E-05 0.0714386 0.0941113
9.98651E-05 9.98651E-05 0.648851 9.98651E-05 9.98651E-05 9.98651E-05 0.0182061 9.98651E-05 9.98651E-05 9.98651E-05 9.98651E-05 9.98651E-05 9.98651E-05 0.0784821 9.98651E-05 9.98651E-05 9.98651E-05 0.161709 9.98651E-05 0.0912541
9.98651E-05 9.98651E-05 9.98651E-05 0.0775315 9.98651E-05 9.98651E-05 9.98651E-05 9.98651E-05 9.98651E-05 9.98651E-05 9.98651E-05 9.98651E-05 0.0113149 0.856083 0.0362675 9.98651E-05 9.98651E-05 9.98651E-05 9.98651E-05 0.0173056
9.9892E-05 9.9892E-05 0.111903 9.9892E-05 9.9892E-05 9.9892E-05 9.9892E-05 0.475347 9.9892E-05 9.9892E-05 0.00399186 0.0145391 9.9892E-05 0.0342983 0.129734 0.188847 9.9892E-05 9.9892E-05 9.9892E-05 0.0401408
0.0828105 9.98741E-05 0.729306 9.98741E-05 9.98741E-05 9.98741E-05 9.98741E-05 9.98741E-05 9.98741E-05 9.98741E-05 9.98741E-05 0.126933 0.0379098 9.98741E-05 9.98741E-05 9.98741E-05 0.0172427 9.98741E-05 9.98741E-05 0.00439889
9.98741E-05 0.00989299 0.0209041 9.98741E-05 9.98741E-05 0.0107583 9.98741E-05 0.403209 9.98741E-05 9.98741E-05 9.98741E-05 9.98741E-05 9.98741E-05 0.178378 9.98741E-05 0.37546 9.98741E-05 9.98741E-05 9.98741E-05 9.98741E-05
0.0485472 9.9919E-05 0.496319 9.9919E-05 0.0754575 9.9919E-05 9.9919E-05 0.024579 9.9919E-05 9.9919E-05 9.9919E-05 0.0267491 9.9919E-05 0.0191907 0.0414579 0.0669433 0.0635392 9.9919E-05 0.115804 0.0205145
9.98292E-05 9.98292E-05 0.998103 9.98292E-05 9.98292E-05 9.98292E-05 9.98292E-05 9.98292E-05 9.98292E-05 9.98292E-05 9.98292E-05 9.98292E-05 9.98292E-05 9.98292E-05 9.98292E-05 9.98292E-05 9.98292E-05 9.98292E-05 9.98292E-05 9.98292E-05
9.99011E-05 0.0376574 0.310519 9.99011E-05 0.15613 0.121001 9.99011E-05 9.99011E-05 9.99011E-05 9.99011E-05 0.00155459 9.99011E-05 9.99011E-05 0.120753 9.99011E-05 9.99011E-05 0.0391526 9.99011E-05 0.110651 0.101482
9.9928E-05 0.0849234 0.387766 0.0141094 0.0731768 9.9928E-05 0.05553 0.0952664 0.0039588 0.0300198 0.0595843 9.9928E-05 9.9928E-05 9.9928E-05 0.0621147 0.115866 0.0168851 9.9928E-05 9.9928E-05 9.9928E-05
0.0515818 0.083075 0.506994 9.99011E-05 9.99011E-05 0.0544402 9.99011E-05 0.118085 9.99011E-05 0.0976308 0.049721 9.99011E-05 9.99011E-05 9.99011E-05 9.99011E-05 0.00781152 0.0295619 9.99011E-05 9.99011E-05 9.99011E-05
9.98382E-05 9.98382E-05 0.00139766 9.98382E-05 9.98382E-05 9.98382E-05 9.98382E-05 9.98382E-05 9.98382E-05 9.98382E-05 9.98382E-05 9.98382E-05 9.98382E-05 0.996805 9.98382E-05 9.98382E-05 9.98382E-05 9.98382E-05 9.98382E-05 9.98382E-05
9.98831E-05 0.0016402 0.519218 9.98831E-05 0.0927977 9.98831E-05 9.98831E-05 9.98831E-05 0.00631639 9.98831E-05 9.98831E-05 0.188833 9.98831E-05 0.122711 9.98831E-05 0.0671855 9.98831E-05 9.98831E-05 9.98831E-05 9.98831E-05
9.991E-05 0.0201147 0.259536 0.0615654 0.00679314 9.991E-05 0.00671827 9.991E-05 9.991E-05 9.991E-05 9.991E-05 9.991E-05 0.0509691 0.0620036 0.0721405 0.212421 9.991E-05 9.991E-05 9.991E-05 0.246739
9.98831E-05 9.98831E-05 0.478829 0.0974848 0.181772 9.98831E-05 9.98831E-05 9.98831E-05 9.98831E-05 9.98831E-05 0.0773477 0.00409439 9.98831E-05 9.98831E-05 0.0513759 0.107798 9.98831E-05 9.98831E-05 9.98831E-05 9.98831E-05
9.98472E-05 9.98472E-05 0.0629142 9.98472E-05 9.98472E-05 9.98472E-05 9.98472E-05 9.98472E-05 9.98472E-05 0.0610954 9.98472E-05 9.98472E-05 9.98472E-05 9.98472E-05 9.98472E-05 0.874293 9.98472E-05 9.98472E-05 9.98472E-05 9.98472E-05
9.98562E-05 9.98562E-05 9.98562E-05 9.98562E-05 9.98562E-05 9.98562E-05 9.98562E-05 9.98562E-05 9.98562E-05 9.98562E-05 0.0659855 0.265419 9.98562E-05 0.502785 9.98562E-05 9.98562E-05 9.98562E-05 9.98562E-05 9.98562E-05 0.164212
9.99011E-05 0.517445 0.0779691 0.0212944 0.0702484 0.0707791 9.99011E-05 0.130144 9.99011E-05 0.0393426 9.99011E-05 0.0309717 9.99011E-05 9.99011E-05 9.99011E-05 9.99011E-05 0.0407064 9.99011E-05 9.99011E-05 9.99011E-05
9.98831E-05 0.635528 0.00743225 9.98831E-05 9.98831E-05 9.98831E-05 0.00142381 9.98831E-05 0.0118765 9.98831E-05 9.98831E-05 9.98831E-05 9.98831E-05 9.98831E-05 9.98831E-05 0.0758346 9.98831E-05 0.0839462 9.98831E-05 0.182661
9.991E-05 0.408815 0.0462181 9.991E-05 0.0581474 9.991E-05 9.991E-05 9.991E-05 0.0283376 9.991E-05 9.991E-05 0.143271 0.011751 9.991E-05 0.0760397 9.991E-05 0.0306672 9.991E-05 0.0383546 0.157399
9.98921E-05 0.708168 9.98921E-05 9.98921E-05 9.98921E-05 9.98921E-05 0.0328846 9.98921E-05 0.0969992 9.98921E-05 0.07659 9.98921E-05 9.98921E-05 0.00496272 0.0165568 9.98921E-05 9.98921E-05 0.0138025 0.0488375 9.98921E-05
9.9901E-05 0.529981 9.9901E-05 9.9901E-05 0.0611263 9.9901E-05 0.0325081 0.00856162 9.9901E-05 9.9901E-05 0.030095 0.141836 9.9901E-05 0.0400912 9.9901E-05 9.9901E-05 0.0258978 9.9901E-05 0.128804 9.9901E-05
9.9892E-05 0.569113 9.9892E-05 9.9892E-05 0.0103685 9.9892E-05 9.9892E-05 0.250311 0.00615689 0.0771499 9.9892E-05 9.9892E-05 9.9892E-05 9.9892E-05 9.9892E-05 0.0771123 0.00121949 0.00737038 9.9892E-05 9.9892E-05
9.98562E-05 0.83726 0.0604504 9.98562E-05 0.0372525 9.98562E-05 9.98562E-05 9.98562E-05 9.98562E-05 9.98562E-05 9.98562E-05 9.98562E-05 9.98562E-05 9.98562E-05 9.98562E-05 9.98562E-05 9.98562E-05 9.98562E-05 9.98562E-05 0.063439
0.339892 0.592074 9.98741E-05 0.00569336 9.98741E-05 0.0409739 9.98741E-05 9.98741E-05 9.98741E-05 9.98741E-05 9.98741E-05 9.98741E-05 9.98741E-05 9.98741E-05 9.98741E-05 9.98741E-05 9.98741E-05 9.98741E-05 0.000391981 0.0195766
0.017436 0.493282 9.98741E-05 9.98741E-05 9.98741E-05 9.98741E-05 9.98741E-05 9.98741E-05 0.0995446 9.98741E-05 9.98741E-05 9.98741E-05 9.98741E-05 0.0839798 9.98741E-05 9.98741E-05 9.98741E-05 0.12021 9.98741E-05 0.18415
0.158581 0.637472 0.0101564 0.0747559 9.99101E-05 9.99101E-05 9.99101E-05 0.00662029 9.99101E-05 9.99101E-05 9.99101E-05 9.99101E-05 0.0255381 0.00176566 0.0395086 9.99101E-05 0.0104908 9.99101E-05 9.99101E-05 0.0341123
9.98651E-05 0.614598 9.98651E-05 9.98651E-05 9.98651E-05 0.192995 9.98651E-05 9.98651E-05 9.98651E-05 0.0675547 9.98651E-05 9.98651E-05 0.0608718 9.98651E-05 0.0624826 9.98651E-05 9.98651E-05 9.98651E-05 9.98651E-05 9.98651E-05
9.98562E-05 0.0585476 9.98562E-05 9.98562E-05 9.98562E-05 9.98562E-05 9.98562E-05 0.766087 9.98562E-05 9.98562E-05 9.98562E-05 0.0883508 9.98562E-05 9.98562E-05 9.98562E-05 9.98562E-05 9.98562E-05 9.98562E-05 0.085417 9.98562E-05
9.98921E-05 0.808292 0.0527052 0.00143536 0.0400082 9.98921E-05 9.98921E-05 0.0348121 9.98921E-05 0.0394215 9.98921E-05 9.98921E-05 0.00993804 0.0121886 9.98921E-05 9.98921E-05 9.98921E-05 9.98921E-05 9.98921E-05 9.98921E-05
9.99011E-05 0.697717 0.00802344 9.99011E-05 0.0221499 0.0220132 9.99011E-05 9.99011E-05 9.99011E-05 9.99011E-05 9.99011E-05 9.99011E-05 0.0212637 9.99011E-05 0.00386618 0.096685 0.051617 9.99011E-05 0.0755656 9.99011E-05
0.00739445 0.755249 9.98831E-05 9.98831E-05 9.98831E-05 9.98831E-05 9.98831E-05 9.98831E-05 0.114547 0.0252104 0.0439555 9.98831E-05 9.98831E-05 9.98831E-05 9.98831E-05 9.98831E-05 0.0172487 9.98831E-05 0.0350965 9.98831E-05
9.9901E-05 0.339694 9.9901E-05 9.9901E-05 9.9901E-05 0.02864 9.9901E-05 9.9901E-05 9.9901E-05 9.9901E-05 9.9901E-05 9.9901E-05 0.0174428 0.16589 0.0342612 0.13133 0.028117 9.9901E-05 0.175463 0.0780643
0.0173607 0.0572758 9.98831E-05 9.98831E-05 9.98831E-05 0.0476198 9.98831E-05 0.00777943 9.98831E-05 0.648319 9.98831E-05 9.98831E-05 9.98831E-05 9.98831E-05 0.0314012 0.188946 9.98831E-05 9.98831E-05 9.98831E-05 9.98831E-05
9.98562E-05 9.98562E-05 9.98562E-05 9.98562E-05 9.98562E-05 9.98562E-05 9.98562E-05 9.98562E-05 0.133357 0.783731 0.0725029 9.98562E-05 9.98562E-05 9.98562E-05 9.98562E-05 0.00881184 9.98562E-05 9.98562E-05 9.98562E-05 9.98562E-05
0.0582582 0.0166749 9.98741E-05 9.98741E-05 9.98741E-05 0.0808458 9.98741E-05 9.98741E-05 9.98741E-05 0.607409 9.98741E-05 9.98741E-05 9.98741E-05 0.202511 9.98741E-05 9.98741E-05 9.98741E-05 9.98741E-05 0.0329025 9.98741E-05
0.135807 0.0353714 0.0524463 9.98831E-05 9.98831E-05 9.98831E-05 9.98831E-05 9.98831E-05 9.98831E-05 0.728995 9.98831E-05 9.98831E-05 0.0176822 9.98831E-05 0.025557 0.00284279 9.98831E-05 9.98831E-05 9.98831E-05 9.98831E-05
9.98651E-05 9.98651E-05 9.98651E-05 0.0520122 0.0944497 9.98651E-05 9.98651E-05 9.98651E-05 9.98651E-05 0.715501 0.00614775 9.98651E-05 9.98651E-05 9.98651E-05 9.98651E-05 9.98651E-05 9.98651E-05 9.98651E-05 9.98651E-05 0.130392
0.0747689 0.0359216 9.9901E-05 0.000944259 9.9901E-05 9.9901E-05 9.9901E-05 9.9901E-05 0.00544153 0.423811 9.9901E-05 0.210382 9.9901E-05 9.9901E-05 9.9901E-05 9.9901E-05 9.9901E-05 0.128483 0.0265637 0.0925853
0.140809 9.98831E-05 9.98831E-05 9.98831E-05 9.98831E-05 9.98831E-05 0.0428261 9.98831E-05 9.98831E-05 0.669514 9.98831E-05 9.98831E-05 9.98831E-05 0.000165771 9.98831E-05 9.98831E-05 0.0349822 0.0488996 9.98831E-05 0.0615045
9.98741E-05 9.98741E-05 9.98741E-05 0.0581981 0.00251239 9.98741E-05 9.98741E-05 9.98741E-05 9.98741E-05 0.632986 9.98741E-05 0.142461 9.98741E-05 9.98741E-05 9.98741E-05 9.98741E-05 0.0402814 9.98741E-05 9.98741E-05 0.122163
9.98651E-05 9.98651E-05 9.98651E-05 9.98651E-05 9.98651E-05 0.0260694 0.0228867 9.98651E-05 9.98651E-05 0.912102 9.98651E-05 9.98651E-05 0.010121 9.98651E-05 9.98651E-05 9.98651E-05 9.98651E-05 9.98651E-05 9.98651E-05 0.0273234
9.9928E-05 0.103172 0.0351441 9.9928E-05 0.0542625 0.00975837 0.0135713 9.9928E-05 0.0897884 0.0212957 0.0350859 9.9928E-05 9.9928E-05 9.9928E-05 9.9928E-05 0.00405784 9.9928E-05 0.0150732 0.0554827 0.562508
9.98561E-05 9.98561E-05 9.98561E-05 9.98561E-05 9.98561E-05 9.98561E-05 0.0028733 9.98561E-05 9.98561E-05 9.98561E-05 9.98561E-05 9.98561E-05 9.98561E-05 9.98561E-05 9.98561E-05 0.104153 9.98561E-05 0.0371442 9.98561E-05 0.854232
9.98742E-05 9.98742E-05 9.98742E-05 0.0089835 9.98742E-05 9.98742E-05 0.00645841 9.98742E-05 9.98742E-05 0.0527588 9.98742E-05 0.00216199 9.98742E-05 9.98742E-05 9.98742E-05 9.98742E-05 9.98742E-05 9.98742E-05 0.0863482 0.841891
9.98652E-05 9.98652E-05 9.98652E-05 9.98652E-05 9.98652E-05 9.98652E-05 9.98652E-05 9.98652E-05 0.0276816 9.98652E-05 9.98652E-05 0.0406691 9.98652E-05 0.00619035 0.0659606 9.98652E-05 9.98652E-05 9.98652E-05 9.98652E-05 0.858
9.98921E-05 0.0132525 9.98921E-05 0.0913838 9.98921E-05 9.98921E-05 9.98921E-05 0.00752327 0.100361 0.115372 9.98921E-05 9.98921E-05 9.98921E-05 9.98921E-05 0.00365027 0.00374503 9.98921E-05 9.98921E-05 9.98921E-05 0.663514
9.9901E-05 9.9901E-05 0.160648 0.0059334 9.9901E-05 9.9901E-05 0.0194619 9.9901E-05 0.0178415 9.9901E-05 0.00717873 0.134559 0.0850506 9.9901E-05 9.9901E-05 0.148287 9.9901E-05 9.9901E-05 9.9901E-05 0.41994
9.98921E-05 9.98921E-05 0.054651 9.98921E-05 0.00177734 9.98921E-05 9.98921E-05 0.186142 9.98921E-05 0.0143867 9.98921E-05 9.98921E-05 0.0121214 0.0730745 9.98921E-05 9.98921E-05 9.98921E-05 0.0170014 9.98921E-05 0.639647
9.98921E-05 9.98921E-05 9.98921E-05 0.0333166 0.0874948 0.0576404 0.010301 9.98921E-05 9.98921E-05 9.98921E-05 9.98921E-05 9.98921E-05 0.0190481 9.98921E-05 9.98921E-05 9.98921E-05 0.0560303 0.00414656 9.98921E-05 0.730824
9.98831E-05 9.98831E-05 0.0246994 9.98831E-05 9.98831E-05 9.98831E-05 9.98831E-05 0.00138249 9.98831E-05 9.98831E-05 0.12756 0.0045681 9.98831E-05 9.98831E-05 0.0859165 9.98831E-05 9.98831E-05 9.98831E-05 0.00620998 0.748365
9.99011E-05 0.0612451 9.99011E-05 0.0086157 9.99011E-05 0.0887618 9.99011E-05 0.0831927 9.99011E-05 0.116222 9.99011E-05 9.99011E-05 0.00112192 9.99011E-05 0.08716 9.99011E-05 9.99011E-05 9.99011E-05 0.0883392 0.464243
9.99011E-05 9.99011E-05 9.99011E-05 0.0234212 9.99011E-05 9.99011E-05 9.99011E-05 9.99011E-05 0.0357254 0.0701764 0.0306691 9.99011E-05 0.0371287 0.141728 0.0588323 9.99011E-05 9.99011E-05 9.99011E-05 0.0891128 0.512107
9.9901E-05 9.9901E-05 0.0144621 0.0800577 0.0453598 0.145279 0.0443735 0.0577034 9.9901E-05 9.9901E-05 9.9901E-05 9.9901E-05 0.0460964 9.9901E-05 9.9901E-05 9.9901E-05 0.0332009 9.9901E-05 9.9901E-05 0.532369
9.98921E-05 9.98921E-05 9.98921E-05 0.0956097 0.033845 9.98921E-05 9.98921E-05 0.201698 9.98921E-05 0.0798607 0.0616872 9.98921E-05 9.98921E-05 9.98921E-05 9.98921E-05 9.98921E-05 0.0167311 9.98921E-05 0.0362538 0.473115
0.0560692 0.0496258 9.98921E-05 9.98921E-05 9.98921E-05 0.00514806 9.98921E-05 0.0813265 9.98921E-05 9.98921E-05 9.98921E-05 9.98921E-05 9.98921E-05 0.166458 9.98921E-05 9.98921E-05 0.0569598 0.00646646 9.98921E-05 0.576747
0.155922 0.253143 9.991E-05 0.0753496 0.0249095 9.991E-05 0.000339774 9.991E-05 0.0112534 9.991E-05 0.00222098 9.991E-05 0.015619 9.991E-05 9.991E-05 0.0437977 9.991E-05 9.991E-05 9.991E-05 0.416446
0.179344 9.98741E-05 0.169312 9.98741E-05 9.98741E-05 9.98741E-05 9.98741E-05 9.98741E-05 0.0465248 0.0661593 9.98741E-05 9.98741E-05 0.0193513 9.98741E-05 9.98741E-05 9.98741E-05 9.98741E-05 9.98741E-05 9.98741E-05 0.51791
9.98831E-05 9.98831E-05 9.98831E-05 9.98831E-05 0.119776 0.0276837 0.00413568 9.98831E-05 9.98831E-05 0.0698841 9.98831E-05 0.105079 9.98831E-05 9.98831E-05 0.0048271 9.98831E-05 9.98831E-05 9.98831E-05 9.98831E-05 0.667316
0.297464 0.0282477 9.98921E-05 9.98921E-05 9.98921E-05 0.0382268 9.98921E-05 9.98921E-05 9.98921E-05 0.0122579 0.009657 9.98921E-05 9.98921E-05 0.009653 9.98921E-05 9.98921E-05 0.0174925 9.98921E-05 9.98921E-05 0.585802
0.198433 0.0764514 9.98831E-05 9.98831E-05 9.98831E-05 9.98831E-05 9.98831E-05 9.98831E-05 9.98831E-05 0.00804503 0.0172669 0.104501 9.98831E-05 0.0582695 9.98831E-05 9.98831E-05 9.98831E-05 9.98831E-05 9.98831E-05 0.535734
0.243495 0.287819 9.98921E-05 9.98921E-05 0.0176243 0.186801 9.98921E-05 0.106436 9.98921E-05 9.98921E-05 9.98921E-05 0.142529 9.98921E-05 9.98921E-05 9.98921E-05 9.98921E-05 9.98921E-05 0.00408549 0.0100113 9.98921E-05
9.9919E-05 0.126065 9.9919E-05 0.0310491 0.00359912 0.125605 0.0173854 9.9919E-05 9.9919E-05 0.0728234 0.0327666 0.0486532 9.9919E-05 0.126083 9.9919E-05 9.9919E-05 9.9919E-05 9.9919E-05 0.247272 0.1678
0.0309432 0.272779 9.9928E-05 0.0873244 0.0287513 0.158269 0.00251003 9.9928E-05 0.0384805 9.9928E-05 0.0247488 9.9928E-05 9.9928E-05 0.111974 9.9928E-05 0.0226068 9.9928E-05 9.9928E-05 0.0790979 0.141715
9.98741E-05 0.147982 9.98741E-05 9.98741E-05 0.102751 0.419017 9.98741E-05 0.140105 9.98741E-05 9.98741E-05 9.98741E-05 9.98741E-05 9.98741E-05 0.102418 9.98741E-05 9.98741E-05 9.98741E-05 9.98741E-05 9.98741E-05 0.0863288
0.635083 9.98651E-05 9.98651E-05 9.98651E-05 9.98651E-05 0.0947142 9.98651E-05 9.98651E-05 9.98651E-05 0.0471966 9.98651E-05 9.98651E-05 9.98651E-05 9.98651E-05 9.98651E-05 9.98651E-05 9.98651E-05 0.0503203 0.171188 9.98651E-05
0.601387 9.98741E-05 9.98741E-05 9.98741E-05 0.0189661 0.197045 9.98741E-05 9.98741E-05 9.98741E-05 9.98741E-05 9.98741E-05 9.98741E-05 9.98741E-05 0.0221615 0.0669269 0.0921154 9.98741E-05 9.98741E-05 9.98741E-05 9.98741E-05
0.64684 9.98741E-05 9.98741E-05 9.98741E-05 9.98741E-05 0.0557621 9.98741E-05 9.98741E-05 0.040932 9.98741E-05 9.98741E-05 9.98741E-05 9.98741E-05 0.0187114 9.98741E-05 9.98741E-05 9.98741E-05 0.134098 0.102259 9.98741E-05
0.276939 0.0697719 0.0388031 0.0918927 9.9928E-05 0.0907736 0.00714117 9.9928E-05 0.0475556 9.9928E-05 0.015542 0.00902573 9.9928E-05 0.000452218 9.9928E-05 9.9928E-05 0.0629532 0.288351 9.9928E-05 9.9928E-05
0.808889 0.158481 9.98561E-05 9.98561E-05 9.98561E-05 9.98561E-05 0.00216167 9.98561E-05 9.98561E-05 0.0288702 9.98561E-05 9.98561E-05 9.98561E-05 9.98561E-05 9.98561E-05 9.98561E-05 9.98561E-05 9.98561E-05 9.98561E-05 9.98561E-05
0.715918 9.98831E-05 9.98831E-05 0.082368 9.98831E-05 9.98831E-05 0.00471622 9.98831E-05 0.149199 9.98831E-05 0.0129578 9.98831E-05 9.98831E-05 9.98831E-05 9.98831E-05 0.0225523 9.98831E-05 9.98831E-05 0.0109898 9.98831E-05
0.388299 9.9901E-05 9.9901E-05 0.199454 9.9901E-05 9.9901E-05 9.9901E-05 0.0814253 0.0429182 0.0166147 9.9901E-05 0.0270744 9.9901E-05 9.9901E-05 0.0815587 9.9901E-05 0.0758685 0.0856885 9.9901E-05 9.9901E-05
0.253767 0.114572 9.991E-05 0.0849094 0.0445185 0.174123 9.991E-05 0.042579 0.136847 9.991E-05 9.991E-05 9.991E-05 9.991E-05 0.00142475 9.991E-05 9.991E-05 9.991E-05 0.102955 9.991E-05 0.043305
0.673036 0.02614 0.0328059 9.991E-05 9.991E-05 0.0867945 0.0020735 9.991E-05 0.0645784 9.991E-05 9.991E-05 9.991E-05 0.0206837 0.00158871 9.991E-05 9.991E-05 0.0186284 0.0726714 9.991E-05 9.991E-05
0.399121 0.0121485 9.9901E-05 0.106812 0.037552 0.247579 9.9901E-05 0.0062579 9.9901E-05 0.026342 9.9901E-05 0.028715 9.9901E-05 9.9901E-05 9.9901E-05 9.9901E-05 9.9901E-05 9.9901E-05 0.134373 9.9901E-05
0.801156 9.98562E-05 9.98562E-05 0.0180809 9.98562E-05 9.98562E-05 9.98562E-05 9.98562E-05 0.157859 9.98562E-05 9.98562E-05 9.98562E-05 9.98562E-05 9.98562E-05 9.98562E-05 9.98562E-05 9.98562E-05 0.0213058 9.98562E-05 9.98562E-05
0.0516623 0.0773053 9.9919E-05 0.083207 0.0620136 9.9919E-05 0.00265898 9.9919E-05 0.0128098 0.0603612 9.9919E-05 9.9919E-05 9.9919E-05 0.00911877 0.0111867 9.9919E-05 9.9919E-05 0.433853 0.194924 9.9919E-05
0.775096 9.98741E-05 0.024965 9.98741E-05 9.98741E-05 0.000942655 9.98741E-05 9.98741E-05 9.98741E-05 9.98741E-05 9.98741E-05 9.98741E-05 9.98741E-05 9.98741E-05 9.98741E-05 9.98741E-05 0.0570845 9.98741E-05 0.114913 0.0256005
0.150832 0.0620574 9.991E-05 0.154587 9.991E-05 0.216138 0.0119708 9.991E-05 0.0224966 9.991E-05 9.991E-05 9.991E-05 9.991E-05 9.991E-05 9.991E-05 0.0427226 0.0159096 0.290854 9.991E-05 0.0314333
9.98292E-05 9.98292E-05 9.98292E-05 9.98292E-05 9.98292E-05 9.98292E-05 9.98292E-05 9.98292E-05 9.98292E-05 9.98292E-05 9.98292E-05 9.98292E-05 9.98292E-05 9.98292E-05 9.98292E-05 9.98292E-05 0.998103 9.98292E-05 9.98292E-05 9.98292E-05
0.206411 9.99101E-05 0.0330157 9.99101E-05 9.99101E-05 0.0288338 0.00629088 0.0193603 9.99101E-05 9.99101E-05 9.99101E-05 9.99101E-05 0.036749 9.99101E-05 9.99101E-05 0.00725211 9.99101E-05 0.474582 0.170032 0.0164742
0.139111 9.98741E-05 9.98741E-05 9.98741E-05 9.98741E-05 0.278453 9.98741E-05 9.98741E-05 0.045133 9.98741E-05 9.98741E-05 9.98741E-05 9.98741E-05 9.98741E-05 9.98741E-05 0.0840484 9.98741E-05 0.443374 0.00848187 9.98741E-05
9.98472E-05 9.98472E-05 9.98472E-05 9.98472E-05 9.98472E-05 0.0240783 9.98472E-05 9.98472E-05 9.98472E-05 9.98472E-05 9.98472E-05 9.98472E-05 9.98472E-05 9.98472E-05 9.98472E-05 9.98472E-05 0.97257 0.00165435 9.98472E-05 9.98472E-05
0.160869 9.98741E-05 9.98741E-05 0.143756 9.98741E-05 0.183651 9.98741E-05 9.98741E-05 9.98741E-05 9.98741E-05 9.98741E-05 9.98741E-05 9.98741E-05 9.98741E-05 9.98741E-05 9.98741E-05 0.0190352 0.308605 0.182685 9.98741E-05
0.312198 9.98651E-05 9.98651E-05 9.98651E-05 9.98651E-05 9.98651E-05 9.98651E-05 0.0049213 9.98651E-05 9.98651E-05 9.98651E-05 0.00600511 9.98651E-05 0.187261 9.98651E-05 9.98651E-05 9.98651E-05 0.488117 9.98651E-05 9.98651E-05
0.178486 0.0298997 0.0190513 0.0578248 9.9919E-05 0.096235 9.9919E-05 9.9919E-05 0.0192691 9.9919E-05 9.9919E-05 9.9919E-05 9.9919E-05 9.9919E-05 0.0446618 0.0717666 0.238192 0.0979641 0.145751 9.9919E-05
9.98921E-05 0.0141163 9.98921E-05 0.0426145 9.98921E-05 0.206177 0.0107543 9.98921E-05 9.98921E-05 0.0301273 9.98921E-05 9.98921E-05 9.98921E-05 9.98921E-05 9.98921E-05 9.98921E-05 0.0472331 0.499747 0.148032 9.98921E-05
0.0143642 9.98831E-05 0.0289403 9.98831E-05 9.98831E-05 0.0201336 9.98831E-05 9.98831E-05 0.00934172 9.98831E-05 9.98831E-05 9.98831E-05 9.98831E-05 9.98831E-05 0.0454004 9.98831E-05 0.0635348 0.816986 9.98831E-05 9.98831E-05
9.98831E-05 9.98831E-05 9.98831E-05 9.98831E-05 9.98831E-05 0.406943 9.98831E-05 0.0663655 0.0118909 9.98831E-05 9.98831E-05 9.98831E-05 9.98831E-05 9.98831E-05 0.0517593 9.98831E-05 0.0850446 0.184811 0.191888 9.98831E-05
9.98741E-05 9.98741E-05 9.98741E-05 9.98741E-05 0.0315735 0.304317 9.98741E-05 9.98741E-05 9.98741E-05 0.0841459 9.98741E-05 0.0153301 9.98741E-05 9.98741E-05 9.98741E-05 9.98741E-05 0.132564 0.430671 9.98741E-05 9.98741E-05
0.0286604 9.98831E-05 9.98831E-05 0.0443781 9.98831E-05 0.257067 9.98831E-05 9.98831E-05 9.98831E-05 9.98831E-05 0.00912916 9.98831E-05 0.0100939 9.98831E-05 9.98831E-05 9.98831E-05 9.98831E-05 0.627059 9.98831E-05 0.0223138
9.98831E-05 9.98831E-05 9.98831E-05 9.98831E-05 9.98831E-05 0.392381 0.0234864 0.0049639 9.98831E-05 9.98831E-05 9.98831E-05 9.98831E-05 0.0143426 9.98831E-05 9.98831E-05 0.0719427 9.98831E-05 0.485824 0.00576122 9.98831E-05
9.98831E-05 0.162355 9.98831E-05 9.98831E-05 9.98831E-05 0.11362 9.98831E-05 0.00959376 9.98831E-05 9.98831E-05 0.0551025 9.98831E-05 9.98831E-05 0.0426444 9.98831E-05 9.98831E-05 0.0231758 0.59221 9.98831E-05 9.98831E-05
9.98673E-05 9.98673E-05 9.98673E-05 0.00101184 9.98673E-05 0.2377 9.98673E-05 9.98673E-05 0.0421947 9.98673E-05 9.98673E-05 9.98673E-05 9.98673E-05 9.98673E-05 9.98673E-05 9.98673E-05 9.98673E-05 0.627531 0.0900644 9.98673E-05
9.98651E-05 9.98651E-05 9.98651E-05 9.98651E-05 9.98651E-05 0.0552476 9.98651E-05 9.98651E-05 9.98651E-05 0.0197344 9.98651E-05 9.98651E-05 9.98651E-05 9.98651E-05 9.98651E-05 9.98651E-05 9.98651E-05 0.877557 0.00304054 0.0429222
0.103824 9.991E-05 0.0106696 9.991E-05 0.0733784 0.0234343 0.0527161 9.991E-05 0.0110979 9.991E-05 0.0430884 9.991E-05 9.991E-05 9.991E-05 9.991E-05 9.991E-05 0.0491223 0.574722 9.991E-05 0.0569479
9.98741E-05 9.98741E-05 9.98741E-05 9.98741E-05 9.98741E-05 0.105643 0.0387199 0.005822 9.98741E-05 0.00147557 9.98741E-05 9.98741E-05 9.98741E-05 9.98741E-05 9.98741E-05 9.98741E-05 9.98741E-05 0.650114 0.196827 9.98741E-05
0.0988837 9.98741E-05 9.98741E-05 9.98741E-05 9.98741E-05 0.589678 9.98741E-05 9.98741E-05 0.0182183 0.0215272 9.98741E-05 9.98741E-05 9.98741E-05 9.98741E-05 9.98741E-05 9.98741E-05 9.98741E-05 0.24224 0.0280543 9.98741E-05
9.98651E-05 9.98651E-05 0.0797926 9.98651E-05 9.98651E-05 0.410713 9.98651E-05 0.012481 9.98651E-05 9.98651E-05 9.98651E-05 9.98651E-05 9.98651E-05 9.98651E-05 9.98651E-05 9.98651E-05 0.0204134 0.475102 9.98651E-05 9.98651E-05
9.98472E-05 9.98472E-05 9.98472E-05 9.98472E-05 9.98472E-05 0.240508 9.98472E-05 9.98472E-05 9.98472E-05 9.98472E-05 9.98472E-05 9.98472E-05 9.98472E-05 9.98472E-05 9.98472E-05 9.98472E-05 0.011926 0.745869 9.98472E-05 9.98472E-05
0.0318805 0.0532638 9.99011E-05 0.0422793 0.0431355 0.0283932 9.99011E-05 9.99011E-05 9.99011E-05 9.99011E-05 9.99011E-05 9.99011E-05 0.0227589 9.99011E-05 0.0358418 9.99011E-05 9.99011E-05 0.510633 0.230715 9.99011E-05
9.98741E-05 9.98741E-05 9.98741E-05 9.98741E-05 9.98741E-05 0.102813 9.98741E-05 9.98741E-05 0.00974835 9.98741E-05 9.98741E-05 9.98741E-05 9.98741E-05 9.98741E-05 9.98741E-05 9.98741E-05 0.0189237 0.731971 0.0989377 0.0362084
0.0410938 0.00855115 9.99011E-05 0.0869907 9.99011E-05 0.232779 9.99011E-05 0.0264829 9.99011E-05 9.99011E-05 9.99011E-05 0.0595528 0.0278482 9.99011E-05 9.99011E-05 9.99011E-05 0.0667599 0.448843 9.99011E-05 9.99011E-05
0.235302 9.98831E-05 0.0684603 9.98831E-05 9.98831E-05 9.98831E-05 9.98831E-05 9.98831E-05 0.0662073 9.98831E-05 9.98831E-05 9.98831E-05 0.0283742 9.98831E-05 9.98831E-05 0.007358 0.0347758 0.558223 9.98831E-05 9.98831E-05
9.98921E-05 9.98921E-05 0.0424655 9.98921E-05 0.0295263 0.212874 0.0038152 0.0484593 9.98921E-05 9.98921E-05 9.98921E-05 9.98921E-05 9.98921E-05 9.98921E-05 9.98921E-05 9.98921E-05 0.106559 0.391661 0.16344 9.98921E-05
9.98562E-05 9.98562E-05 9.98562E-05 9.98562E-05 9.98562E-05 9.98562E-05 9.98562E-05 9.98562E-05 9.98562E-05 9.98562E-05 9.98562E-05 0.0441559 9.98562E-05 9.98562E-05 0.057515 9.98562E-05 9.98562E-05 0.874873 0.0218583 9.98562E-05
0.08664 9.98831E-05 9.98831E-05 9.98831E-05 9.98831E-05 0.0439908 0.025436 9.98831E-05 0.017241 9.98831E-05 9.98831E-05 9.98831E-05 9.98831E-05 0.12251 9.98831E-05 9.98831E-05 9.98831E-05 0.493894 0.20899 9.98831E-05
0.0331745 9.98921E-05 9.98921E-05 9.98921E-05 9.98921E-05 9.98921E-05 9.98921E-05 9.98921E-05 0.0986965 9.98921E-05 9.98921E-05 0.0144646 0.0142253 9.98921E-05 0.00553515 0.015682 9.98921E-05 0.712449 0.104574 9.98921E-05
9.98831E-05 9.98831E-05 9.98831E-05 0.0115727 9.98831E-05 0.0425348 9.98831E-05 9.98831E-05 0.000720292 9.98831E-05 0.0405639 9.98831E-05 9.98831E-05 0.0896102 9.98831E-05 0.0150805 9.98831E-05 0.798619 9.98831E-05 9.98831E-05
9.98831E-05 9.98831E-05 9.98831E-05 0.0167256 9.98831E-05 9.98831E-05 0.00140908 9.98831E-05 0.149158 9.98831E-05 0.0598093 9.98831E-05 9.98831E-05 9.98831E-05 9.98831E-05 0.119126 9.98831E-05 0.624438 0.0280353 9.98831E-05
0.101402 0.0202131 9.991E-05 9.991E-05 0.00812214 9.991E-05 9.991E-05 0.0507002 9.991E-05 9.991E-05 9.991E-05 0.0330855 0.0250147 9.991E-05 9.991E-05 0.0748382 9.991E-05 0.377817 0.26164 0.0461673
0.0129821 9.991E-05 9.991E-05 9.991E-05 9.991E-05 0.0348958 0.0204366 9.991E-05 0.0274112 9.991E-05 9.991E-05 9.991E-05 0.0076198 9.991E-05 0.140085 9.991E-05 0.0633883 0.431714 0.227737 0.0327311
0.152796 9.99101E-05 9.99101E-05 0.177392 9.99101E-05 9.99101E-05 0.0664028 9.99101E-05 0.0168941 0.00872772 9.99101E-05 9.99101E-05 9.99101E-05 9.99101E-05 0.00338819 9.99101E-05 0.0379575 0.486818 0.0441104 0.00451409
0.215214 9.98978E-05 0.00754644 0.105412 9.98978E-05 0.0847189 9.98978E-05 9.98978E-05 9.98978E-05 9.98978E-05 9.98978E-05 9.98978E-05 0.0176206 9.98978E-05 9.98978E-05 9.98978E-05 0.00136849 0.146944 0.419977 9.98978E-05
9.991E-05 0.0742918 9.991E-05 9.991E-05 9.991E-05 9.991E-05 0.0278536 0.0598332 9.991E-05 9.991E-05 0.0634055 0.0140445 9.991E-05 0.0204217 9.991E-05 9.991E-05 0.0163271 0.713438 0.000377579 0.00900835
0.0887608 9.9919E-05 9.9919E-05 9.9919E-05 0.0159354 0.0323243 0.0129093 0.00829326 0.13726 9.9919E-05 9.9919E-05 9.9919E-05 9.9919E-05 0.000984762 0.0508454 9.9919E-05 0.00571221 0.301695 0.34438 9.9919E-05
0.038239 9.99011E-05 9.99011E-05 0.170328 0.00626647 0.0839541 9.99011E-05 9.99011E-05 9.99011E-05 0.00853416 9.99011E-05 9.99011E-05 9.99011E-05 9.99011E-05 0.00843548 0.0123354 9.99011E-05 0.500891 0.169918 9.99011E-05
9.98741E-05 9.98741E-05 9.98741E-05 9.98741E-05 9.98741E-05 9.98741E-05 0.0826281 9.98741E-05 9.98741E-05 9.98741E-05 0.0140586 0.06823 9.98741E-05 9.98741E-05 9.98741E-05 9.98741E-05 0.0402926 0.468611 0.324782 9.98741E-05
0.0387107 9.991E-05 9.991E-05 9.991E-05 0.029342 9.991E-05 0.0159733 9.991E-05 0.089319 0.0105791 9.991E-05 9.991E-05 9.991E-05 0.0479295 0.0431246 9.991E-05 9.991E-05 0.626977 0.0886437 0.00840193
0.0189696 9.99101E-05 9.99101E-05 9.99101E-05 0.0111343 0.695312 9.99101E-05 9.99101E-05 0.0573191 0.0124817 0.00372773 9.99101E-05 9.99101E-05 9.99101E-05 0.00266026 0.0138806 0.0140244 9.99101E-05 0.169491 9.99101E-05
0.107038 9.98921E-05 9.98921E-05 0.024481 9.98921E-05 0.672872 0.040358 9.98921E-05 0.0824565 0.0178641 9.98921E-05 9.98921E-05 9.98921E-05 9.98921E-05 9.98921E-05 9.98921E-05 9.98921E-05 0.0374006 9.98921E-05 0.0163316
9.98293E-05 9.98293E-05 9.98293E-05 9.98293E-05 9.98293E-05 0.998103 9.98293E-05 9.98293E-05 9.98293E-05 9.98293E-05 9.98293E-05 9.98293E-05 9.98293E-05 9.98293E-05 9.98293E-05 9.98293E-05 9.98293E-05 9.98293E-05 9.98293E-05 9.98293E-05
9.98293E-05 9.98293E-05 9.98293E-05 9.98293E-05 9.98293E-05 0.998103 9.98293E-05 9.98293E-05 9.98293E-05 9.98293E-05 9.98293E-05 9.98293E-05 9.98293E-05 9.98293E-05 9.98293E-05 9.98293E-05 9.98293E-05 9.98293E-05 9.98293E-05 9.98293E-05
0.0983743 9.98741E-05 9.98741E-05 0.0061661 9.98741E-05 0.628379 0.0554667 9.98741E-05 0.0439177 9.98741E-05 9.98741E-05 9.98741E-05 9.98741E-05 9.98741E-05 9.98741E-05 9.98741E-05 9.98741E-05 0.166298 9.98741E-05 9.98741E-05
9.98652E-05 9.98652E-05 0.000386479 9.98652E-05 0.0114355 0.849466 9.98652E-05 9.98652E-05 9.98652E-05 9.98652E-05 9.98652E-05 9.98652E-05 9.98652E-05 9.98652E-05 9.98652E-05 9.98652E-05 0.0555544 0.0816596 9.98652E-05 9.98652E-05
9.98741E-05 9.98741E-05 9.98741E-05 9.98741E-05 9.98741E-05 0.567509 0.0345088 9.98741E-05 0.00410426 0.0848889 9.98741E-05 9.98741E-05 9.98741E-05 9.98741E-05 9.98741E-05 9.98741E-05 9.98741E-05 0.199909 0.107682 9.98741E-05
9.98293E-05 9.98293E-05 9.98293E-05 9.98293E-05 9.98293E-05 0.998103 9.98293E-05 9.98293E-05 9.98293E-05 9.98293E-05 9.98293E-05 9.98293E-05 9.98293E-05 9.98293E-05 9.98293E-05 9.98293E-05 9.98293E-05 9.98293E-05 9.98293E-05 9.98293E-05
0.123423 9.99011E-05 9.99011E-05 0.0395297 9.99011E-05 0.434035 0.0646192 0.0773803 0.0257455 0.0143821 9.99011E-05 0.0023828 9.99011E-05 9.99011E-05 9.99011E-05 9.99011E-05 9.99011E-05 9.99011E-05 0.217404 9.99011E-05
0.198761 9.99101E-05 9.99101E-05 9.99101E-05 0.00498214 0.343936 0.0376596 9.99101E-05 0.00299036 9.99101E-05 9.99101E-05 0.00214365 9.99101E-05 9.99101E-05 9.99101E-05 9.99101E-05 0.00544621 0.143795 0.0561988 0.203089
9.99011E-05 9.99011E-05 0.0186348 9.99011E-05 0.00964025 0.377109 9.99011E-05 9.99011E-05 9.99011E-05 0.0647748 9.99011E-05 9.99011E-05 0.0254247 0.0181151 9.99011E-05 9.99011E-05 0.00426966 9.99011E-05 0.430823 0.0501096
9.9937E-05 9.9937E-05 0.0110752 0.101401 0.0216117 0.426635 0.00257067 0.0209459 0.0184207 0.0539999 0.0397642 0.0212181 9.9937E-05 9.9937E-05 9.9937E-05 0.00113211 9.9937E-05 9.9937E-05 0.177579 0.102947
0.00682478 9.9919E-05 9.9919E-05 9.9919E-05 9.9919E-05 0.346221 0.037527 9.9919E-05 0.0430897 0.044954 0.0265454 9.9919E-05 9.9919E-05 9.9919E-05 0.0036572 9.9919E-05 0.0188372 0.0965474 0.306327 0.0685701
0.0205898 9.98921E-05 9.98921E-05 9.98921E-05 9.98921E-05 0.691754 9.98921E-05 9.98921E-05 0.0741163 0.00484074 9.98921E-05 9.98921E-05 9.98921E-05 9.98921E-05 9.98921E-05 9.98921E-05 0.0275508 0.019875 0.114059 0.0460152
0.0101926 9.98741E-05 9.98741E-05 9.98741E-05 9.98741E-05 0.330815 0.0224902 9.98741E-05 9.98741E-05 9.98741E-05 0.0117636 9.98741E-05 9.98741E-05 9.98741E-05 9.98741E-05 9.98741E-05 9.98741E-05 0.227782 0.395559 9.98741E-05
0.170213 9.98651E-05 9.98651E-05 9.98651E-05 9.98651E-05 0.505716 9.98651E-05 9.98651E-05 9.98651E-05 9.98651E-05 9.98651E-05 9.98651E-05 9.98651E-05 9.98651E-05 9.98651E-05 9.98651E-05 0.0499392 0.0509323 0.221701 9.98651E-05
