0.0984033 0.196323 0.207928 0.497345
9.999E-05 0.332748 0.129157 0.537995
9.9982E-05 0.36741 9.9982E-05 0.63239
0.0362207 0.100297 0.390469 0.473013
9.999E-05 0.274766 0.293337 0.431797
0.0118554 0.101984 0.392564 0.493597
0.0877552 0.219345 0.3233 0.3696
9.999E-05 0.345033 0.171483 0.483384
9.999E-05 0.114611 0.366475 0.518814
9.999E-05 0.394815 0.0791738 0.525911
0.151877 0.30815 0.131637 0.408336
9.999E-05 0.0239317 0.0722931 0.903675
0.129975 0.177847 9.9991E-05 0.692078
0.085818 9.9991E-05 0.310195 0.603887
0.142106 0.0053047 0.396981 0.455608
9.9991E-05 0.0169777 0.265485 0.717437
0.167985 9.9991E-05 0.089289 0.742626
9.9982E-05 0.157611 9.9982E-05 0.842189
9.9991E-05 0.150292 0.125856 0.723753
9.9991E-05 0.114198 0.217358 0.668345
9.9991E-05 0.337225 0.0703643 0.592311
0.58133 9.9982E-05 9.9982E-05 0.41847
0.300655 0.0108163 0.190172 0.498357
0.326976 0.191592 0.00686528 0.474567
0.73079 0.0760354 9.9991E-05 0.193075
0.664084 0.0306465 0.182832 0.122437
0.447465 0.175782 0.126731 0.250022
0.601035 0.118238 9.9991E-05 0.280628
0.713311 0.0471933 9.9991E-05 0.239396
0.433445 9.9991E-05 0.0945145 0.471941
0.586069 0.0571683 9.9991E-05 0.356663
0.643614 9.9991E-05 0.0827554 0.273531
0.27798 0.300635 9.9991E-05 0.421285
9.9991E-05 0.0380411 0.146644 0.815215
0.249164 0.0812166 0.208061 0.461557
0.206235 0.110677 9.9991E-05 0.682988
0.109652 0.0602822 0.128442 0.701624
0.0907216 0.156891 0.187982 0.564405
9.998E-05 9.998E-05 9.998E-05 0.9997
9.9982E-05 9.9982E-05 0.194183 0.805617
0.219227 0.0854044 9.9991E-05 0.695268
0.0811926 9.9991E-05 0.15747 0.761237
0.0930286 0.170053 9.9991E-05 0.736818
0.340796 9.9982E-05 9.9982E-05 0.659004
0.0930237 0.187642 0.0803885 0.638946
0.566745 0.0595981 9.9991E-05 0.373556
0.439464 9.9991E-05 0.191726 0.368711
0.488483 9.9991E-05 0.128219 0.383198
0.339249 9.9982E-05 9.9982E-05 0.660551
0.221887 9.9991E-05 0.0808536 0.697159
0.413185 9.9991E-05 0.126072 0.460643
0.284419 0.158824 0.023048 0.533709
0.263116 9.9982E-05 9.9982E-05 0.736684
0.515248 0.215431 9.9991E-05 0.269222
0.418347 9.9982E-05 9.9982E-05 0.581453
0.528313 0.0222104 0.127036 0.322441
0.603576 0.0696564 0.0664957 0.260272
0.477133 9.9982E-05 9.9982E-05 0.522667
0.417729 9.9991E-05 0.0179362 0.564235
0.268114 0.0190447 0.0296482 0.683193
0.107264 9.9982E-05 9.9982E-05 0.892536
0.540063 0.0122683 9.9991E-05 0.447569
0.78866 9.9991E-05 0.172863 0.0383768
0.788428 9.9991E-05 0.194966 0.0165057
0.639084 0.113444 9.9991E-05 0.247372
0.615723 0.146079 0.173125 0.0650731
0.734051 0.13423 0.110551 0.0211672
0.956266 9.9982E-05 0.0435338 9.9982E-05
0.937997 9.9982E-05 0.0618033 9.9982E-05
0.559954 0.0430088 0.396937 9.9991E-05
0.730508 9.9982E-05 0.269292 9.9982E-05
0.645913 9.9991E-05 0.280943 0.073044
0.630533 0.0732972 0.291704 0.00446594
0.609286 0.194344 9.9991E-05 0.19627
0.852431 0.0465335 9.9991E-05 0.100935
0.681123 0.136762 0.138321 0.0437939
0.778973 0.16271 0.0582169 9.9991E-05
0.543524 0.267987 0.0886596 0.0998291
0.576071 0.0315772 0.212467 0.179884
0.5692 0.15448 9.9991E-05 0.27622
0.699459 0.199768 0.100673 9.9991E-05
0.605466 0.03107 0.217546 0.145918
0.792344 0.0855596 9.9991E-05 0.121996
0.696266 0.0109186 0.270466 0.02235
0.773814 0.0743527 0.151733 9.9991E-05
0.698177 0.00495468 0.114761 0.182107
0.874089 0.125711 9.9982E-05 9.9982E-05
0.904501 0.0725099 9.9991E-05 0.0228896
0.884919 9.9991E-05 0.0368514 0.0781294
0.931426 0.0683744 9.9982E-05 9.9982E-05
0.765348 9.9991E-05 0.0387407 0.195812
0.871422 0.035406 9.9991E-05 0.0930723
0.514091 9.9982E-05 9.9982E-05 0.485709
0.858056 9.9982E-05 9.9982E-05 0.141744
0.76656 9.9991E-05 0.160929 0.0724111
0.874778 0.0104717 9.9991E-05 0.114651
0.932643 0.067157 9.9982E-05 9.9982E-05
0.743587 0.109888 9.9991E-05 0.146425
0.677823 0.132642 0.104465 0.0850698
0.771429 0.0206497 0.0584804 0.149441
0.947738 9.9991E-05 0.0453371 0.00682493
0.755419 9.9991E-05 0.131839 0.112643
0.715414 9.9991E-05 0.0951992 0.189287
0.922589 9.9982E-05 9.9982E-05 0.0772111
0.802064 9.9982E-05 0.197736 9.9982E-05
0.939687 0.0601127 9.9982E-05 9.9982E-05
0.518624 0.119956 0.36132 9.9991E-05
0.605395 0.336042 0.0584634 9.9991E-05
0.660453 0.256042 0.083405 9.9991E-05
0.705303 0.294497 9.9982E-05 9.9982E-05
0.056549 0.284341 0.65901 9.9991E-05
0.160993 0.227559 0.439625 0.171823
0.0927744 0.109769 0.797356 9.9991E-05
0.0898276 9.9991E-05 0.776451 0.133622
0.366008 0.0532878 0.580604 9.9991E-05
9.9991E-05 0.213545 0.555558 0.230797
9.9982E-05 9.9982E-05 0.629165 0.370636
0.332279 0.175373 0.492248 9.9991E-05
0.0585446 0.0737182 0.737922 0.129815
0.203748 0.466704 0.226378 0.10317
0.118298 0.125062 0.718875 0.0377648
0.162622 0.279589 0.451764 0.106026
0.190084 0.28005 0.44274 0.0871258
0.155747 0.0902789 0.72518 0.0287947
9.9991E-05 0.190833 0.723263 0.0858049
0.0574795 0.143584 0.759062 0.0398754
9.9991E-05 0.189211 0.750717 0.0599713
9.9991E-05 0.131839 0.809248 0.0588121
9.9982E-05 0.28719 0.71261 9.9982E-05
0.136241 9.9982E-05 0.863559 9.9982E-05
9.9991E-05 0.220141 0.621404 0.158356
9.9982E-05 0.110863 0.888937 9.9982E-05
9.998E-05 9.998E-05 0.9997 9.998E-05
0.000262501 0.450036 0.502235 0.0474663
0.00132678 0.134167 0.83203 0.0324763
9.998E-05 9.998E-05 0.9997 9.998E-05
9.9982E-05 0.198394 0.801406 9.9982E-05
0.143394 0.0232739 0.833232 9.9991E-05
9.9982E-05 0.135745 0.864055 9.9982E-05
9.998E-05 9.998E-05 0.9997 9.998E-05
0.191225 0.040231 0.768444 9.9991E-05
9.9982E-05 0.156822 0.842978 9.9982E-05
9.9982E-05 0.349092 0.650708 9.9982E-05
9.9982E-05 0.234522 0.765278 9.9982E-05
9.9982E-05 0.0310449 0.968755 9.9982E-05
0.027072 0.214866 0.676319 0.081743
9.9982E-05 0.0855283 0.914272 9.9982E-05
0.0616212 0.11657 0.821709 9.9991E-05
9.9982E-05 9.9982E-05 0.906373 0.0934273
0.0653843 0.258711 0.675805 9.9991E-05
9.9982E-05 9.9982E-05 0.977069 0.0227306
9.9982E-05 0.345274 0.654526 9.9982E-05
9.9982E-05 0.121079 0.878721 9.9982E-05
0.0782167 9.9982E-05 0.921583 9.9982E-05
9.9991E-05 0.172633 0.772538 0.0547286
0.170358 0.253977 0.525778 0.0498874
0.0182153 0.287449 0.627527 0.0668092
9.9991E-05 0.152357 0.782187 0.0653556
9.9991E-05 0.399319 0.557123 0.0434589
0.125657 9.9982E-05 0.874143 9.9982E-05
9.9991E-05 0.456144 0.4626 0.0811558
9.9991E-05 0.326261 0.636274 0.0373655
0.0512082 0.362199 0.586493 9.9991E-05
0.253254 0.156621 0.590025 9.9991E-05
9.9991E-05 0.698453 0.229142 0.0723047
0.0579593 0.482361 0.459579 9.9991E-05
9.9982E-05 0.538821 0.460979 9.9982E-05
0.0213444 0.618663 0.359893 9.9991E-05
9.9982E-05 0.421967 0.577833 9.9982E-05
9.9982E-05 0.456012 0.543788 9.9982E-05
9.9982E-05 0.570127 0.429673 9.9982E-05
9.9982E-05 0.551546 0.448254 9.9982E-05
0.0271706 0.739687 0.0973909 0.135752
0.16006 0.375567 0.300617 0.163756
0.0745372 0.746784 0.129712 0.0489676
0.148644 0.640446 0.0230744 0.187835
0.0821014 0.64971 0.268089 9.9991E-05
0.0197925 0.684374 0.295733 9.9991E-05
9.9982E-05 0.703424 0.296376 9.9982E-05
9.9982E-05 0.586275 0.413525 9.9982E-05
0.00235332 0.807092 0.190455 9.9991E-05
0.0305243 0.969276 9.9982E-05 9.9982E-05
0.0505312 0.745924 0.1951 0.00844534
0.00484766 0.789626 0.205427 9.9991E-05
0.101443 0.640822 0.22544 0.0322951
0.0896513 0.528664 0.377121 0.00456375
0.0458084 0.710134 0.229864 0.014194
9.9982E-05 0.956409 9.9982E-05 0.0433909
0.101375 0.597876 0.300648 9.9991E-05
9.9991E-05 0.524073 0.400825 0.075002
0.0821271 0.688989 0.228784 9.9991E-05
9.9982E-05 0.755193 0.244607 9.9982E-05
9.9991E-05 0.671975 0.258259 0.0696661
0.020194 0.793119 0.159258 0.0274297
0.05511 0.830811 0.0943841 0.0196947
9.998E-05 0.9997 9.998E-05 9.998E-05
9.9982E-05 0.83291 0.16689 9.9982E-05
9.998E-05 0.9997 9.998E-05 9.998E-05
9.998E-05 0.9997 9.998E-05 9.998E-05
9.998E-05 0.9997 9.998E-05 9.998E-05
9.998E-05 0.9997 9.998E-05 9.998E-05
9.998E-05 0.9997 9.998E-05 9.998E-05
9.998E-05 0.9997 9.998E-05 9.998E-05
9.9982E-05 0.979006 0.0207941 9.9982E-05
9.998E-05 0.9997 9.998E-05 9.998E-05
9.998E-05 0.9997 9.998E-05 9.998E-05
9.9982E-05 0.985271 9.9982E-05 0.0145289
0.0110214 0.933535 0.0553433 9.9991E-05
9.998E-05 0.9997 9.998E-05 9.998E-05
9.9982E-05 0.978982 0.0208178 9.9982E-05
9.9982E-05 0.982863 0.0169371 9.9982E-05
9.9982E-05 0.984954 9.9982E-05 0.0148456
9.9982E-05 0.904599 0.0952008 9.9982E-05
9.9982E-05 0.89426 0.10554 9.9982E-05
0.00260366 0.959718 9.9991E-05 0.0375781
0.016954 0.940109 0.0428374 9.9991E-05
0.00842222 0.890054 0.101424 9.9991E-05
9.9991E-05 0.831306 0.135357 0.0332371
0.0321033 0.967697 9.9982E-05 9.9982E-05
9.998E-05 0.9997 9.998E-05 9.998E-05
0.0357369 0.964063 9.9982E-05 9.9982E-05
9.998E-05 0.9997 9.998E-05 9.998E-05
9.998E-05 0.9997 9.998E-05 9.998E-05
9.9982E-05 0.886453 0.113347 9.9982E-05
0.040978 0.634232 0.226491 0.0982993
9.9991E-05 0.940071 0.0163713 0.0434573
9.9991E-05 0.664669 0.221669 0.113563
0.00480091 0.944495 9.9991E-05 0.0506039
0.121724 0.56217 0.305463 0.0106433
0.121628 0.699679 0.154167 0.0245257
0.186502 0.80392 0.00947853 9.9991E-05
0.146343 0.853457 9.9982E-05 9.9982E-05
0.0539179 0.67976 0.226688 0.0396345
9.9991E-05 0.937384 0.0586567 0.00385881
0.0307421 0.719891 0.172525 0.0768415
0.0179864 0.823925 0.084627 0.0734618
9.9982E-05 0.832476 0.167324 9.9982E-05
0.186642 0.677843 0.0554121 0.0801023
0.0920063 0.669891 0.126608 0.111495
0.0161384 0.936138 9.9991E-05 0.0476232
0.00768263 0.752068 0.161953 0.0782966
0.0136328 0.915003 0.00784304 0.0635213
