0.0350288 9.98652E-05 0.0766894 9.98652E-05 0.00966481 9.98652E-05 0.12168 9.98652E-05 9.98652E-05 9.98652E-05 9.98652E-05 0.154382 0.0548554 9.98652E-05 9.98652E-05 0.545279 9.98652E-05 0.000923397 9.98652E-05 9.98652E-05 9.98652E-05 9.98652E-05 9.98652E-05
0.0214008 0.0294456 9.98921E-05 9.98921E-05 0.0440636 0.0459811 0.0036485 9.98921E-05 9.98921E-05 9.98921E-05 0.0294067 0.0291984 0.00738134 9.98921E-05 0.0409277 0.741447 9.98921E-05 9.98921E-05 0.00590045 9.98921E-05 9.98921E-05 9.98921E-05 9.98921E-05
0.00345955 9.98114E-05 9.98114E-05 9.98114E-05 9.98114E-05 9.98114E-05 9.98114E-05 9.98114E-05 9.98114E-05 9.98114E-05 9.98114E-05 9.98114E-05 9.98114E-05 9.98114E-05 9.98114E-05 0.994444 9.98114E-05 9.98114E-05 9.98114E-05 9.98114E-05 9.98114E-05 9.98114E-05 9.98114E-05
9.98382E-05 9.98382E-05 9.98382E-05 9.98382E-05 9.98382E-05 0.163962 9.98382E-05 0.0545389 9.98382E-05 0.0337484 9.98382E-05 9.98382E-05 9.98382E-05 9.98382E-05 0.134685 0.611269 9.98382E-05 9.98382E-05 9.98382E-05 9.98382E-05 9.98382E-05 9.98382E-05 9.98382E-05
9.98741E-05 9.98741E-05 0.00757081 9.98741E-05 9.98741E-05 0.0495285 9.98741E-05 9.98741E-05 0.0488167 9.98741E-05 0.0417655 9.98741E-05 0.0448895 0.0943994 9.98741E-05 0.637608 9.98741E-05 0.0151074 9.98741E-05 9.98741E-05 9.98741E-05 9.98741E-05 0.0589159
9.98741E-05 9.98741E-05 9.98741E-05 0.0239698 9.98741E-05 0.0855957 0.0101205 0.0501735 9.98741E-05 0.00532559 9.98741E-05 9.98741E-05 9.98741E-05 0.0106531 9.98741E-05 0.778447 0.0157813 9.98741E-05 9.98741E-05 9.98741E-05 9.98741E-05 9.98741E-05 0.0185352
9.98472E-05 9.98472E-05 0.0607822 9.98472E-05 9.98472E-05 9.98472E-05 0.241738 9.98472E-05 9.98472E-05 0.0219957 9.98472E-05 9.98472E-05 9.98472E-05 9.98472E-05 9.98472E-05 0.530958 9.98472E-05 9.98472E-05 9.98472E-05 9.98472E-05 9.98472E-05 0.00592412 0.136905
9.98293E-05 9.98293E-05 9.98293E-05 9.98293E-05 9.98293E-05 9.98293E-05 9.98293E-05 9.98293E-05 9.98293E-05 9.98293E-05 9.98293E-05 9.98293E-05 9.98293E-05 9.98293E-05 9.98293E-05 0.819869 9.98293E-05 0.0384555 9.98293E-05 0.09264 9.98293E-05 9.98293E-05 0.047139
9.98652E-05 9.98652E-05 9.98652E-05 0.0178086 0.00334331 9.98652E-05 9.98652E-05 0.052388 9.98652E-05 9.98652E-05 9.98652E-05 0.0815301 9.98652E-05 9.98652E-05 9.98652E-05 0.714611 9.98652E-05 0.0179486 9.98652E-05 0.0197034 0.0911692 9.98652E-05 9.98652E-05
0.0672464 0.0151378 9.98382E-05 9.98382E-05 9.98382E-05 9.98382E-05 9.98382E-05 9.98382E-05 9.98382E-05 9.98382E-05 9.98382E-05 9.98382E-05 9.98382E-05 0.022279 9.98382E-05 0.83086 9.98382E-05 9.98382E-05 9.98382E-05 0.0626799 9.98382E-05 9.98382E-05 9.98382E-05
9.98562E-05 0.00970797 0.112501 0.0121196 9.98562E-05 9.98562E-05 0.038651 9.98562E-05 9.98562E-05 9.98562E-05 9.98562E-05 9.98562E-05 9.98562E-05 9.98562E-05 9.98562E-05 0.702516 0.113763 0.00914438 9.98562E-05 9.98562E-05 9.98562E-05 9.98562E-05 9.98562E-05
9.98024E-05 9.98024E-05 9.98024E-05 9.98024E-05 9.98024E-05 9.98024E-05 9.98024E-05 9.98024E-05 9.98024E-05 9.98024E-05 9.98024E-05 9.98024E-05 9.98024E-05 9.98024E-05 9.98024E-05 9.98024E-05 9.98024E-05 9.98024E-05 0.997804 9.98024E-05 9.98024E-05 9.98024E-05 9.98024E-05
9.98561E-05 0.0150588 9.98561E-05 9.98561E-05 9.98561E-05 9.98561E-05 9.98561E-05 0.0145875 0.0695019 9.98561E-05 9.98561E-05 9.98561E-05 0.114674 0.0932124 9.98561E-05 9.98561E-05 9.98561E-05 9.98561E-05 0.689451 9.98561E-05 9.98561E-05 0.00191674 9.98561E-05
0.205765 0.00300698 9.98472E-05 9.98472E-05 9.98472E-05 0.403645 0.0370918 9.98472E-05 9.98472E-05 9.98472E-05 9.98472E-05 9.98472E-05 9.98472E-05 9.98472E-05 9.98472E-05 9.98472E-05 9.98472E-05 9.98472E-05 0.33415 9.98472E-05 0.0146433 9.98472E-05 9.98472E-05
0.183739 9.98741E-05 9.98741E-05 9.98741E-05 9.98741E-05 0.379269 0.0423298 9.98741E-05 0.0320524 0.0499188 9.98741E-05 0.0235687 0.0271026 9.98741E-05 9.98741E-05 9.98741E-05 9.98741E-05 9.98741E-05 0.250655 9.98741E-05 9.98741E-05 0.00996766 9.98741E-05
0.142076 0.0518532 9.98651E-05 9.98651E-05 9.98651E-05 0.112441 0.00756378 0.0542401 9.98651E-05 9.98651E-05 9.98651E-05 0.129098 0.0050729 9.98651E-05 9.98651E-05 9.98651E-05 9.98651E-05 9.98651E-05 0.496158 9.98651E-05 9.98651E-05 9.98651E-05 9.98651E-05
9.98472E-05 0.00755603 9.98472E-05 9.98472E-05 9.98472E-05 0.00618951 9.98472E-05 9.98472E-05 9.98472E-05 0.126685 9.98472E-05 9.98472E-05 0.0639449 9.98472E-05 9.98472E-05 0.0417068 9.98472E-05 9.98472E-05 0.75222 9.98472E-05 9.98472E-05 9.98472E-05 9.98472E-05
9.98651E-05 9.98651E-05 9.98651E-05 9.98651E-05 0.113084 9.98651E-05 9.98651E-05 0.091917 9.98651E-05 9.98651E-05 0.0553981 9.98651E-05 9.98651E-05 9.98651E-05 9.98651E-05 9.98651E-05 0.0164485 0.0738299 0.614442 0.0229463 9.98651E-05 9.98651E-05 0.0104365
0.0583443 9.98921E-05 9.98921E-05 0.0183904 0.00604087 9.98921E-05 9.98921E-05 0.0314182 9.98921E-05 0.00418857 9.98921E-05 0.146534 9.98921E-05 9.98921E-05 0.0696199 9.98921E-05 9.98921E-05 0.0563414 0.519804 0.0815354 0.00658422 9.98921E-05 9.98921E-05
0.0350764 9.98741E-05 9.98741E-05 9.98741E-05 0.0375961 0.378037 9.98741E-05 0.0634452 0.00743828 9.98741E-05 9.98741E-05 9.98741E-05 9.98741E-05 9.98741E-05 9.98741E-05 9.98741E-05 0.0887108 0.0356621 0.348184 9.98741E-05 0.00445103 9.98741E-05 9.98741E-05
0.119141 9.9892E-05 9.9892E-05 9.9892E-05 0.0649526 9.9892E-05 9.9892E-05 9.9892E-05 0.00404602 0.0969935 0.00231409 9.9892E-05 9.9892E-05 0.13034 0.0642652 9.9892E-05 9.9892E-05 0.0404761 0.313636 9.9892E-05 0.066522 0.0961143 9.9892E-05
0.168748 9.98472E-05 9.98472E-05 9.98472E-05 9.98472E-05 9.98472E-05 9.98472E-05 0.0983219 9.98472E-05 9.98472E-05 9.98472E-05 9.98472E-05 9.98472E-05 9.98472E-05 0.580027 9.98472E-05 0.095225 0.0153404 9.98472E-05 9.98472E-05 0.0406401 9.98472E-05 9.98472E-05
0.0471591 0.247592 9.98651E-05 9.98651E-05 9.98651E-05 0.209759 9.98651E-05 0.129183 9.98651E-05 9.98651E-05 9.98651E-05 9.98651E-05 0.00959421 9.98651E-05 0.346172 9.98651E-05 9.98651E-05 9.98651E-05 9.98651E-05 9.98651E-05 9.98651E-05 0.00601997 0.00302307
9.98741E-05 0.477476 9.98741E-05 9.98741E-05 0.0941285 9.98741E-05 9.98741E-05 9.98741E-05 9.98741E-05 0.0256269 9.98741E-05 9.98741E-05 9.98741E-05 9.98741E-05 0.178106 0.0433849 9.98741E-05 9.98741E-05 0.0643821 0.0371583 0.0703499 0.00798959 9.98741E-05
9.98023E-05 9.98023E-05 9.98023E-05 9.98023E-05 9.98023E-05 9.98023E-05 9.98023E-05 9.98023E-05 9.98023E-05 9.98023E-05 9.98023E-05 9.98023E-05 9.98023E-05 9.98023E-05 0.997804 9.98023E-05 9.98023E-05 9.98023E-05 9.98023E-05 9.98023E-05 9.98023E-05 9.98023E-05 9.98023E-05
9.98651E-05 0.0114991 9.98651E-05 9.98651E-05 0.0502255 0.220262 0.137945 9.98651E-05 9.98651E-05 0.0530834 9.98651E-05 9.98651E-05 9.98651E-05 9.98651E-05 0.48416 9.98651E-05 9.98651E-05 9.98651E-05 9.98651E-05 9.98651E-05 0.0312228 0.0101045 9.98651E-05
9.99011E-05 9.99011E-05 0.197808 0.00611514 0.0280617 9.99011E-05 9.99011E-05 9.99011E-05 0.0451053 9.99011E-05 9.99011E-05 9.99011E-05 0.0532484 9.99011E-05 0.333722 0.00907816 0.0567598 0.142684 0.0717437 9.99011E-05 0.0149027 9.99011E-05 0.0396724
9.98023E-05 9.98023E-05 9.98023E-05 9.98023E-05 9.98023E-05 9.98023E-05 9.98023E-05 9.98023E-05 9.98023E-05 9.98023E-05 9.98023E-05 9.98023E-05 9.98023E-05 9.98023E-05 0.997804 9.98023E-05 9.98023E-05 9.98023E-05 9.98023E-05 9.98023E-05 9.98023E-05 9.98023E-05 9.98023E-05
9.98023E-05 0.997804 9.98023E-05 9.98023E-05 9.98023E-05 9.98023E-05 9.98023E-05 9.98023E-05 9.98023E-05 9.98023E-05 9.98023E-05 9.98023E-05 9.98023E-05 9.98023E-05 9.98023E-05 9.98023E-05 9.98023E-05 9.98023E-05 9.98023E-05 9.98023E-05 9.98023E-05 9.98023E-05 9.98023E-05
9.98113E-05 0.965552 9.98113E-05 9.98113E-05 9.98113E-05 9.98113E-05 9.98113E-05 9.98113E-05 9.98113E-05 9.98113E-05 9.98113E-05 9.98113E-05 9.98113E-05 9.98113E-05 0.0323519 9.98113E-05 9.98113E-05 9.98113E-05 9.98113E-05 9.98113E-05 9.98113E-05 9.98113E-05 9.98113E-05
9.98113E-05 9.98113E-05 9.98113E-05 9.98113E-05 9.98113E-05 9.98113E-05 0.033696 9.98113E-05 9.98113E-05 9.98113E-05 9.98113E-05 9.98113E-05 0.964208 9.98113E-05 9.98113E-05 9.98113E-05 9.98113E-05 9.98113E-05 9.98113E-05 9.98113E-05 9.98113E-05 9.98113E-05 9.98113E-05
9.98203E-05 0.00196936 9.98203E-05 9.98203E-05 9.98203E-05 9.98203E-05 9.98203E-05 9.98203E-05 9.98203E-05 9.98203E-05 9.98203E-05 9.98203E-05 0.985236 9.98203E-05 9.98203E-05 9.98203E-05 9.98203E-05 9.98203E-05 9.98203E-05 0.0107978 9.98203E-05 9.98203E-05 9.98203E-05
0.187658 9.98831E-05 9.98831E-05 0.103978 0.0338112 9.98831E-05 9.98831E-05 0.0140912 9.98831E-05 9.98831E-05 0.0238334 9.98831E-05 9.98831E-05 0.251173 0.110984 0.0556242 0.20229 0.015259 9.98831E-05 9.98831E-05 9.98831E-05 9.98831E-05 9.98831E-05
9.98113E-05 9.98113E-05 9.98113E-05 9.98113E-05 0.997098 9.98113E-05 9.98113E-05 9.98113E-05 9.98113E-05 9.98113E-05 9.98113E-05 9.98113E-05 9.98113E-05 0.000805855 9.98113E-05 9.98113E-05 9.98113E-05 9.98113E-05 9.98113E-05 9.98113E-05 9.98113E-05 9.98113E-05 9.98113E-05
0.0665268 0.0534133 0.0440836 0.128207 0.165708 9.9928E-05 0.0084526 0.087138 9.9928E-05 0.0364836 9.9928E-05 0.0127619 9.9928E-05 0.0786775 0.113126 0.0951862 9.9928E-05 9.9928E-05 9.9928E-05 9.9928E-05 0.0401667 0.0328875 0.0363825
9.98203E-05 9.98203E-05 9.98203E-05 9.98203E-05 0.948021 9.98203E-05 9.98203E-05 9.98203E-05 9.98203E-05 9.98203E-05 0.00870661 9.98203E-05 9.98203E-05 9.98203E-05 9.98203E-05 9.98203E-05 0.0412761 9.98203E-05 9.98203E-05 9.98203E-05 9.98203E-05 9.98203E-05 9.98203E-05
0.14982 9.98651E-05 9.98651E-05 0.0819625 0.113212 9.98651E-05 9.98651E-05 9.98651E-05 9.98651E-05 9.98651E-05 9.98651E-05 9.98651E-05 9.98651E-05 9.98651E-05 0.247229 0.0820344 0.0797927 9.98651E-05 0.087356 9.98651E-05 9.98651E-05 9.98651E-05 0.157096
9.98831E-05 9.98831E-05 9.98831E-05 9.98831E-05 0.255082 9.98831E-05 0.00756292 9.98831E-05 9.98831E-05 9.98831E-05 9.98831E-05 0.136194 9.98831E-05 9.98831E-05 0.161542 9.98831E-05 0.00741128 0.0207497 0.222855 0.0324148 9.98831E-05 0.0636429 0.0912476
9.98023E-05 9.98023E-05 9.98023E-05 0.997804 9.98023E-05 9.98023E-05 9.98023E-05 9.98023E-05 9.98023E-05 9.98023E-05 9.98023E-05 9.98023E-05 9.98023E-05 9.98023E-05 9.98023E-05 9.98023E-05 9.98023E-05 9.98023E-05 9.98023E-05 9.98023E-05 9.98023E-05 9.98023E-05 9.98023E-05
0.0531483 9.98651E-05 0.0693027 0.759456 9.98651E-05 9.98651E-05 0.0110369 9.98651E-05 9.98651E-05 9.98651E-05 0.0167915 9.98651E-05 9.98651E-05 9.98651E-05 9.98651E-05 0.0395788 9.98651E-05 0.0080283 9.98651E-05 9.98651E-05 9.98651E-05 9.98651E-05 0.0411599
0.986354 9.98113E-05 9.98113E-05 9.98113E-05 9.98113E-05 9.98113E-05 9.98113E-05 9.98113E-05 9.98113E-05 9.98113E-05 9.98113E-05 9.98113E-05 9.98113E-05 9.98113E-05 9.98113E-05 9.98113E-05 0.0115497 9.98113E-05 9.98113E-05 9.98113E-05 9.98113E-05 9.98113E-05 9.98113E-05
0.313698 0.0749341 9.98741E-05 0.297988 0.00396147 9.98741E-05 9.98741E-05 0.0623569 9.98741E-05 9.98741E-05 9.98741E-05 0.0834893 0.0326144 0.0367222 9.98741E-05 9.98741E-05 9.98741E-05 0.0928375 9.98741E-05 9.98741E-05 9.98741E-05 9.98741E-05 9.98741E-05
0.997804 9.98023E-05 9.98023E-05 9.98023E-05 9.98023E-05 9.98023E-05 9.98023E-05 9.98023E-05 9.98023E-05 9.98023E-05 9.98023E-05 9.98023E-05 9.98023E-05 9.98023E-05 9.98023E-05 9.98023E-05 9.98023E-05 9.98023E-05 9.98023E-05 9.98023E-05 9.98023E-05 9.98023E-05 9.98023E-05
0.120569 9.98831E-05 9.98831E-05 0.093055 9.98831E-05 9.98831E-05 9.98831E-05 0.112919 0.0298889 9.98831E-05 9.98831E-05 9.98831E-05 0.0191182 9.98831E-05 0.228063 0.0136479 0.128743 9.98831E-05 0.219969 9.98831E-05 9.98831E-05 9.98831E-05 0.0327281
0.013226 9.98741E-05 0.130549 0.477384 9.98741E-05 0.0583937 0.0342493 0.00570003 9.98741E-05 9.98741E-05 9.98741E-05 9.98741E-05 0.149492 0.0662662 9.98741E-05 9.98741E-05 9.98741E-05 9.98741E-05 9.98741E-05 9.98741E-05 0.0633425 9.98741E-05 9.98741E-05
9.98651E-05 0.0273177 9.98651E-05 9.98651E-05 9.98651E-05 0.0405879 9.98651E-05 0.426062 9.98651E-05 9.98651E-05 0.0775161 9.98651E-05 0.204569 9.98651E-05 0.024917 9.98651E-05 0.0832836 0.114248 9.98651E-05 9.98651E-05 9.98651E-05 9.98651E-05 9.98651E-05
9.98472E-05 9.98472E-05 9.98472E-05 9.98472E-05 9.98472E-05 9.98472E-05 0.0315453 0.646294 9.98472E-05 9.98472E-05 9.98472E-05 0.0958421 9.98472E-05 9.98472E-05 9.98472E-05 9.98472E-05 0.142246 9.98472E-05 9.98472E-05 9.98472E-05 9.98472E-05 0.0132752 0.0691004
0.0235926 9.98561E-05 9.98561E-05 0.0153349 9.98561E-05 9.98561E-05 0.758391 9.98561E-05 9.98561E-05 9.98561E-05 9.98561E-05 9.98561E-05 9.98561E-05 9.98561E-05 9.98561E-05 0.0257358 9.98561E-05 0.0402846 0.048721 9.98561E-05 9.98561E-05 9.98561E-05 0.0863428
9.98471E-05 9.98471E-05 9.98471E-05 9.98471E-05 0.183182 9.98471E-05 9.98471E-05 0.153121 9.98471E-05 9.98471E-05 9.98471E-05 9.98471E-05 0.394019 9.98471E-05 9.98471E-05 9.98471E-05 0.0091301 0.100185 0.158666 9.98471E-05 9.98471E-05 9.98471E-05 9.98471E-05
9.98472E-05 9.98472E-05 9.98472E-05 0.0283633 9.98472E-05 0.0528593 9.98472E-05 0.784854 9.98472E-05 9.98472E-05 9.98472E-05 9.98472E-05 9.98472E-05 0.0634535 9.98472E-05 9.98472E-05 0.0409855 9.98472E-05 0.0277873 9.98472E-05 9.98472E-05 9.98472E-05 9.98472E-05
9.98741E-05 0.0297598 0.0175157 9.98741E-05 0.337588 9.98741E-05 0.206461 0.0990851 0.0411306 9.98741E-05 9.98741E-05 0.0135181 0.227082 9.98741E-05 9.98741E-05 9.98741E-05 9.98741E-05 0.026462 9.98741E-05 9.98741E-05 9.98741E-05 9.98741E-05 9.98741E-05
0.00929708 0.0313332 9.98921E-05 9.98921E-05 0.0685888 9.98921E-05 9.98921E-05 0.569551 9.98921E-05 0.0354286 0.144684 9.98921E-05 9.98921E-05 0.0143872 0.0476884 9.98921E-05 0.0129069 9.98921E-05 0.0143135 9.98921E-05 0.0506224 9.98921E-05 9.98921E-05
9.98023E-05 9.98023E-05 9.98023E-05 9.98023E-05 9.98023E-05 9.98023E-05 9.98023E-05 0.997804 9.98023E-05 9.98023E-05 9.98023E-05 9.98023E-05 9.98023E-05 9.98023E-05 9.98023E-05 9.98023E-05 9.98023E-05 9.98023E-05 9.98023E-05 9.98023E-05 9.98023E-05 9.98023E-05 9.98023E-05
0.00176031 0.201419 9.98831E-05 9.98831E-05 0.0312604 9.98831E-05 0.271932 0.133981 0.0126689 9.98831E-05 0.07061 9.98831E-05 9.98831E-05 0.0862654 9.98831E-05 9.98831E-05 0.105296 9.98831E-05 9.98831E-05 9.98831E-05 0.0835097 9.98831E-05 9.98831E-05
0.0640875 0.106185 0.0690191 0.000714922 0.00035419 9.9901E-05 9.9901E-05 0.544382 9.9901E-05 0.0702543 9.9901E-05 9.9901E-05 0.0547124 0.00459161 9.9901E-05 0.00611474 9.9901E-05 9.9901E-05 0.047021 9.9901E-05 9.9901E-05 0.0314643 9.9901E-05
0.0767055 9.98831E-05 0.0443682 9.98831E-05 9.98831E-05 0.0799393 9.98831E-05 0.544719 0.117787 0.0262888 0.00870843 9.98831E-05 0.0558891 9.98831E-05 9.98831E-05 9.98831E-05 9.98831E-05 9.98831E-05 9.98831E-05 9.98831E-05 0.0312966 0.012999 9.98831E-05
9.98022E-05 9.98022E-05 9.98022E-05 9.98022E-05 9.98022E-05 9.98022E-05 0.997804 9.98022E-05 9.98022E-05 9.98022E-05 9.98022E-05 9.98022E-05 9.98022E-05 9.98022E-05 9.98022E-05 9.98022E-05 9.98022E-05 9.98022E-05 9.98022E-05 9.98022E-05 9.98022E-05 9.98022E-05 9.98022E-05
9.98651E-05 0.10275 9.98651E-05 9.98651E-05 0.000981133 9.98651E-05 0.120874 0.654026 9.98651E-05 0.00846446 9.98651E-05 9.98651E-05 9.98651E-05 9.98651E-05 0.0622406 9.98651E-05 9.98651E-05 0.0121911 9.98651E-05 0.0369745 9.98651E-05 9.98651E-05 9.98651E-05
9.98741E-05 0.0130634 9.98741E-05 0.0466059 0.102328 9.98741E-05 0.171705 0.319963 9.98741E-05 9.98741E-05 9.98741E-05 0.00464234 9.98741E-05 9.98741E-05 9.98741E-05 0.0629291 0.240481 9.98741E-05 0.0368844 9.98741E-05 9.98741E-05 9.98741E-05 9.98741E-05
0.046922 9.98561E-05 0.0749255 9.98561E-05 9.98561E-05 9.98561E-05 9.98561E-05 0.65199 0.0104633 9.98561E-05 9.98561E-05 9.98561E-05 9.98561E-05 9.98561E-05 0.157352 0.0377989 9.98561E-05 9.98561E-05 0.0189508 9.98561E-05 9.98561E-05 9.98561E-05 9.98561E-05
9.98562E-05 9.98562E-05 9.98562E-05 0.00395579 0.141627 9.98562E-05 9.98562E-05 0.530546 0.0533252 9.98562E-05 9.98562E-05 9.98562E-05 9.98562E-05 9.98562E-05 9.98562E-05 9.98562E-05 9.98562E-05 0.1761 0.0453292 0.0475191 9.98562E-05 9.98562E-05 9.98562E-05
9.98022E-05 9.98022E-05 9.98022E-05 9.98022E-05 9.98022E-05 9.98022E-05 9.98022E-05 9.98022E-05 9.98022E-05 9.98022E-05 9.98022E-05 9.98022E-05 9.98022E-05 9.98022E-05 9.98022E-05 9.98022E-05 9.98022E-05 0.997804 9.98022E-05 9.98022E-05 9.98022E-05 9.98022E-05 9.98022E-05
9.98831E-05 0.105634 9.98831E-05 9.98831E-05 9.98831E-05 9.98831E-05 9.98831E-05 0.104806 0.0778212 0.406909 9.98831E-05 0.0678788 0.0563004 9.98831E-05 0.0643827 9.98831E-05 9.98831E-05 0.0413254 9.98831E-05 9.98831E-05 0.0693795 0.00426496 9.98831E-05
0.0278708 0.0309547 9.98651E-05 9.98651E-05 9.98651E-05 9.98651E-05 9.98651E-05 0.0221985 9.98651E-05 0.605725 9.98651E-05 9.98651E-05 9.98651E-05 9.98651E-05 9.98651E-05 9.98651E-05 0.100468 0.0128475 9.98651E-05 9.98651E-05 9.98651E-05 0.000716464 0.197721
0.00388995 0.200251 0.000846465 0.0182913 9.98921E-05 9.98921E-05 9.98921E-05 0.0440592 9.98921E-05 0.384004 0.0247824 9.98921E-05 9.98921E-05 9.98921E-05 9.98921E-05 9.98921E-05 0.170624 0.0190021 0.102803 9.98921E-05 0.0302479 9.98921E-05 9.98921E-05
0.0514337 9.98741E-05 0.0857481 9.98741E-05 9.98741E-05 0.000125695 9.98741E-05 9.98741E-05 9.98741E-05 0.720102 0.0145558 0.0205451 9.98741E-05 9.98741E-05 9.98741E-05 9.98741E-05 9.98741E-05 9.98741E-05 0.0231041 0.0743488 9.98741E-05 0.00863827 9.98741E-05
0.059032 9.98741E-05 9.98741E-05 9.98741E-05 9.98741E-05 0.111311 0.0400212 9.98741E-05 9.98741E-05 0.486795 0.0420702 0.0430102 0.0191011 9.98741E-05 0.149584 9.98741E-05 9.98741E-05 9.98741E-05 9.98741E-05 9.98741E-05 9.98741E-05 0.0476771 9.98741E-05
9.98403E-05 9.98403E-05 9.98403E-05 9.98403E-05 0.0375974 9.98403E-05 9.98403E-05 9.98403E-05 0.0868698 0.494905 0.0173432 9.98403E-05 0.294109 9.98403E-05 0.0444376 9.98403E-05 9.98403E-05 0.023141 9.98403E-05 9.98403E-05 9.98403E-05 9.98403E-05 9.98403E-05
9.98382E-05 0.123476 9.98382E-05 9.98382E-05 9.98382E-05 9.98382E-05 9.98382E-05 0.0353246 9.98382E-05 0.789487 9.98382E-05 9.98382E-05 9.98382E-05 9.98382E-05 9.98382E-05 0.0128389 0.0370765 9.98382E-05 9.98382E-05 9.98382E-05 9.98382E-05 9.98382E-05 9.98382E-05
9.98472E-05 9.98472E-05 0.140594 9.98472E-05 9.98472E-05 0.241317 9.98472E-05 9.98472E-05 9.98472E-05 0.570176 9.98472E-05 0.0141326 0.0216425 9.98472E-05 9.98472E-05 9.98472E-05 0.0104403 9.98472E-05 9.98472E-05 9.98472E-05 9.98472E-05 9.98472E-05 9.98472E-05
9.9892E-05 9.9892E-05 0.0281716 9.9892E-05 9.9892E-05 0.0146658 0.0182116 9.9892E-05 9.9892E-05 0.53492 9.9892E-05 0.00613955 9.9892E-05 9.9892E-05 0.00156459 9.9892E-05 0.204554 0.00938122 9.9892E-05 0.0793754 9.9892E-05 0.0134852 0.0883316
9.98741E-05 0.0460994 9.98741E-05 9.98741E-05 0.0511114 0.0609643 0.0375616 9.98741E-05 9.98741E-05 0.62191 9.98741E-05 0.00819089 9.98741E-05 9.98741E-05 9.98741E-05 9.98741E-05 0.0558626 9.98741E-05 0.0459712 9.98741E-05 0.0709307 9.98741E-05 9.98741E-05
9.98651E-05 9.98651E-05 9.98651E-05 0.0700456 9.98651E-05 9.98651E-05 9.98651E-05 9.98651E-05 0.0533179 0.664537 9.98651E-05 0.004173 9.98651E-05 0.164394 9.98651E-05 0.0108695 9.98651E-05 9.98651E-05 9.98651E-05 9.98651E-05 0.0089993 9.98651E-05 0.0221651
9.98741E-05 9.98741E-05 0.0407287 9.98741E-05 9.98741E-05 0.00498147 9.98741E-05 9.98741E-05 0.0116547 0.0431153 0.0209506 9.98741E-05 0.809354 9.98741E-05 0.0049943 0.0406781 9.98741E-05 9.98741E-05 9.98741E-05 9.98741E-05 0.0221447 9.98741E-05 9.98741E-05
9.98383E-05 9.98383E-05 9.98383E-05 9.98383E-05 9.98383E-05 9.98383E-05 0.153405 9.98383E-05 9.98383E-05 0.77734 9.98383E-05 9.98383E-05 0.00982613 9.98383E-05 0.0278487 0.0297826 9.98383E-05 9.98383E-05 9.98383E-05 9.98383E-05 9.98383E-05 9.98383E-05 9.98383E-05
9.98562E-05 0.0302959 0.0177349 9.98562E-05 0.114827 9.98562E-05 9.98562E-05 9.98562E-05 9.98562E-05 0.653088 9.98562E-05 9.98562E-05 9.98562E-05 0.0597942 9.98562E-05 9.98562E-05 9.98562E-05 0.0665774 9.98562E-05 9.98562E-05 0.0560852 9.98562E-05 9.98562E-05
0.110563 9.98651E-05 0.0815949 9.98651E-05 9.98651E-05 0.0144755 9.98651E-05 9.98651E-05 0.0103356 0.678319 9.98651E-05 9.98651E-05 0.0212198 9.98651E-05 9.98651E-05 9.98651E-05 9.98651E-05 9.98651E-05 9.98651E-05 0.0784724 0.00352188 9.98651E-05 9.98651E-05
9.9883E-05 9.9883E-05 0.319771 0.0268766 0.019553 9.9883E-05 0.127622 9.9883E-05 9.9883E-05 0.341651 9.9883E-05 9.9883E-05 9.9883E-05 9.9883E-05 0.0161994 9.9883E-05 0.0511672 0.0261394 0.0369164 9.9883E-05 9.9883E-05 9.9883E-05 0.0328054
0.0529996 9.98741E-05 9.98741E-05 9.98741E-05 0.090884 0.0979159 0.00451578 9.98741E-05 0.603705 0.0310738 9.98741E-05 9.98741E-05 0.0259096 9.98741E-05 9.98741E-05 0.0461257 9.98741E-05 9.98741E-05 0.0454723 9.98741E-05 9.98741E-05 9.98741E-05 9.98741E-05
9.98383E-05 0.0235562 9.98383E-05 9.98383E-05 0.0344118 9.98383E-05 9.98383E-05 9.98383E-05 0.795707 9.98383E-05 9.98383E-05 9.98383E-05 9.98383E-05 9.98383E-05 9.98383E-05 9.98383E-05 9.98383E-05 9.98383E-05 0.0476122 0.0969156 9.98383E-05 9.98383E-05 9.98383E-05
9.98561E-05 9.98561E-05 0.0821234 9.98561E-05 9.98561E-05 0.0572922 0.204859 9.98561E-05 0.624233 0.00898748 0.0145112 9.98561E-05 9.98561E-05 0.00639563 9.98561E-05 9.98561E-05 9.98561E-05 9.98561E-05 9.98561E-05 9.98561E-05 9.98561E-05 9.98561E-05 9.98561E-05
9.98472E-05 9.98472E-05 9.98472E-05 0.0242404 9.98472E-05 9.98472E-05 9.98472E-05 0.055799 0.734406 0.0163298 9.98472E-05 9.98472E-05 9.98472E-05 9.98472E-05 9.98472E-05 9.98472E-05 9.98472E-05 9.98472E-05 0.0179738 9.98472E-05 9.98472E-05 9.98472E-05 0.149553
0.105348 9.98382E-05 9.98382E-05 9.98382E-05 9.98382E-05 9.98382E-05 9.98382E-05 9.98382E-05 0.750831 9.98382E-05 9.98382E-05 9.98382E-05 9.98382E-05 9.98382E-05 0.0346491 0.0391442 0.0682304 9.98382E-05 9.98382E-05 9.98382E-05 9.98382E-05 9.98382E-05 9.98382E-05
9.991E-05 9.991E-05 9.991E-05 9.991E-05 0.00626103 0.102818 9.991E-05 9.991E-05 0.434079 0.0626594 0.012051 0.0489195 0.00524598 9.991E-05 0.0355913 9.991E-05 0.181226 0.0258393 9.991E-05 0.00783734 9.991E-05 0.00803747 0.0684357
9.98651E-05 9.98651E-05 9.98651E-05 9.98651E-05 9.98651E-05 0.0237043 9.98651E-05 9.98651E-05 0.734308 9.98651E-05 0.0265195 9.98651E-05 9.98651E-05 9.98651E-05 9.98651E-05 9.98651E-05 0.038882 0.0568014 9.98651E-05 9.98651E-05 0.0423263 0.052122 0.0238387
9.98562E-05 9.98562E-05 9.98562E-05 0.0194864 9.98562E-05 9.98562E-05 9.98562E-05 9.98562E-05 0.689826 9.98562E-05 9.98562E-05 9.98562E-05 9.98562E-05 9.98562E-05 0.0620842 0.0895753 0.091007 0.0110926 9.98562E-05 9.98562E-05 0.0353312 9.98562E-05 9.98562E-05
9.98472E-05 9.98472E-05 9.98472E-05 0.0076603 9.98472E-05 9.98472E-05 9.98472E-05 9.98472E-05 0.894864 9.98472E-05 9.98472E-05 9.98472E-05 9.98472E-05 9.98472E-05 0.0180388 9.98472E-05 9.98472E-05 0.0608595 9.98472E-05 9.98472E-05 0.00212494 0.0147552 9.98472E-05
9.98831E-05 0.225635 0.0342736 9.98831E-05 9.98831E-05 9.98831E-05 9.98831E-05 0.0790457 0.0206484 9.98831E-05 0.00903874 9.98831E-05 0.000718027 9.98831E-05 9.98831E-05 9.98831E-05 0.508641 0.00647806 9.98831E-05 0.0806994 9.98831E-05 0.0335243 9.98831E-05
9.98202E-05 9.98202E-05 9.98202E-05 9.98202E-05 0.0761247 9.98202E-05 9.98202E-05 9.98202E-05 9.98202E-05 9.98202E-05 9.98202E-05 9.98202E-05 9.98202E-05 9.98202E-05 9.98202E-05 9.98202E-05 0.8881 9.98202E-05 9.98202E-05 9.98202E-05 9.98202E-05 9.98202E-05 0.033779
9.98473E-05 9.98473E-05 0.00861553 9.98473E-05 9.98473E-05 9.98473E-05 9.98473E-05 9.98473E-05 0.0837685 9.98473E-05 0.0523476 9.98473E-05 9.98473E-05 9.98473E-05 9.98473E-05 0.0124546 0.825652 9.98473E-05 9.98473E-05 9.98473E-05 9.98473E-05 0.0154643 9.98473E-05
9.98562E-05 0.0109151 9.98562E-05 9.98562E-05 0.00800877 9.98562E-05 9.98562E-05 9.98562E-05 9.98562E-05 9.98562E-05 9.98562E-05 9.98562E-05 9.98562E-05 9.98562E-05 9.98562E-05 9.98562E-05 0.752336 0.0382317 0.0294499 0.111096 9.98562E-05 9.98562E-05 0.0483652
9.98651E-05 0.0739625 9.98651E-05 9.98651E-05 9.98651E-05 9.98651E-05 9.98651E-05 0.027895 0.111167 9.98651E-05 9.98651E-05 9.98651E-05 9.98651E-05 9.98651E-05 9.98651E-05 0.102678 0.58868 9.98651E-05 0.0285436 0.0411645 9.98651E-05 9.98651E-05 0.0244119
0.0946697 0.00645801 9.9892E-05 0.0922417 0.043308 9.9892E-05 9.9892E-05 0.228136 9.9892E-05 9.9892E-05 9.9892E-05 0.0163373 9.9892E-05 9.9892E-05 9.9892E-05 0.0180273 0.444365 0.00354642 9.9892E-05 0.0380224 9.9892E-05 0.0136891 9.9892E-05
9.98561E-05 9.98561E-05 9.98561E-05 0.0114747 9.98561E-05 9.98561E-05 0.0392896 9.98561E-05 0.0485694 9.98561E-05 9.98561E-05 9.98561E-05 0.152054 9.98561E-05 0.194313 9.98561E-05 0.550054 9.98561E-05 9.98561E-05 9.98561E-05 9.98561E-05 0.00264806 9.98561E-05
9.98651E-05 9.98651E-05 9.98651E-05 9.98651E-05 9.98651E-05 9.98651E-05 9.98651E-05 9.98651E-05 9.98651E-05 9.98651E-05 9.98651E-05 0.0576276 9.98651E-05 0.0183503 0.0960049 0.0477041 0.684545 0.0146753 9.98651E-05 9.98651E-05 0.0548348 9.98651E-05 0.0247603
0.131279 9.98203E-05 9.98203E-05 9.98203E-05 9.98203E-05 9.98203E-05 9.98203E-05 9.98203E-05 9.98203E-05 9.98203E-05 9.98203E-05 9.98203E-05 0.0989775 9.98203E-05 9.98203E-05 9.98203E-05 0.767747 9.98203E-05 9.98203E-05 9.98203E-05 9.98203E-05 9.98203E-05 9.98203E-05
0.00260517 9.99011E-05 0.158455 9.99011E-05 0.00619304 9.99011E-05 9.99011E-05 9.99011E-05 0.052428 0.0369068 0.0277709 0.0448007 0.0314933 9.99011E-05 0.00279682 0.0478239 0.513458 9.99011E-05 0.0741689 9.99011E-05 9.99011E-05 9.99011E-05 9.99011E-05
0.0743458 0.0494001 0.0482004 0.00886258 9.98651E-05 9.98651E-05 0.175688 9.98651E-05 0.07558 9.98651E-05 9.98651E-05 9.98651E-05 9.98651E-05 9.98651E-05 9.98651E-05 9.98651E-05 0.469089 9.98651E-05 9.98651E-05 0.0973367 9.98651E-05 9.98651E-05 9.98651E-05
9.98831E-05 0.103163 0.0570124 0.043089 9.98831E-05 9.98831E-05 9.98831E-05 9.98831E-05 0.0197883 9.98831E-05 9.98831E-05 0.0469322 9.98831E-05 0.0447099 9.98831E-05 0.136462 0.50085 9.98831E-05 9.98831E-05 9.98831E-05 0.0269064 0.0197882 9.98831E-05
0.0498466 0.0329631 9.98831E-05 9.98831E-05 9.98831E-05 9.98831E-05 0.0346386 9.98831E-05 0.0293065 9.98831E-05 9.98831E-05 9.98831E-05 0.0987033 9.98831E-05 9.98831E-05 0.0511121 0.594014 9.98831E-05 0.0286001 9.98831E-05 0.0327295 9.98831E-05 0.0467879
9.98831E-05 0.0146259 0.0369452 9.98831E-05 9.98831E-05 0.113479 0.193649 9.98831E-05 9.98831E-05 0.086706 9.98831E-05 9.98831E-05 0.0529044 9.98831E-05 0.00565015 0.013509 0.473453 9.98831E-05 9.98831E-05 9.98831E-05 9.98831E-05 0.00777973 9.98831E-05
0.0433342 0.0275903 9.9883E-05 9.9883E-05 0.0636331 0.143663 0.0139905 9.9883E-05 9.9883E-05 0.233141 9.9883E-05 9.9883E-05 9.9883E-05 9.9883E-05 9.9883E-05 0.07711 0.390318 9.9883E-05 9.9883E-05 0.0017007 9.9883E-05 0.00422063 9.9883E-05
9.9892E-05 9.9892E-05 9.9892E-05 0.00900006 9.9892E-05 0.108826 0.0326965 0.251563 0.042605 0.0345577 9.9892E-05 9.9892E-05 9.9892E-05 0.0261406 0.0270417 9.9892E-05 0.423861 9.9892E-05 9.9892E-05 0.0266816 9.9892E-05 0.0158284 9.9892E-05
9.98651E-05 9.98651E-05 9.98651E-05 9.98651E-05 9.98651E-05 9.98651E-05 9.98651E-05 9.98651E-05 0.0433971 0.03072 9.98651E-05 9.98651E-05 9.98651E-05 0.0300128 0.109185 9.98651E-05 0.693303 9.98651E-05 0.0713533 9.98651E-05 0.0154407 0.00509001 9.98651E-05
0.00747099 9.98741E-05 0.0132234 9.98741E-05 9.98741E-05 0.27153 0.00729712 9.98741E-05 0.0405469 0.019708 9.98741E-05 9.98741E-05 9.98741E-05 9.98741E-05 9.98741E-05 9.98741E-05 0.568995 9.98741E-05 9.98741E-05 9.98741E-05 0.0114487 9.98741E-05 0.0583817
9.98382E-05 9.98382E-05 9.98382E-05 9.98382E-05 9.98382E-05 0.155035 9.98382E-05 9.98382E-05 9.98382E-05 0.192103 9.98382E-05 9.98382E-05 9.98382E-05 9.98382E-05 0.0132314 9.98382E-05 0.364582 0.273252 9.98382E-05 9.98382E-05 9.98382E-05 9.98382E-05 9.98382E-05
9.9901E-05 0.0494846 0.0617442 9.9901E-05 0.00686883 0.31006 9.9901E-05 9.9901E-05 9.9901E-05 0.161274 0.0781367 0.0131579 0.247271 0.0132816 9.9901E-05 9.9901E-05 0.00386257 9.9901E-05 9.9901E-05 9.9901E-05 9.9901E-05 0.00744987 0.0463096
0.0780565 9.991E-05 0.00965592 9.991E-05 9.991E-05 0.0181381 0.109327 9.991E-05 0.0978472 0.136816 0.180782 9.991E-05 9.991E-05 0.14227 0.00337573 0.0463635 0.144197 9.991E-05 9.991E-05 9.991E-05 9.991E-05 0.0258801 0.0062911
0.0260721 9.9901E-05 0.31665 9.9901E-05 0.0290467 0.0380739 0.0239196 9.9901E-05 9.9901E-05 0.272732 9.9901E-05 9.9901E-05 9.9901E-05 9.9901E-05 0.061298 0.0360543 0.164473 0.00495903 9.9901E-05 0.0252755 9.9901E-05 0.000347439 9.9901E-05
9.98741E-05 9.98741E-05 0.255937 9.98741E-05 9.98741E-05 0.0788981 0.115209 9.98741E-05 0.0100863 0.108227 9.98741E-05 9.98741E-05 0.170785 0.111321 0.0971403 9.98741E-05 0.0509983 9.98741E-05 9.98741E-05 9.98741E-05 9.98741E-05 9.98741E-05 9.98741E-05
9.98472E-05 9.98472E-05 0.102656 9.98472E-05 9.98472E-05 0.65341 9.98472E-05 9.98472E-05 0.022421 9.98472E-05 0.0735979 0.105858 9.98472E-05 0.0403595 9.98472E-05 9.98472E-05 9.98472E-05 9.98472E-05 9.98472E-05 9.98472E-05 9.98472E-05 9.98472E-05 9.98472E-05
9.99011E-05 9.99011E-05 0.111277 0.029159 0.000485824 0.618989 0.0156897 0.0356819 0.00824567 9.99011E-05 0.00502543 9.99011E-05 9.99011E-05 0.0448409 0.0346267 9.99011E-05 0.0247165 9.99011E-05 0.070163 9.99011E-05 9.99011E-05 9.99011E-05 9.99011E-05
9.98561E-05 9.98561E-05 9.98561E-05 9.98561E-05 9.98561E-05 0.580442 9.98561E-05 9.98561E-05 9.98561E-05 0.0175136 0.0994097 0.114991 9.98561E-05 9.98561E-05 9.98561E-05 9.98561E-05 9.98561E-05 0.00985135 9.98561E-05 0.0272733 9.98561E-05 9.98561E-05 0.148922
0.0077482 9.991E-05 0.0694999 0.00577305 9.991E-05 0.349752 9.991E-05 0.077966 9.991E-05 0.00395494 9.991E-05 0.0795541 9.991E-05 9.991E-05 0.0106727 0.0556175 9.991E-05 9.991E-05 9.991E-05 0.00602886 0.0810092 0.00176532 0.249659
9.98292E-05 9.98292E-05 9.98292E-05 9.98292E-05 9.98292E-05 0.836078 9.98292E-05 9.98292E-05 0.0792809 0.0811948 9.98292E-05 9.98292E-05 9.98292E-05 9.98292E-05 9.98292E-05 9.98292E-05 9.98292E-05 9.98292E-05 9.98292E-05 9.98292E-05 9.98292E-05 0.00154954 9.98292E-05
9.98472E-05 9.98472E-05 0.0200803 9.98472E-05 9.98472E-05 0.66015 9.98472E-05 9.98472E-05 9.98472E-05 9.98472E-05 9.98472E-05 9.98472E-05 9.98472E-05 9.98472E-05 9.98472E-05 0.141579 9.98472E-05 0.0514658 9.98472E-05 0.120171 9.98472E-05 9.98472E-05 0.00485656
9.98741E-05 9.98741E-05 9.98741E-05 0.0143682 9.98741E-05 0.391187 9.98741E-05 9.98741E-05 9.98741E-05 9.98741E-05 9.98741E-05 9.98741E-05 0.0597063 9.98741E-05 0.0739311 0.205085 9.98741E-05 9.98741E-05 0.0419395 0.0525373 0.0929942 9.98741E-05 0.0668532
9.9892E-05 0.00591989 0.0316814 9.9892E-05 9.9892E-05 0.371934 0.0192272 9.9892E-05 9.9892E-05 0.0865759 9.9892E-05 0.130281 0.0674233 0.0537213 9.9892E-05 0.0659554 0.026895 9.9892E-05 9.9892E-05 0.139187 9.9892E-05 9.9892E-05 9.9892E-05
9.98831E-05 9.98831E-05 9.98831E-05 0.0218006 9.98831E-05 0.691464 0.0123356 0.0568325 9.98831E-05 9.98831E-05 9.98831E-05 0.113355 9.98831E-05 0.0237408 9.98831E-05 0.00499494 9.98831E-05 9.98831E-05 9.98831E-05 0.020467 0.0374108 0.0163 9.98831E-05
9.98831E-05 0.0385213 0.0612601 9.98831E-05 0.0314514 0.370739 9.98831E-05 9.98831E-05 0.013162 9.98831E-05 0.182858 9.98831E-05 0.00685091 0.09868 9.98831E-05 0.163808 9.98831E-05 9.98831E-05 9.98831E-05 9.98831E-05 0.0313708 9.98831E-05 9.98831E-05
9.98203E-05 9.98203E-05 9.98203E-05 9.98203E-05 9.98203E-05 0.741838 9.98203E-05 9.98203E-05 9.98203E-05 9.98203E-05 9.98203E-05 9.98203E-05 9.98203E-05 9.98203E-05 9.98203E-05 9.98203E-05 9.98203E-05 9.98203E-05 9.98203E-05 0.154369 9.98203E-05 9.98203E-05 0.101796
9.98651E-05 9.98651E-05 0.283001 9.98651E-05 9.98651E-05 9.98651E-05 9.98651E-05 9.98651E-05 0.0670203 0.00779592 9.98651E-05 0.0273712 9.98651E-05 9.98651E-05 0.101002 9.98651E-05 9.98651E-05 0.00264678 9.98651E-05 0.0171672 9.98651E-05 9.98651E-05 0.492498
9.98382E-05 9.98382E-05 9.98382E-05 9.98382E-05 9.98382E-05 0.776477 9.98382E-05 9.98382E-05 9.98382E-05 9.98382E-05 0.115596 9.98382E-05 9.98382E-05 9.98382E-05 9.98382E-05 9.98382E-05 0.040532 9.98382E-05 9.98382E-05 9.98382E-05 0.0579991 0.00759867 9.98382E-05
0.010164 9.9919E-05 0.130947 9.9919E-05 9.9919E-05 0.112517 0.0136753 9.9919E-05 9.9919E-05 0.0525119 9.9919E-05 0.180702 0.00963437 0.0471311 0.0186261 0.170131 0.00841936 9.9919E-05 9.9919E-05 9.9919E-05 0.0179246 0.0182514 0.208465
9.98023E-05 9.98023E-05 9.98023E-05 9.98023E-05 9.98023E-05 9.98023E-05 9.98023E-05 9.98023E-05 9.98023E-05 9.98023E-05 9.98023E-05 9.98023E-05 9.98023E-05 9.98023E-05 9.98023E-05 9.98023E-05 9.98023E-05 9.98023E-05 9.98023E-05 9.98023E-05 0.997804 9.98023E-05 9.98023E-05
9.98562E-05 9.98562E-05 0.427791 0.029557 0.0118646 0.0385445 9.98562E-05 9.98562E-05 9.98562E-05 9.98562E-05 9.98562E-05 0.158851 9.98562E-05 9.98562E-05 9.98562E-05 9.98562E-05 9.98562E-05 0.0448407 9.98562E-05 9.98562E-05 9.98562E-05 9.98562E-05 0.286953
0.000895897 9.98831E-05 0.0145732 9.98831E-05 0.0890802 0.244809 9.98831E-05 9.98831E-05 9.98831E-05 9.98831E-05 0.109113 0.395946 9.98831E-05 0.0382518 9.98831E-05 9.98831E-05 9.98831E-05 9.98831E-05 9.98831E-05 0.0312726 9.98831E-05 0.0209134 0.0538463
9.98023E-05 9.98023E-05 9.98023E-05 9.98023E-05 9.98023E-05 9.98023E-05 9.98023E-05 9.98023E-05 9.98023E-05 9.98023E-05 9.98023E-05 9.98023E-05 9.98023E-05 9.98023E-05 9.98023E-05 9.98023E-05 9.98023E-05 9.98023E-05 9.98023E-05 9.98023E-05 0.997804 9.98023E-05 9.98023E-05
9.98472E-05 9.98472E-05 0.251081 9.98472E-05 9.98472E-05 0.101077 9.98472E-05 9.98472E-05 9.98472E-05 9.98472E-05 0.0611141 0.317467 9.98472E-05 9.98472E-05 9.98472E-05 0.11318 9.98472E-05 9.98472E-05 9.98472E-05 9.98472E-05 9.98472E-05 9.98472E-05 0.154384
0.0047503 9.98561E-05 9.98561E-05 9.98561E-05 9.98561E-05 0.248008 0.139265 9.98561E-05 9.98561E-05 9.98561E-05 9.98561E-05 0.0219925 0.0529404 9.98561E-05 9.98561E-05 9.98561E-05 0.00100096 9.98561E-05 9.98561E-05 9.98561E-05 9.98561E-05 9.98561E-05 0.530445
0.0190191 9.9901E-05 0.24897 9.9901E-05 9.9901E-05 0.20855 9.9901E-05 0.0586418 0.0188076 0.0392949 0.020676 9.9901E-05 9.9901E-05 9.9901E-05 9.9901E-05 0.016623 9.9901E-05 9.9901E-05 0.00855582 0.0148816 0.23364 9.9901E-05 0.11124
9.98921E-05 0.002582 0.0138835 9.98921E-05 9.98921E-05 0.0842644 0.0709023 9.98921E-05 0.0032495 0.00836035 0.0948751 0.65883 9.98921E-05 9.98921E-05 9.98921E-05 0.00764835 9.98921E-05 9.98921E-05 9.98921E-05 9.98921E-05 0.0458291 0.00837672 9.98921E-05
9.98741E-05 0.00367862 9.98741E-05 9.98741E-05 9.98741E-05 9.98741E-05 0.00527507 0.0379736 9.98741E-05 9.98741E-05 9.98741E-05 0.688725 0.0042696 9.98741E-05 9.98741E-05 9.98741E-05 9.98741E-05 9.98741E-05 0.0408592 0.00665442 0.0384999 9.98741E-05 0.172666
9.98652E-05 9.98652E-05 0.1806 9.98652E-05 9.98652E-05 9.98652E-05 0.0287983 9.98652E-05 9.98652E-05 9.98652E-05 0.142466 0.42192 0.0945363 0.0259141 9.98652E-05 9.98652E-05 9.98652E-05 9.98652E-05 0.0263103 9.98652E-05 0.0779572 9.98652E-05 9.98652E-05
9.98561E-05 0.0121241 0.187371 9.98561E-05 9.98561E-05 0.0559304 0.0557979 9.98561E-05 0.0155389 9.98561E-05 9.98561E-05 0.546023 9.98561E-05 9.98561E-05 9.98561E-05 9.98561E-05 9.98561E-05 9.98561E-05 9.98561E-05 9.98561E-05 0.125617 9.98561E-05 9.98561E-05
9.98831E-05 9.98831E-05 0.0495316 0.0186078 0.0275353 0.0565939 9.98831E-05 9.98831E-05 9.98831E-05 9.98831E-05 9.98831E-05 0.539107 9.98831E-05 0.0559744 9.98831E-05 0.0187846 9.98831E-05 9.98831E-05 9.98831E-05 0.00517261 9.98831E-05 0.00514458 0.22225
9.98472E-05 9.98472E-05 0.0752226 9.98472E-05 0.0656225 9.98472E-05 9.98472E-05 9.98472E-05 9.98472E-05 9.98472E-05 9.98472E-05 0.788485 9.98472E-05 9.98472E-05 9.98472E-05 9.98472E-05 0.0120268 9.98472E-05 0.0182337 9.98472E-05 9.98472E-05 0.0387117 9.98472E-05
0.0957375 9.98741E-05 0.0375046 9.98741E-05 9.98741E-05 9.98741E-05 0.0957722 9.98741E-05 0.0185738 0.0534765 9.98741E-05 0.565375 9.98741E-05 0.0676118 9.98741E-05 9.98741E-05 9.98741E-05 9.98741E-05 9.98741E-05 9.98741E-05 0.00577761 9.98741E-05 0.058773
9.98114E-05 9.98114E-05 0.22689 9.98114E-05 9.98114E-05 9.98114E-05 9.98114E-05 9.98114E-05 9.98114E-05 9.98114E-05 9.98114E-05 0.771014 9.98114E-05 9.98114E-05 9.98114E-05 9.98114E-05 9.98114E-05 9.98114E-05 9.98114E-05 9.98114E-05 9.98114E-05 9.98114E-05 9.98114E-05
9.98562E-05 9.98562E-05 9.98562E-05 9.98562E-05 9.98562E-05 9.98562E-05 9.98562E-05 9.98562E-05 0.0351383 9.98562E-05 9.98562E-05 0.740396 9.98562E-05 0.0205068 9.98562E-05 0.0269426 0.0052209 9.98562E-05 9.98562E-05 0.0109435 9.98562E-05 9.98562E-05 0.159254
9.98651E-05 9.98651E-05 9.98651E-05 9.98651E-05 0.112262 0.117131 9.98651E-05 9.98651E-05 9.98651E-05 0.000886281 9.98651E-05 0.585221 9.98651E-05 9.98651E-05 0.0294884 9.98651E-05 0.0440444 9.98651E-05 9.98651E-05 9.98651E-05 9.98651E-05 0.0373988 0.0720691
9.98472E-05 9.98472E-05 0.232854 9.98472E-05 9.98472E-05 9.98472E-05 9.98472E-05 9.98472E-05 9.98472E-05 9.98472E-05 0.067113 0.620717 9.98472E-05 9.98472E-05 9.98472E-05 9.98472E-05 9.98472E-05 0.00139892 9.98472E-05 9.98472E-05 9.98472E-05 0.00749394 0.0687262
9.98472E-05 9.98472E-05 0.200394 9.98472E-05 9.98472E-05 0.0451523 9.98472E-05 9.98472E-05 0.00127128 9.98472E-05 0.0220151 0.559117 9.98472E-05 0.170353 9.98472E-05 9.98472E-05 9.98472E-05 9.98472E-05 9.98472E-05 9.98472E-05 9.98472E-05 9.98472E-05 9.98472E-05
9.98651E-05 9.98651E-05 0.0497006 9.98651E-05 9.98651E-05 9.98651E-05 0.000841588 0.10547 9.98651E-05 9.98651E-05 9.98651E-05 0.620352 9.98651E-05 0.188787 0.0179223 9.98651E-05 9.98651E-05 9.98651E-05 9.98651E-05 9.98651E-05 0.0132396 0.00218895 9.98651E-05
9.98113E-05 9.98113E-05 9.98113E-05 9.98113E-05 9.98113E-05 9.98113E-05 9.98113E-05 9.98113E-05 9.98113E-05 9.98113E-05 9.98113E-05 0.963515 9.98113E-05 0.0343893 9.98113E-05 9.98113E-05 9.98113E-05 9.98113E-05 9.98113E-05 9.98113E-05 9.98113E-05 9.98113E-05 9.98113E-05
0.0181245 0.033109 9.98921E-05 9.98921E-05 9.98921E-05 0.000583565 9.98921E-05 0.0198024 9.98921E-05 0.0630935 0.125911 0.218806 9.98921E-05 0.0955463 9.98921E-05 0.0345334 9.98921E-05 9.98921E-05 9.98921E-05 9.98921E-05 0.0157693 9.98921E-05 0.373522
9.98741E-05 9.98741E-05 9.98741E-05 0.0173624 9.98741E-05 9.98741E-05 9.98741E-05 9.98741E-05 9.98741E-05 9.98741E-05 0.0440415 0.772313 9.98741E-05 9.98741E-05 9.98741E-05 0.000939233 0.00956781 9.98741E-05 0.00643662 0.0263696 0.0226849 9.98741E-05 0.0988869
9.991E-05 9.991E-05 9.991E-05 0.00955124 9.991E-05 0.0904134 0.0239394 9.991E-05 9.991E-05 0.0209195 0.0554683 0.440343 9.991E-05 0.105187 0.0213497 0.0577796 0.0137111 9.991E-05 9.991E-05 0.0371406 0.0112947 9.991E-05 0.111904
9.98741E-05 9.98741E-05 0.0548835 0.0204423 0.010237 0.103255 9.98741E-05 0.0627536 9.98741E-05 9.98741E-05 9.98741E-05 0.180627 9.98741E-05 9.98741E-05 9.98741E-05 9.98741E-05 9.98741E-05 9.98741E-05 9.98741E-05 0.0674254 0.00877908 9.98741E-05 0.490199
9.98651E-05 9.98651E-05 9.98651E-05 9.98651E-05 9.98651E-05 9.98651E-05 9.98651E-05 0.0249744 9.98651E-05 9.98651E-05 0.125417 0.629715 0.039195 0.0669447 0.033619 9.98651E-05 9.98651E-05 9.98651E-05 9.98651E-05 9.98651E-05 0.0611914 0.0174459 9.98651E-05
9.98114E-05 9.98114E-05 0.0322098 9.98114E-05 9.98114E-05 9.98114E-05 9.98114E-05 9.98114E-05 9.98114E-05 9.98114E-05 9.98114E-05 9.98114E-05 9.98114E-05 9.98114E-05 9.98114E-05 9.98114E-05 9.98114E-05 9.98114E-05 9.98114E-05 9.98114E-05 9.98114E-05 9.98114E-05 0.965694
9.98561E-05 9.98561E-05 0.115886 9.98561E-05 9.98561E-05 0.0626004 0.0622917 9.98561E-05 9.98561E-05 9.98561E-05 0.139096 9.98561E-05 9.98561E-05 0.0788266 9.98561E-05 9.98561E-05 9.98561E-05 9.98561E-05 9.98561E-05 9.98561E-05 9.98561E-05 0.0152319 0.52447
9.98292E-05 9.98292E-05 0.159897 9.98292E-05 0.00293876 9.98292E-05 9.98292E-05 9.98292E-05 9.98292E-05 9.98292E-05 9.98292E-05 9.98292E-05 9.98292E-05 9.98292E-05 9.98292E-05 9.98292E-05 9.98292E-05 9.98292E-05 9.98292E-05 0.0722339 9.98292E-05 9.98292E-05 0.763034
0.0118081 9.98472E-05 9.98472E-05 9.98472E-05 0.0567754 9.98472E-05 0.0101796 9.98472E-05 9.98472E-05 9.98472E-05 9.98472E-05 0.489104 9.98472E-05 9.98472E-05 9.98472E-05 9.98472E-05 9.98472E-05 0.0400439 9.98472E-05 9.98472E-05 9.98472E-05 9.98472E-05 0.390392
0.0235033 0.0168897 9.98562E-05 9.98562E-05 0.0131606 9.98562E-05 9.98562E-05 9.98562E-05 9.98562E-05 9.98562E-05 9.98562E-05 9.98562E-05 9.98562E-05 0.0145101 9.98562E-05 9.98562E-05 9.98562E-05 9.98562E-05 9.98562E-05 0.0955881 9.98562E-05 0.0183802 0.81637
