0.192488 0.150897 0.573327 9.9991E-05 0.0831873
0.142872 0.207606 0.630471 0.0160235 0.00302788
0.330755 9.9991E-05 0.534891 0.0852394 0.0490144
0.370558 0.0413825 0.582556 0.00540353 9.9991E-05
0.354411 0.0124606 0.559606 0.0734217 9.9991E-05
0.26219 9.9973E-05 0.73751 9.9973E-05 9.9973E-05
0.250908 0.0218846 0.700603 0.00737561 0.0192283
0.306801 0.0404794 0.432893 0.12976 0.0900665
0.370601 9.9982E-05 0.626846 0.00235297 9.9982E-05
0.2035 0.104128 0.570168 0.0108797 0.111324
0.367831 0.0777681 0.500764 0.0535376 9.9991E-05
0.482646 9.9973E-05 0.517054 9.9973E-05 9.9973E-05
0.274719 0.110885 0.564671 0.0496256 9.9991E-05
0.337792 0.0298209 0.563238 0.0690491 9.9991E-05
0.271621 0.0551319 0.603359 0.0697885 9.9991E-05
0.422642 0.0187586 0.501443 0.057056 9.9991E-05
0.316761 0.0512565 0.459976 0.102251 0.0697556
0.355645 0.0325663 0.498541 0.100661 0.0125876
0.444863 0.0282801 0.489431 0.0287152 0.00871082
9.997E-05 9.997E-05 0.9996 9.997E-05 9.997E-05
9.9973E-05 0.155172 0.844528 9.9973E-05 9.9973E-05
0.0205524 0.155959 0.823288 9.9982E-05 9.9982E-05
9.9982E-05 0.0643856 0.705438 0.229976 9.9982E-05
0.184986 9.9991E-05 0.539487 0.174759 0.100669
0.161014 9.9991E-05 0.765891 0.0552041 0.0177909
9.9982E-05 9.9982E-05 0.941339 0.0395893 0.0188715
0.0377719 0.0596762 0.902352 9.9982E-05 9.9982E-05
0.104687 0.124773 0.742098 0.0101304 0.0183115
0.0697927 0.0739881 0.841781 9.9991E-05 0.0143378
9.997E-05 9.997E-05 0.9996 9.997E-05 9.997E-05
9.9982E-05 0.0065873 0.985446 9.9982E-05 0.00776709
9.997E-05 9.997E-05 0.9996 9.997E-05 9.997E-05
9.9973E-05 0.0158484 0.983852 9.9973E-05 9.9973E-05
9.9973E-05 9.9973E-05 0.968145 9.9973E-05 0.031555
9.9973E-05 9.9973E-05 0.96678 0.0329204 9.9973E-05
0.0679187 9.9991E-05 0.701653 0.166108 0.06422
0.0998502 0.201445 0.565842 0.050976 0.0818862
0.0243322 0.139234 0.592467 0.243867 9.9991E-05
0.107923 9.9973E-05 0.891777 9.9973E-05 9.9973E-05
0.154349 9.9991E-05 0.826798 0.0139333 0.00482008
9.9982E-05 0.0172391 0.974001 0.00855974 9.9982E-05
0.0363641 0.130818 0.764494 0.0160171 0.0523064
0.038587 0.091892 0.814586 0.00933572 0.0455989
0.165153 9.9991E-05 0.703463 0.0344789 0.0968053
0.133199 0.12755 0.660108 0.0155297 0.0636136
0.159732 9.9991E-05 0.76228 0.0365965 0.041292
0.0787369 0.0449684 0.84643 0.0297651 9.9991E-05
9.9991E-05 0.0539384 0.791866 0.15356 0.000535249
9.997E-05 9.997E-05 0.9996 9.997E-05 9.997E-05
9.9973E-05 9.9973E-05 0.998357 9.9973E-05 0.00134331
9.997E-05 9.997E-05 0.9996 9.997E-05 9.997E-05
9.997E-05 9.997E-05 0.9996 9.997E-05 9.997E-05
0.00014737 9.9982E-05 0.991265 9.9982E-05 0.00838749
9.997E-05 9.997E-05 0.9996 9.997E-05 9.997E-05
0.0239321 9.9991E-05 0.958798 0.00768281 0.00948717
9.997E-05 9.997E-05 0.9996 9.997E-05 9.997E-05
9.997E-05 9.997E-05 0.9996 9.997E-05 9.997E-05
9.9973E-05 9.9973E-05 0.985856 9.9973E-05 0.0138445
0.312541 0.0513982 0.635861 9.9982E-05 9.9982E-05
9.9991E-05 0.0636338 0.876717 0.0030667 0.056483
0.227444 9.9991E-05 0.712135 0.0244824 0.0358387
0.135013 9.9973E-05 0.864687 9.9973E-05 9.9973E-05
9.9982E-05 0.0994652 0.829842 0.0704925 9.9982E-05
0.134088 0.0719828 0.658479 0.0440139 0.0914364
9.997E-05 9.997E-05 0.9996 9.997E-05 9.997E-05
0.0772762 9.9982E-05 0.874429 0.0480953 9.9982E-05
0.316901 9.9973E-05 0.6828 9.9973E-05 9.9973E-05
0.117937 9.9982E-05 0.862046 0.0198178 9.9982E-05
0.0690123 9.9991E-05 0.878656 0.0148278 0.0374044
0.0696915 9.9982E-05 0.916911 9.9982E-05 0.0131979
0.0845178 9.9973E-05 0.915182 9.9973E-05 9.9973E-05
0.10501 9.9991E-05 0.861356 0.0331067 0.000427629
0.14399 9.9982E-05 0.823005 9.9982E-05 0.0328052
9.9973E-05 9.9973E-05 0.983241 9.9973E-05 0.0164593
0.148997 0.0424264 0.796892 0.011585 9.9991E-05
0.158254 0.0180505 0.794315 0.0183047 0.0110765
0.1734 0.0405708 0.735056 0.0508727 9.9991E-05
0.218196 9.9982E-05 0.748304 9.9982E-05 0.0332996
0.188178 9.9973E-05 0.811522 9.9973E-05 9.9973E-05
0.0980966 9.9982E-05 0.835172 9.9982E-05 0.0665316
0.128959 9.9991E-05 0.818287 0.0125126 0.0401416
9.997E-05 9.997E-05 0.9996 9.997E-05 9.997E-05
0.0277156 9.9973E-05 0.971984 9.9973E-05 9.9973E-05
0.0602825 9.9982E-05 0.909824 0.0296937 9.9982E-05
0.116047 9.9991E-05 0.791979 0.0499015 0.041972
0.171058 9.9973E-05 0.828642 9.9973E-05 9.9973E-05
0.0151844 9.9973E-05 0.984516 9.9973E-05 9.9973E-05
0.294713 0.0198586 0.685229 9.9982E-05 9.9982E-05
0.0139801 0.00178681 0.901749 9.9991E-05 0.0823839
0.0242899 0.00945935 0.868773 9.9991E-05 0.0973781
0.144762 9.9982E-05 0.830247 0.0247914 9.9982E-05
0.116474 9.9991E-05 0.839658 0.0302701 0.0134975
0.159181 9.9991E-05 0.763808 0.0531319 0.0237791
0.0306767 9.99929E-05 0.91628 0.030009 0.0229342
0.0877934 9.9982E-05 0.896778 9.9982E-05 0.0152288
0.0463672 9.9991E-05 0.937672 0.00504762 0.0108134
0.0698664 9.9973E-05 0.929834 9.9973E-05 9.9973E-05
0.0381186 0.0770569 0.870135 0.0145894 9.9991E-05
0.0337499 0.0989209 0.762141 0.0293057 0.0758824
0.140415 0.0727674 0.708739 9.9991E-05 0.0779787
0.0668928 0.140804 0.792104 9.9982E-05 9.9982E-05
0.292534 0.0425073 0.593453 9.9991E-05 0.0714064
9.9991E-05 0.188193 0.699417 0.0219335 0.0903561
0.173829 0.0197254 0.774107 9.9991E-05 0.0322381
0.137069 9.9982E-05 0.837588 9.9982E-05 0.0251429
0.309284 9.9991E-05 0.550308 0.106091 0.0342164
0.205793 9.9991E-05 0.637422 0.0695336 0.0871514
0.266546 9.9991E-05 0.514045 0.15142 0.0678885
0.110832 0.0210079 0.753037 0.115023 9.9991E-05
0.205602 0.104698 0.616377 0.0520006 0.0213216
0.161552 9.9982E-05 0.798396 0.0398526 9.9982E-05
0.121654 9.9982E-05 0.836211 9.9982E-05 0.0419349
0.203594 0.0918547 0.680736 9.9991E-05 0.0237152
0.328978 0.0253311 0.612753 9.9991E-05 0.0328382
0.423522 9.9982E-05 0.558315 0.0179639 9.9982E-05
0.00758403 0.217599 0.626578 0.0495601 0.0986788
0.42506 9.9982E-05 0.552329 0.0224118 9.9982E-05
0.187935 9.9982E-05 0.797645 0.0142202 9.9982E-05
0.150857 9.9982E-05 0.737287 0.111657 9.9982E-05
0.116385 0.0201906 0.697001 0.166324 9.9991E-05
0.293047 9.9982E-05 0.691027 0.015726 9.9982E-05
0.264512 9.9973E-05 0.735188 9.9973E-05 9.9973E-05
0.239632 9.9982E-05 0.542219 0.217949 9.9982E-05
0.22873 9.9991E-05 0.658998 0.0847154 0.027457
0.219514 9.9982E-05 0.609944 0.170342 9.9982E-05
0.170022 9.9982E-05 0.804779 0.0249987 9.9982E-05
0.164817 0.0371918 0.650132 0.14776 9.9991E-05
0.119472 0.0766785 0.616506 0.12321 0.064134
0.241401 0.0401737 0.556572 0.103465 0.0583881
0.123521 9.9982E-05 0.781325 0.094954 9.9982E-05
0.197085 0.0549861 0.656944 0.0908846 9.9991E-05
0.127664 0.0788341 0.774201 9.9991E-05 0.019201
0.125925 0.0342442 0.814626 0.0144371 0.0107679
0.142551 0.0271369 0.74973 0.0406205 0.0399611
9.9991E-05 0.0708271 0.763075 0.133922 0.032076
0.051535 0.0432366 0.835754 0.0693744 9.9991E-05
9.9982E-05 0.0557942 0.903912 9.9982E-05 0.040094
0.108745 9.9973E-05 0.890955 9.9973E-05 9.9973E-05
0.0377831 0.0523419 0.778911 0.0460067 0.0849569
0.134034 0.0748407 0.790925 9.9982E-05 9.9982E-05
0.124118 0.0825657 0.730481 9.9991E-05 0.0627353
0.12994 9.9982E-05 0.74615 0.123711 9.9982E-05
0.215124 0.0904388 0.684412 9.9991E-05 0.00992492
0.0946502 0.0201068 0.785969 0.0991744 9.9991E-05
0.095698 9.9991E-05 0.772159 0.021338 0.110705
0.120076 0.0236557 0.717712 0.0171168 0.121439
0.100342 0.00804253 0.820141 0.0270907 0.0443832
0.0751958 0.0271459 0.873803 0.023755 9.9991E-05
0.140982 0.0800262 0.662017 0.10715 0.0098247
0.241699 0.0515305 0.649846 0.0568244 9.9991E-05
0.272736 0.0864418 0.456341 0.1428 0.0416814
0.407092 9.9991E-05 0.478188 0.0328678 0.0817519
0.303033 0.00511445 0.528324 0.049621 0.113908
0.468136 9.9991E-05 0.445405 0.0216236 0.0647347
0.027589 0.0157819 9.9991E-05 0.953333 0.00319582
9.997E-05 9.997E-05 9.997E-05 0.9996 9.997E-05
9.997E-05 9.997E-05 9.997E-05 0.9996 9.997E-05
9.997E-05 9.997E-05 9.997E-05 0.9996 9.997E-05
0.163219 0.00237253 0.0588256 0.771693 0.00388898
9.997E-05 9.997E-05 9.997E-05 0.9996 9.997E-05
9.997E-05 9.997E-05 9.997E-05 0.9996 9.997E-05
9.9973E-05 9.9973E-05 9.9973E-05 0.9805 0.0192002
9.997E-05 9.997E-05 9.997E-05 0.9996 9.997E-05
9.997E-05 9.997E-05 9.997E-05 0.9996 9.997E-05
9.997E-05 9.997E-05 9.997E-05 0.9996 9.997E-05
9.997E-05 9.997E-05 9.997E-05 0.9996 9.997E-05
9.997E-05 9.997E-05 9.997E-05 0.9996 9.997E-05
9.997E-05 9.997E-05 9.997E-05 0.9996 9.997E-05
9.997E-05 9.997E-05 9.997E-05 0.9996 9.997E-05
0.246632 9.9982E-05 0.200359 0.552809 9.9982E-05
9.9973E-05 0.00623202 9.9973E-05 0.993468 9.9973E-05
9.997E-05 9.997E-05 9.997E-05 0.9996 9.997E-05
0.501197 0.0195548 0.27096 0.191493 0.0167955
0.443123 9.9991E-05 0.422189 0.0942287 0.0403592
0.512275 9.9991E-05 0.410636 0.0744738 0.00251463
0.362504 9.9991E-05 0.408143 0.169958 0.0592952
0.473874 0.0115601 0.305095 0.172575 0.0368967
0.429283 0.0223855 0.466345 0.0818864 9.9991E-05
0.27876 0.122253 0.393927 0.170264 0.0347965
0.398437 0.013373 0.435466 0.105508 0.0472171
0.417108 9.9991E-05 0.391736 0.155336 0.03572
0.583652 9.9991E-05 0.294422 0.0744828 0.0473442
0.543725 0.0404859 0.358228 0.0359818 0.0215797
0.572217 0.0606039 0.354417 9.9991E-05 0.0126617
0.432353 9.9982E-05 0.298927 0.26852 9.9982E-05
0.505609 9.9991E-05 0.319611 0.119011 0.0556691
0.408412 0.14686 0.305647 0.100541 0.0385397
0.481435 9.9991E-05 0.385054 0.0775102 0.0559003
0.337458 0.173234 0.335854 0.1059 0.0475533
0.451018 0.0508933 0.345915 0.0348913 0.117282
0.633162 0.0541031 0.187359 0.125276 9.9991E-05
0.386568 0.120454 0.257274 0.152555 0.0831491
0.619811 9.9991E-05 0.219916 0.101843 0.0583312
0.608704 0.0485527 0.29707 0.0455729 9.9991E-05
0.436041 9.9991E-05 0.255997 0.194997 0.112865
0.59206 9.9991E-05 0.149168 0.146009 0.112663
0.731025 9.9982E-05 0.0983273 0.170448 9.9982E-05
0.530611 0.0319658 0.245641 0.121772 0.0700108
0.395455 9.9991E-05 0.326365 0.228434 0.0496469
0.594998 9.9991E-05 0.201658 0.167797 0.0354474
0.512826 0.0445387 0.33258 0.109955 9.9991E-05
0.579766 9.9991E-05 0.190378 0.165889 0.0638673
0.595224 9.9982E-05 0.345182 0.0593944 9.9982E-05
0.574232 9.9991E-05 0.254165 0.166876 0.00462719
0.81245 9.9973E-05 0.18725 9.9973E-05 9.9973E-05
0.519435 0.0645172 0.237486 0.157584 0.0209774
0.594545 9.9991E-05 0.17628 0.179683 0.0493925
0.549744 0.140826 0.197792 0.109696 0.00194122
0.451591 0.0899537 0.31493 0.115167 0.0283577
0.772017 0.0172152 0.12222 0.0884471 9.9991E-05
0.527778 0.115211 0.121079 0.235832 9.9991E-05
0.637675 0.0719583 0.146705 0.143562 9.9991E-05
0.585997 0.054005 0.147363 0.212535 9.9991E-05
0.288111 0.115918 0.374357 0.118399 0.103214
0.510378 0.0792367 0.13463 0.189313 0.0864419
0.476776 0.110012 0.117531 0.189467 0.106214
0.475423 0.0739126 0.1407 0.230744 0.0792203
0.846238 9.9982E-05 0.0332905 0.120272 9.9982E-05
0.785084 0.0201617 0.0311343 0.16352 9.9991E-05
0.458934 0.0526068 0.112644 0.258754 0.117061
0.449677 0.0945621 0.11521 0.248608 0.0919434
0.552465 0.105619 0.207689 0.0793601 0.0548666
0.471771 0.178556 0.209236 0.136225 0.00421059
0.643661 9.9982E-05 0.273868 0.0822714 9.9982E-05
0.642655 9.9982E-05 0.225864 0.131281 9.9982E-05
0.706162 9.9982E-05 0.198124 0.0955145 9.9982E-05
0.450103 0.00538258 0.264064 0.23522 0.0452312
0.477961 0.18779 0.241084 0.093065 9.9991E-05
0.599887 9.9991E-05 0.25976 0.128232 0.0120206
0.712369 9.9991E-05 0.17885 0.0453507 0.0633301
0.653717 9.9991E-05 0.193765 0.0479776 0.104441
0.573137 9.9991E-05 0.211025 0.123831 0.0919069
0.573547 9.9982E-05 0.355639 0.0706141 9.9982E-05
0.523746 9.9991E-05 0.327481 0.115378 0.0332949
0.512607 9.9991E-05 0.228462 0.170487 0.0883435
0.431118 9.9991E-05 0.254482 0.252702 0.0615973
0.518561 9.9991E-05 0.201157 0.210857 0.0693243
0.362862 0.137673 0.297096 0.194438 0.00793168
0.501638 0.135058 0.223819 0.139385 9.9991E-05
0.513071 0.0630833 0.227908 0.134694 0.0612446
0.431594 0.136949 0.213383 0.152119 0.0659558
0.53993 0.196204 0.14624 0.107541 0.010085
0.500141 9.9991E-05 0.367202 0.122065 0.0104924
0.642568 9.9991E-05 0.171463 0.0639864 0.121883
0.690892 9.9982E-05 0.207943 0.100965 9.9982E-05
0.595167 0.0561546 0.147275 0.0333723 0.168031
0.579985 0.0278475 0.275235 0.0613742 0.0555583
0.776075 0.0898365 0.098415 0.0355735 9.9991E-05
0.789871 0.103699 0.073323 0.0330069 9.9991E-05
0.760371 0.120973 0.0615113 0.0570449 9.99949E-05
0.874718 0.0500779 0.0541227 0.0209814 9.9991E-05
0.710201 0.233647 0.0331962 9.9991E-05 0.0228555
0.736718 0.153208 0.0683771 0.0415971 9.9991E-05
0.63847 0.0626282 0.0936041 0.110559 0.0947387
0.769918 0.115791 0.0829228 0.0312675 9.9991E-05
0.675832 0.0221881 0.0975615 0.102628 0.10179
0.579777 0.24099 0.0574135 0.110859 0.0109604
0.567932 0.0802511 0.0578024 0.106202 0.187812
0.537953 0.122274 0.0405909 0.1117 0.187482
0.667221 0.205999 0.0939192 0.032761 9.9991E-05
0.661859 0.0864132 0.0798225 0.0787464 0.0931594
0.618307 0.0879445 0.146699 0.0474339 0.099615
0.675223 0.137464 0.103046 0.0303036 0.053964
0.59535 0.164642 0.0565188 0.0894901 0.0939988
0.810561 0.0522982 0.0814097 0.0556315 9.9991E-05
0.820008 9.9982E-05 0.111777 0.0680154 9.9982E-05
0.829706 0.00451536 0.0924106 0.0732684 9.9991E-05
0.655192 0.156958 0.101115 0.0281036 0.0586316
0.815384 0.0815154 0.0163833 0.0503572 0.0363597
0.803369 0.0974535 0.0225242 0.0431289 0.0335242
0.865596 0.0335203 0.0297967 0.0442731 0.0268135
0.881695 0.0293758 0.00670894 0.0378111 0.0444092
0.858689 0.0408682 9.9991E-05 0.0516017 0.0487409
0.571888 9.9991E-05 0.267022 0.10145 0.0595399
0.690548 0.0407278 0.18026 0.0883647 9.9991E-05
0.662225 0.101232 0.143284 0.0807961 0.0124627
0.760764 0.072167 0.0774303 0.089539 9.9991E-05
0.784414 0.104721 0.0399778 0.00274614 0.0681408
0.795946 0.10836 0.0105341 0.0224649 0.0626949
0.683428 0.0387003 0.240063 0.0220235 0.0157849
0.718012 9.9982E-05 0.195762 0.0860258 9.9982E-05
0.765549 9.9982E-05 0.157784 0.0764671 9.9982E-05
0.838959 0.0425138 0.0155568 0.0181106 0.0848597
0.615636 0.0919395 0.146289 0.0634327 0.0827034
0.61535 0.0889866 0.148497 0.0571137 0.090053
0.926072 0.0252017 9.9982E-05 0.0485264 9.9982E-05
0.817291 0.0540771 0.0190897 0.054954 0.0545882
0.881689 0.0222567 0.0324516 0.0635032 9.9991E-05
0.741139 0.205562 0.00404156 0.0491573 9.9991E-05
0.810359 0.106306 0.0450764 0.0207465 0.0175116
0.7994 0.115351 0.0528062 9.9991E-05 0.0323431
0.852783 0.109557 0.0130183 0.00397604 0.0206659
0.856404 0.137776 0.00277254 0.00150393 0.00154308
0.843679 0.128764 9.9991E-05 0.00536919 0.0220877
0.893724 9.9982E-05 0.0252901 0.0807855 9.9982E-05
0.849665 0.136089 0.0114962 9.9991E-05 0.00265045
0.807411 0.1595 0.00858973 9.9991E-05 0.0243989
0.843422 0.151082 9.9982E-05 0.00529673 9.9982E-05
0.875769 9.9982E-05 0.0291521 0.0948785 9.9982E-05
0.83954 9.9982E-05 0.0836754 0.0765848 9.9982E-05
0.913103 9.9982E-05 0.0277898 0.0589071 9.9982E-05
0.917769 9.9982E-05 0.00688248 0.0751485 9.9982E-05
0.855091 9.9982E-05 0.0471725 0.0975364 9.9982E-05
0.862247 9.9982E-05 0.0371257 0.100427 9.9982E-05
0.89812 9.9991E-05 0.0246154 0.0704769 0.0066881
0.829589 0.0948305 0.0218327 0.0536476 9.9991E-05
0.944921 0.0547794 9.9973E-05 9.9973E-05 9.9973E-05
0.917291 0.0824092 9.9973E-05 9.9973E-05 9.9973E-05
0.898864 0.0763012 9.9982E-05 9.9982E-05 0.024635
0.948455 0.0372478 9.9982E-05 9.9982E-05 0.0140974
0.938929 0.0607713 9.9973E-05 9.9973E-05 9.9973E-05
0.822037 0.177663 9.9973E-05 9.9973E-05 9.9973E-05
0.7708 9.9991E-05 0.0637107 0.0525429 0.112847
0.721508 0.0738585 0.048088 0.0753592 0.0811863
0.702442 0.0264522 0.105743 0.0741492 0.0912136
0.768984 0.144145 9.9982E-05 9.9982E-05 0.0866713
0.895803 0.0610932 9.9982E-05 9.9982E-05 0.0429043
0.911462 0.0882376 9.9973E-05 9.9973E-05 9.9973E-05
0.679202 0.258057 9.9991E-05 0.0555289 0.00711166
0.849134 0.0900657 9.9991E-05 0.0153708 0.04533
0.840472 9.9982E-05 0.0441991 9.9982E-05 0.115129
0.879421 0.108024 9.9982E-05 9.9982E-05 0.0123546
0.958351 0.0413493 9.9973E-05 9.9973E-05 9.9973E-05
9.9991E-05 0.718294 0.150841 0.0824414 0.048323
9.9991E-05 0.733721 0.12645 0.099217 0.0405123
9.9991E-05 0.710007 0.137348 0.0850654 0.0674803
9.9991E-05 0.720005 0.159695 0.086333 0.0338677
0.00413473 0.696331 0.154968 0.0892601 0.0553056
9.9991E-05 0.777803 0.101765 0.0850057 0.0353259
9.9991E-05 0.738532 0.150813 0.0501222 0.0604336
9.9991E-05 0.703666 0.136615 0.0842586 0.0753596
0.588762 0.149043 0.133587 0.0708858 0.0577222
0.611187 0.168386 0.118664 0.0396991 0.0620647
9.9991E-05 0.711884 0.130945 0.0807859 0.0762852
0.0492948 0.586466 0.203316 0.0924133 0.0685107
9.9991E-05 0.743171 0.119535 0.0495371 0.0876563
9.9991E-05 0.731583 0.126071 0.0793055 0.0629404
9.9991E-05 0.717931 0.144477 0.0539853 0.0835073
9.9991E-05 0.727887 0.12096 0.082412 0.0686413
9.9991E-05 0.709237 0.155169 0.0785266 0.0569669
0.832222 0.0803718 0.0336327 0.0536732 9.9991E-05
0.715329 0.137661 0.0528157 0.0712273 0.0229669
0.806793 0.122603 9.9991E-05 0.0460207 0.0244831
0.925787 9.9982E-05 9.9982E-05 0.0548857 0.0191273
0.615428 0.248552 0.0454783 0.0342581 0.0562832
0.865134 0.038295 0.0252878 0.0433591 0.0279241
0.725023 0.133274 0.00673373 0.0581611 0.0768081
0.842075 0.0474741 0.0422413 0.0307239 0.0374857
0.709877 0.0922985 0.155655 9.9991E-05 0.0420699
0.640946 0.358754 9.9973E-05 9.9973E-05 9.9973E-05
0.628287 0.371413 9.9973E-05 9.9973E-05 9.9973E-05
0.694072 0.305628 9.9973E-05 9.9973E-05 9.9973E-05
0.61043 0.38927 9.9973E-05 9.9973E-05 9.9973E-05
0.631078 0.368622 9.9973E-05 9.9973E-05 9.9973E-05
0.5884 0.4113 9.9973E-05 9.9973E-05 9.9973E-05
0.699514 0.300186 9.9973E-05 9.9973E-05 9.9973E-05
0.641943 0.357757 9.9973E-05 9.9973E-05 9.9973E-05
0.652977 0.346723 9.9973E-05 9.9973E-05 9.9973E-05
0.611372 0.388328 9.9973E-05 9.9973E-05 9.9973E-05
0.641235 0.358465 9.9973E-05 9.9973E-05 9.9973E-05
0.620002 0.379698 9.9973E-05 9.9973E-05 9.9973E-05
0.631764 0.367936 9.9973E-05 9.9973E-05 9.9973E-05
0.597482 0.402218 9.9973E-05 9.9973E-05 9.9973E-05
0.592269 0.407431 9.9973E-05 9.9973E-05 9.9973E-05
0.639096 0.360605 9.9973E-05 9.9973E-05 9.9973E-05
0.655097 0.344603 9.9973E-05 9.9973E-05 9.9973E-05
0.642893 0.353491 0.00341577 9.9982E-05 9.9982E-05
0.646536 0.353164 9.9973E-05 9.9973E-05 9.9973E-05
0.643648 0.356052 9.9973E-05 9.9973E-05 9.9973E-05
0.800012 9.9991E-05 0.113597 0.0686132 0.0176781
0.826746 9.9982E-05 0.144151 9.9982E-05 0.0289031
0.705936 0.0422798 0.124975 0.103023 0.0237861
0.820944 0.00305334 0.0918134 0.0840889 9.9991E-05
0.738943 0.100433 0.0903117 0.0702126 9.9991E-05
0.79753 0.0638669 0.0243896 0.0390019 0.0752116
0.822292 9.9991E-05 0.0866761 0.0617228 0.0292092
0.718672 0.136184 0.0469058 0.0194563 0.0787816
0.813292 9.9991E-05 0.0989895 0.0739041 0.0137145
0.815304 0.0322062 0.108085 0.0443051 9.9991E-05
0.835604 0.0203506 0.082011 0.0619345 9.9991E-05
0.817583 0.044278 0.0630625 0.0327406 0.0423357
0.788624 0.0457998 0.0869987 0.0784771 9.9991E-05
0.834826 0.0123778 0.0817708 0.0709259 9.9991E-05
0.730902 0.150784 0.0251472 9.9991E-05 0.0930665
0.86842 0.0333411 9.9991E-05 0.0251279 0.0730109
0.73102 9.9991E-05 0.149816 0.0502998 0.0687644
0.840103 0.0210597 0.0861207 0.0526162 9.9991E-05
0.768097 9.9991E-05 0.139975 0.0685108 0.0233167
0.719595 0.096683 0.0955624 0.0331375 0.0550221
9.9982E-05 0.983825 0.00937977 9.9982E-05 0.00659504
0.0667799 0.788972 0.0883 9.9991E-05 0.0558484
0.0246314 0.849385 0.0631756 0.00943733 0.0533705
0.0418001 0.9579 9.9973E-05 9.9973E-05 9.9973E-05
0.0541877 0.935554 0.00191073 9.9991E-05 0.00824792
9.9973E-05 0.977039 9.9973E-05 9.9973E-05 0.0226612
0.00702163 0.992262 0.000515987 9.9982E-05 9.9982E-05
9.9982E-05 0.851891 0.128895 9.9982E-05 0.0190139
0.140533 0.859167 9.9973E-05 9.9973E-05 9.9973E-05
0.0292436 0.94866 9.9982E-05 9.9982E-05 0.0218963
0.0104232 0.988342 9.9982E-05 9.9982E-05 0.00103501
0.711015 0.123292 0.0864439 0.00694773 0.0723015
0.146871 0.811535 9.9982E-05 9.9982E-05 0.041394
9.9973E-05 0.989716 0.00998404 9.9973E-05 9.9973E-05
0.108784 0.839825 0.0159963 0.00200924 0.0333854
0.993261 9.9973E-05 9.9973E-05 9.9973E-05 0.00643929
0.974635 9.9973E-05 9.9973E-05 9.9973E-05 0.0250649
0.9996 9.997E-05 9.997E-05 9.997E-05 9.997E-05
0.987098 9.9973E-05 9.9973E-05 0.0126026 9.9973E-05
0.962172 0.0267757 9.9982E-05 9.9982E-05 0.0108524
0.849833 0.0895563 9.9982E-05 0.0604106 9.9982E-05
0.809314 0.115825 9.9982E-05 0.0746615 9.9982E-05
0.891311 0.0657858 9.9982E-05 0.0427028 9.9982E-05
0.887497 0.0686464 9.9982E-05 0.0436565 9.9982E-05
0.84298 0.0940668 9.9982E-05 0.0627529 9.9982E-05
0.844914 0.100477 9.9982E-05 0.0544088 9.9982E-05
0.83178 0.10605 9.9982E-05 0.0619695 9.9982E-05
0.827396 0.0868962 9.9982E-05 0.0855076 9.9982E-05
0.860596 0.0940609 9.9982E-05 0.0451436 9.9982E-05
0.841916 0.117029 9.9982E-05 0.0408548 9.9982E-05
0.881129 0.0953955 9.9982E-05 0.0232751 9.9982E-05
0.803231 0.134265 9.9982E-05 0.0623045 9.9982E-05
0.79667 0.123233 9.9982E-05 0.0798973 9.9982E-05
0.773684 0.150929 9.9982E-05 0.075187 9.9982E-05
0.826451 0.101155 9.9982E-05 0.0721941 9.9982E-05
0.926593 0.0731069 9.9973E-05 9.9973E-05 9.9973E-05
0.907119 0.0925806 9.9973E-05 9.9973E-05 9.9973E-05
0.907419 0.0922815 9.9973E-05 9.9973E-05 9.9973E-05
0.865012 0.134688 9.9973E-05 9.9973E-05 9.9973E-05
0.863758 0.0504799 0.0348004 9.9991E-05 0.0508613
0.902076 0.0976239 9.9973E-05 9.9973E-05 9.9973E-05
0.713789 0.26879 9.9982E-05 9.9982E-05 0.0172206
0.730072 0.269628 9.9973E-05 9.9973E-05 9.9973E-05
0.98719 0.00441818 0.00819159 9.9982E-05 9.9982E-05
0.712028 0.208028 9.9982E-05 9.9982E-05 0.0797442
0.784182 0.215518 9.9973E-05 9.9973E-05 9.9973E-05
0.86731 0.13239 9.9973E-05 9.9973E-05 9.9973E-05
0.850424 0.11668 9.9982E-05 0.0326961 9.9982E-05
0.804976 0.121061 9.9982E-05 0.0737636 9.9982E-05
0.882505 0.0705682 9.9982E-05 0.0467265 9.9982E-05
0.749822 0.211133 9.9982E-05 9.9982E-05 0.0388448
0.928815 0.0618066 9.9982E-05 0.00917848 9.9982E-05
0.828118 0.0838837 9.9991E-05 0.014134 0.0737643
0.926291 0.0283847 0.00299363 9.9991E-05 0.0422302
0.90683 0.0655165 9.9982E-05 9.9982E-05 0.0274531
0.893836 0.0719616 9.9991E-05 0.0060136 0.0280885
0.821492 0.105732 9.9991E-05 0.0524255 0.0202507
0.713441 0.286259 9.9973E-05 9.9973E-05 9.9973E-05
0.828897 0.124824 9.9991E-05 0.00764932 0.0385296
0.839913 0.114993 9.9991E-05 0.0080231 0.0369713
0.770682 0.229018 9.9973E-05 9.9973E-05 9.9973E-05
0.880828 0.112459 9.9982E-05 0.00651244 9.9982E-05
0.833421 0.166279 9.9973E-05 9.9973E-05 9.9973E-05
0.859592 0.140108 9.9973E-05 9.9973E-05 9.9973E-05
0.81267 0.18393 9.9982E-05 9.9982E-05 0.0031998
0.819701 0.179999 9.9973E-05 9.9973E-05 9.9973E-05
0.817434 0.168301 0.0140648 9.9982E-05 9.9982E-05
0.836453 0.163247 9.9973E-05 9.9973E-05 9.9973E-05
0.78863 0.201218 0.00995134 9.9982E-05 9.9982E-05
0.78069 0.169709 0.0494012 9.9982E-05 9.9982E-05
0.790849 0.208851 9.9973E-05 9.9973E-05 9.9973E-05
0.636453 0.167123 0.191418 9.9991E-05 0.00490553
0.816817 0.182884 9.9973E-05 9.9973E-05 9.9973E-05
0.911478 9.9982E-05 9.9982E-05 0.0528526 0.03547
0.993508 9.9973E-05 9.9973E-05 0.00619257 9.9973E-05
0.9547 0.0136909 9.99909E-05 9.99909E-05 0.0314089
0.9996 9.997E-05 9.997E-05 9.997E-05 9.997E-05
0.905854 9.9982E-05 9.9982E-05 0.050292 0.0436537
0.9996 9.997E-05 9.997E-05 9.997E-05 9.997E-05
0.924056 0.0615838 9.9982E-05 9.9982E-05 0.0141607
0.895853 0.0317166 0.0722309 9.9982E-05 9.9982E-05
0.938598 0.0611019 9.9973E-05 9.9973E-05 9.9973E-05
0.941561 0.0581387 9.9973E-05 9.9973E-05 9.9973E-05
0.931082 0.0686184 9.9973E-05 9.9973E-05 9.9973E-05
0.975776 0.0239239 9.9973E-05 9.9973E-05 9.9973E-05
0.947558 0.0521423 9.9973E-05 9.9973E-05 9.9973E-05
0.755505 0.178555 0.0279966 0.0378436 9.9991E-05
0.873348 0.118897 0.00755494 9.9982E-05 9.9982E-05
0.934591 0.061242 0.00396743 9.9982E-05 9.9982E-05
0.696474 0.170225 0.0264138 0.0372325 0.0696551
0.816532 0.0954376 0.0439057 9.9991E-05 0.0440246
0.961602 0.0301585 9.9982E-05 9.9982E-05 0.00803941
0.855885 0.114042 9.9982E-05 9.9982E-05 0.0298728
0.853871 0.113933 0.0319956 9.9982E-05 9.9982E-05
0.739787 0.259913 9.9973E-05 9.9973E-05 9.9973E-05
0.538733 0.340145 0.087876 9.9991E-05 0.0331458
0.658083 0.194836 0.0814681 9.9991E-05 0.0655128
0.745568 0.111309 0.0968332 9.9991E-05 0.0461894
0.856367 0.137398 9.9982E-05 9.9982E-05 0.00603545
0.68415 0.254223 0.0614266 9.9982E-05 9.9982E-05
0.731356 0.241265 0.027179 9.9982E-05 9.9982E-05
0.80673 0.151255 0.00874831 9.9991E-05 0.0331667
0.604861 0.298565 0.0561039 9.9991E-05 0.0403708
0.789697 0.196487 9.9982E-05 0.013616 9.9982E-05
0.841541 0.0982753 0.0070782 9.9991E-05 0.0530057
0.683589 0.270162 0.0460493 9.9982E-05 9.9982E-05
0.873341 0.108925 0.00865254 0.00898138 9.9991E-05
0.844019 0.155681 9.9973E-05 9.9973E-05 9.9973E-05
0.730125 0.0887132 0.0515519 0.0550898 0.0745201
0.831952 0.167748 9.9973E-05 9.9973E-05 9.9973E-05
0.542264 0.231036 0.0148182 0.0868281 0.125054
0.864367 0.135333 9.9973E-05 9.9973E-05 9.9973E-05
0.884424 0.115276 9.9973E-05 9.9973E-05 9.9973E-05
0.868218 0.109183 9.9982E-05 0.0223992 9.9982E-05
0.905461 0.0942392 9.9973E-05 9.9973E-05 9.9973E-05
0.875671 0.124029 9.9973E-05 9.9973E-05 9.9973E-05
0.878045 0.121655 9.9973E-05 9.9973E-05 9.9973E-05
0.868952 0.130748 9.9973E-05 9.9973E-05 9.9973E-05
0.866833 0.132868 9.99769E-05 9.99769E-05 9.99769E-05
0.788785 0.0796031 0.0152132 0.0333763 0.083022
0.861978 0.137722 9.9973E-05 9.9973E-05 9.9973E-05
0.875398 0.124302 9.9973E-05 9.9973E-05 9.9973E-05
0.510824 0.26907 9.9991E-05 0.114867 0.105139
0.807706 0.191994 9.9973E-05 9.9973E-05 9.9973E-05
0.841471 0.0608873 9.9991E-05 0.0741063 0.0234358
0.866642 9.9991E-05 0.106933 0.0252728 0.00105212
0.782463 0.185757 0.0315798 9.9982E-05 9.9982E-05
0.878129 9.9973E-05 0.121571 9.9973E-05 9.9973E-05
0.858566 9.9991E-05 0.121939 0.00751243 0.011883
0.574084 0.0822854 0.236506 9.9991E-05 0.107024
0.745769 9.9982E-05 0.196757 9.9982E-05 0.057274
0.820632 9.9982E-05 0.172248 0.00691964 9.9982E-05
0.817619 9.9991E-05 0.128048 0.0198099 0.034423
0.823698 9.9991E-05 0.16485 0.0082588 0.00309372
0.82449 9.9982E-05 0.159897 0.0154139 9.9982E-05
0.790222 9.9982E-05 0.170791 9.9982E-05 0.0387873
0.805731 9.9982E-05 0.169917 0.0241518 9.9982E-05
0.844031 9.9982E-05 0.126664 9.9982E-05 0.0291053
0.810235 0.00918255 0.142384 9.9991E-05 0.038099
0.846832 9.9991E-05 0.150044 0.00237849 0.000645265
0.773292 9.9991E-05 0.110772 0.0265663 0.0892702
0.795779 9.9991E-05 0.110992 0.00961049 0.0835178
0.73167 0.0169734 0.147265 0.0449394 0.0591514
0.893097 9.9973E-05 0.106603 9.9973E-05 9.9973E-05
9.997E-05 0.9996 9.997E-05 9.997E-05 9.997E-05
0.0159822 0.983718 9.9973E-05 9.9973E-05 9.9973E-05
9.997E-05 0.9996 9.997E-05 9.997E-05 9.997E-05
9.997E-05 0.9996 9.997E-05 9.997E-05 9.997E-05
9.997E-05 0.9996 9.997E-05 9.997E-05 9.997E-05
9.997E-05 0.9996 9.997E-05 9.997E-05 9.997E-05
9.997E-05 0.9996 9.997E-05 9.997E-05 9.997E-05
9.997E-05 0.9996 9.997E-05 9.997E-05 9.997E-05
0.742393 0.0300278 0.160179 0.0473193 0.020081
9.997E-05 0.9996 9.997E-05 9.997E-05 9.997E-05
9.997E-05 0.9996 9.997E-05 9.997E-05 9.997E-05
0.0204238 0.919642 0.0164524 0.0384821 0.00499984
9.997E-05 0.9996 9.997E-05 9.997E-05 9.997E-05
9.997E-05 0.9996 9.997E-05 9.997E-05 9.997E-05
9.997E-05 0.9996 9.997E-05 9.997E-05 9.997E-05
9.997E-05 0.9996 9.997E-05 9.997E-05 9.997E-05
9.997E-05 0.9996 9.997E-05 9.997E-05 9.997E-05
9.997E-05 0.9996 9.997E-05 9.997E-05 9.997E-05
9.997E-05 0.9996 9.997E-05 9.997E-05 9.997E-05
9.997E-05 0.9996 9.997E-05 9.997E-05 9.997E-05
0.427003 0.0477265 0.0964655 0.0670337 0.361771
0.376127 0.0534697 0.10055 0.0998385 0.370015
0.466322 0.0326414 0.0473462 0.0795734 0.374117
0.444388 0.0745288 0.0182177 0.108311 0.354555
0.433401 0.032579 0.0541484 0.106545 0.373326
0.478286 0.0326144 0.0881939 0.0810835 0.319823
0.410244 0.101228 0.0134756 0.0947532 0.380299
0.333464 0.0511504 0.0813086 0.109644 0.424433
0.429842 0.00205526 0.0574104 0.122264 0.388428
9.9973E-05 0.1891 9.9973E-05 9.9973E-05 0.8106
9.9973E-05 0.0800873 9.9973E-05 9.9973E-05 0.919613
9.9973E-05 0.179094 9.9973E-05 9.9973E-05 0.820606
9.9973E-05 0.118863 9.9973E-05 9.9973E-05 0.880837
9.9973E-05 0.0977126 9.9973E-05 9.9973E-05 0.901987
9.9973E-05 0.111399 9.9973E-05 9.9973E-05 0.888301
9.9973E-05 0.0910887 9.9973E-05 9.9973E-05 0.908611
9.9973E-05 0.171308 9.9973E-05 9.9973E-05 0.828393
9.9973E-05 0.127851 9.9973E-05 9.9973E-05 0.871849
0.0272014 0.217824 0.0550215 0.0016092 0.698343
0.0025348 0.124468 0.0990537 0.0027174 0.771226
9.9973E-05 0.13168 9.9973E-05 9.9973E-05 0.86802
9.9973E-05 0.0986839 9.9973E-05 9.9973E-05 0.901016
9.9973E-05 0.132667 9.9973E-05 9.9973E-05 0.867034
9.9973E-05 0.144067 9.9973E-05 9.9973E-05 0.855633
9.9973E-05 0.105751 9.9973E-05 9.9973E-05 0.893949
9.9973E-05 0.132252 9.9973E-05 9.9973E-05 0.867448
9.997E-05 9.997E-05 9.997E-05 9.997E-05 0.9996
9.997E-05 9.997E-05 9.997E-05 9.997E-05 0.9996
9.997E-05 9.997E-05 9.997E-05 9.997E-05 0.9996
9.997E-05 9.997E-05 9.997E-05 9.997E-05 0.9996
9.997E-05 9.997E-05 9.997E-05 9.997E-05 0.9996
9.997E-05 9.997E-05 9.997E-05 9.997E-05 0.9996
9.997E-05 9.997E-05 9.997E-05 9.997E-05 0.9996
9.997E-05 9.997E-05 9.997E-05 9.997E-05 0.9996
9.997E-05 9.997E-05 9.997E-05 9.997E-05 0.9996
9.997E-05 9.997E-05 9.997E-05 9.997E-05 0.9996
9.997E-05 9.997E-05 9.997E-05 9.997E-05 0.9996
9.997E-05 9.997E-05 9.997E-05 9.997E-05 0.9996
9.997E-05 9.997E-05 9.997E-05 9.997E-05 0.9996
9.997E-05 9.997E-05 9.997E-05 9.997E-05 0.9996
9.997E-05 9.997E-05 9.997E-05 9.997E-05 0.9996
0.942362 9.9991E-05 0.0214061 0.0128043 0.0233272
0.958986 9.9991E-05 0.0315084 0.00255088 0.0068552
0.98119 9.9973E-05 0.01851 9.9973E-05 9.9973E-05
0.975342 0.00263989 0.0218177 9.9982E-05 9.9982E-05
0.970322 9.9982E-05 0.0115746 0.0179038 9.9982E-05
0.429829 9.9991E-05 0.0299532 0.0201336 0.519985
0.417276 9.9991E-05 0.0241943 0.0326036 0.525826
0.396326 9.9991E-05 0.0264401 0.00881762 0.568316
0.395492 9.9991E-05 0.0601934 0.00798262 0.536232
0.395502 9.9991E-05 0.0230809 0.00674337 0.574573
0.469288 9.9973E-05 9.9973E-05 9.9973E-05 0.530412
0.374123 9.9991E-05 0.0456544 0.00930942 0.570813
0.400375 9.9991E-05 0.0378697 0.0164882 0.545167
0.36319 9.9991E-05 0.115092 0.0309713 0.490646
0.408204 9.9991E-05 0.0221981 0.0129442 0.556554
0.403758 9.9991E-05 0.0381564 0.0198134 0.538172
0.386342 9.9991E-05 0.0512592 0.0175928 0.544706
0.36958 9.9991E-05 0.0781575 0.0175035 0.534659
0.391023 9.9991E-05 0.0420517 0.0363014 0.530524
0.402596 9.9991E-05 0.0328041 0.00506361 0.559436
0.468617 9.9991E-05 0.0198856 0.0106417 0.500756
0.399121 9.9991E-05 0.0449402 0.0374979 0.518341
0.397874 9.9982E-05 0.0214241 9.9982E-05 0.580501
0.434292 9.9982E-05 0.0658895 9.9982E-05 0.499619
0.763012 0.114076 0.00925028 0.0186404 0.0950215
0.63904 0.139252 0.122028 0.0178688 0.0818117
0.672796 0.126154 0.131844 0.00274747 0.0664596
0.830904 0.0398615 0.0787207 0.0190149 0.0314988
0.714965 0.08731 0.120868 9.9991E-05 0.0767573
0.738539 0.0942705 0.0591222 0.0490289 0.0590393
0.72399 0.0977441 0.074878 0.024966 0.0784215
0.710777 0.101345 9.9991E-05 0.066184 0.121594
0.733579 0.0735149 0.0409755 0.0336342 0.118297
0.705824 0.165453 0.0827345 0.0208253 0.0251628
0.735481 0.0566946 0.0576965 0.0533596 0.0967679
0.751548 0.1359 0.0628678 9.9991E-05 0.0495845
0.793786 0.0631472 0.0211247 0.0116966 0.110246
0.736357 0.0756813 0.0836167 0.00628939 0.0980554
0.65588 0.0434464 0.0910486 0.0838491 0.125776
0.867968 0.0314466 0.0366031 0.0121999 0.0517828
0.735265 0.161042 0.0336591 0.00253621 0.0674977
0.756982 0.0782732 0.123991 9.9991E-05 0.0406543
0.765889 0.0491533 0.00137018 0.0467493 0.136838
0.665946 0.110883 0.0570425 0.0263989 0.13973
0.832598 9.9982E-05 9.9982E-05 0.0149763 0.152226
0.68725 0.119373 0.0745151 9.9991E-05 0.118763
0.86453 9.9982E-05 9.9982E-05 0.013086 0.122184
0.779704 9.9991E-05 0.0933602 0.0426524 0.0841831
0.830774 9.9982E-05 9.9982E-05 0.00406584 0.16496
0.739797 9.9991E-05 0.0707681 0.0393635 0.149971
0.739057 9.9991E-05 0.00701891 0.0424698 0.211354
0.727209 9.9991E-05 0.0883881 0.0533598 0.130944
0.752922 0.0452913 9.9991E-05 0.0111368 0.19055
0.835026 9.9991E-05 0.0194136 0.0433269 0.102133
0.603994 0.0516415 0.138342 0.00591781 0.200106
0.754922 0.0229102 0.00796959 9.9991E-05 0.214098
0.657718 0.0685454 9.9982E-05 9.9982E-05 0.273537
0.752867 0.038215 9.9991E-05 0.00742647 0.201391
0.622895 0.0995272 0.0739722 0.0265674 0.177039
0.404557 0.191828 0.120113 0.0369628 0.24654
0.496444 0.228171 0.0510904 0.0423285 0.181966
0.532516 0.205069 0.0186561 0.0641001 0.17966
0.418426 0.255581 0.0243569 0.0770946 0.224541
0.76708 9.9973E-05 9.9973E-05 9.9973E-05 0.23262
0.789256 9.9973E-05 9.9973E-05 9.9973E-05 0.210444
0.774646 9.9982E-05 0.00371121 9.9982E-05 0.221442
0.77607 9.9973E-05 9.9973E-05 9.9973E-05 0.22363
0.750389 9.9973E-05 9.9973E-05 9.9973E-05 0.249311
0.768959 9.9973E-05 9.9973E-05 9.9973E-05 0.230741
0.803469 9.9982E-05 0.000428632 9.9982E-05 0.195903
0.77124 9.9973E-05 9.9973E-05 9.9973E-05 0.228461
0.764726 9.9973E-05 9.9973E-05 9.9973E-05 0.234974
0.763665 9.9973E-05 9.9973E-05 9.9973E-05 0.236035
0.779911 9.9973E-05 9.9973E-05 9.9973E-05 0.219789
0.806125 9.9973E-05 9.9973E-05 9.9973E-05 0.193575
0.794526 9.9973E-05 9.9973E-05 9.9973E-05 0.205174
0.777814 9.9973E-05 9.9973E-05 9.9973E-05 0.221886
0.718198 9.9973E-05 9.9973E-05 9.9973E-05 0.281502
0.787223 9.9973E-05 9.9973E-05 9.9973E-05 0.212477
0.775708 9.9973E-05 9.9973E-05 9.9973E-05 0.223992
0.811614 9.9973E-05 9.9973E-05 9.9973E-05 0.188086
0.857933 9.9973E-05 9.9973E-05 9.9973E-05 0.141767
0.874501 9.9982E-05 0.0327928 9.9982E-05 0.0925064
0.891682 9.9982E-05 0.0482709 9.9982E-05 0.0598476
0.905723 9.9973E-05 9.9973E-05 9.9973E-05 0.0939768
0.917477 9.9982E-05 0.018214 9.9982E-05 0.0641094
0.979359 9.9973E-05 9.9973E-05 9.9973E-05 0.0203409
0.943291 9.9982E-05 0.0278282 9.9982E-05 0.0286809
0.877926 9.9982E-05 0.028179 9.9982E-05 0.0936953
0.842119 9.9982E-05 0.101987 9.9982E-05 0.0556942
0.908003 9.9973E-05 9.9973E-05 9.9973E-05 0.0916973
0.905846 9.9982E-05 0.0433731 9.9982E-05 0.0505811
0.898033 9.9982E-05 0.0149702 9.9982E-05 0.086797
0.767972 0.0168908 9.9991E-05 0.0288726 0.186165
0.713799 0.0590234 0.01455 0.00272937 0.209898
0.948683 9.9973E-05 9.9973E-05 9.9973E-05 0.0510167
0.654006 0.101238 0.108156 0.0647708 0.071829
0.734735 0.0157775 0.010218 0.0479195 0.19135
0.701339 0.055742 0.0454025 0.0126346 0.184882
0.725909 0.0674705 0.0266112 0.0233493 0.15666
0.855133 9.9982E-05 0.0650977 9.9982E-05 0.0795697
0.664455 0.0678998 0.0579707 0.0266585 0.183016
