9.99101E-05 0.177448 9.99101E-05 9.99101E-05 9.99101E-05 9.99101E-05 0.0548445 0.00654276 0.0123466 0.147697 0.423909 9.99101E-05 0.0107561 9.99101E-05 9.99101E-05 0.0516015 0.0128243 9.99101E-05 0.0545206 0.0465108 9.99101E-05
0.0339533 0.00897613 9.9937E-05 0.000410574 9.9937E-05 9.9937E-05 9.9937E-05 0.00818488 0.00962829 0.147588 0.508414 0.00166413 0.0133688 0.020524 9.9937E-05 0.107067 0.015949 9.9937E-05 0.0390447 0.0845263 9.9937E-05
9.98921E-05 9.98921E-05 0.105619 0.03836 9.98921E-05 0.00469186 9.98921E-05 9.98921E-05 0.0689391 0.0547789 0.606 9.98921E-05 0.0378434 9.98921E-05 9.98921E-05 9.98921E-05 9.98921E-05 0.0656133 9.98921E-05 0.0169562 9.98921E-05
9.98652E-05 9.98652E-05 9.98652E-05 9.98652E-05 9.98652E-05 9.98652E-05 9.98652E-05 9.98652E-05 9.98652E-05 9.98652E-05 0.922837 9.98652E-05 0.0383842 0.00117578 9.98652E-05 0.0241838 9.98652E-05 0.00158595 0.0103357 9.98652E-05 9.98652E-05
9.9928E-05 0.124233 0.0393545 0.052132 0.00972776 9.9928E-05 9.9928E-05 0.0166369 0.0524845 0.120758 0.459358 0.0376121 0.0420281 9.9928E-05 9.9928E-05 0.00478275 9.9928E-05 9.9928E-05 9.9928E-05 0.0132711 0.0268215
9.98383E-05 9.98383E-05 9.98383E-05 9.98383E-05 9.98383E-05 9.98383E-05 9.98383E-05 9.98383E-05 9.98383E-05 9.98383E-05 0.932738 9.98383E-05 9.98383E-05 9.98383E-05 9.98383E-05 0.0596652 9.98383E-05 9.98383E-05 0.00580003 9.98383E-05 9.98383E-05
9.98383E-05 9.98383E-05 9.98383E-05 9.98383E-05 9.98383E-05 9.98383E-05 9.98383E-05 9.98383E-05 9.98383E-05 9.98383E-05 0.955896 9.98383E-05 9.98383E-05 9.98383E-05 9.98383E-05 0.0352665 0.0070408 9.98383E-05 9.98383E-05 9.98383E-05 9.98383E-05
0.043424 0.129137 0.111468 0.0499468 9.9928E-05 9.9928E-05 9.9928E-05 0.042461 0.0148906 0.052548 0.423374 9.9928E-05 0.0176723 9.9928E-05 9.9928E-05 0.00544192 0.0370773 9.9928E-05 9.9928E-05 0.0257739 0.0459862
0.000137112 0.189092 9.98741E-05 9.98741E-05 9.98741E-05 9.98741E-05 9.98741E-05 0.041161 9.98741E-05 0.115403 0.540773 0.0390412 9.98741E-05 9.98741E-05 9.98741E-05 0.0729943 9.98741E-05 9.98741E-05 9.98741E-05 9.98741E-05 9.98741E-05
9.99191E-05 0.0953921 9.99191E-05 0.0021895 9.99191E-05 9.99191E-05 0.00415257 0.0584599 0.0352904 0.0760986 0.401744 0.00885455 0.17664 0.014185 9.99191E-05 0.0825791 0.0435157 9.99191E-05 9.99191E-05 9.99191E-05 9.99191E-05
0.0187711 9.99011E-05 0.00631368 0.0124413 0.019774 9.99011E-05 9.99011E-05 0.036412 0.0539434 9.99011E-05 0.739387 0.0825874 9.99011E-05 0.00637352 9.99011E-05 9.99011E-05 9.99011E-05 9.99011E-05 9.99011E-05 0.0228977 9.99011E-05
9.98921E-05 0.256461 0.000968963 9.98921E-05 0.00255701 0.0374158 9.98921E-05 9.98921E-05 9.98921E-05 0.0313918 0.540798 0.00852172 0.0761433 9.98921E-05 9.98921E-05 0.0445428 9.98921E-05 9.98921E-05 9.98921E-05 9.98921E-05 9.98921E-05
9.98562E-05 9.98562E-05 9.98562E-05 0.00277549 9.98562E-05 9.98562E-05 9.98562E-05 0.0139735 9.98562E-05 9.98562E-05 0.973848 9.98562E-05 9.98562E-05 0.00727851 9.98562E-05 9.98562E-05 9.98562E-05 9.98562E-05 9.98562E-05 0.00052638 9.98562E-05
9.98203E-05 9.98203E-05 9.98203E-05 9.98203E-05 9.98203E-05 9.98203E-05 9.98203E-05 9.98203E-05 9.98203E-05 9.98203E-05 0.998004 9.98203E-05 9.98203E-05 9.98203E-05 9.98203E-05 9.98203E-05 9.98203E-05 9.98203E-05 9.98203E-05 9.98203E-05 9.98203E-05
0.0163807 9.98382E-05 9.98382E-05 9.98382E-05 9.98382E-05 9.98382E-05 9.98382E-05 9.98382E-05 9.98382E-05 9.98382E-05 0.974225 9.98382E-05 9.98382E-05 9.98382E-05 9.98382E-05 9.98382E-05 9.98382E-05 9.98382E-05 9.98382E-05 9.98382E-05 0.00759769
0.0168396 9.98382E-05 9.98382E-05 9.98382E-05 9.98382E-05 0.0224306 9.98382E-05 9.98382E-05 9.98382E-05 9.98382E-05 0.958933 9.98382E-05 9.98382E-05 9.98382E-05 9.98382E-05 9.98382E-05 9.98382E-05 9.98382E-05 9.98382E-05 9.98382E-05 9.98382E-05
0.0257136 9.98741E-05 0.0209193 0.06187 9.98741E-05 9.98741E-05 0.0887954 9.98741E-05 9.98741E-05 0.0492723 0.647567 9.98741E-05 0.104464 9.98741E-05 9.98741E-05 9.98741E-05 9.98741E-05 9.98741E-05 9.98741E-05 9.98741E-05 9.98741E-05
0.00155611 9.99101E-05 0.0160981 0.0697066 9.99101E-05 9.99101E-05 0.0786402 0.00728739 0.0108542 0.0138839 0.67028 9.99101E-05 0.112276 0.00810142 9.99101E-05 9.99101E-05 9.99101E-05 0.0103174 9.99101E-05 9.99101E-05 9.99101E-05
0.0047585 9.99011E-05 0.0776284 0.0182497 9.99011E-05 9.99011E-05 0.0219045 0.0120565 0.00114066 9.99011E-05 0.695461 9.99011E-05 0.147839 9.99011E-05 9.99011E-05 9.99011E-05 9.99011E-05 0.00610554 9.99011E-05 9.99011E-05 0.013758
9.98203E-05 9.98203E-05 9.98203E-05 9.98203E-05 9.98203E-05 9.98203E-05 9.98203E-05 9.98203E-05 0.998004 9.98203E-05 9.98203E-05 9.98203E-05 9.98203E-05 9.98203E-05 9.98203E-05 9.98203E-05 9.98203E-05 9.98203E-05 9.98203E-05 9.98203E-05 9.98203E-05
0.0270746 9.99011E-05 9.99011E-05 9.99011E-05 9.99011E-05 9.99011E-05 9.99011E-05 9.99011E-05 0.281 0.416749 0.0927966 9.99011E-05 9.99011E-05 0.0120307 9.99011E-05 0.0366417 9.99011E-05 0.075064 0.0219763 0.0260191 0.00954862
0.0231976 9.99011E-05 9.99011E-05 9.99011E-05 9.99011E-05 9.99011E-05 9.99011E-05 9.99011E-05 0.229505 0.384419 0.0719537 0.0422495 9.99011E-05 0.00432812 9.99011E-05 0.0895308 9.99011E-05 0.00256954 0.0948494 0.0562987 9.99011E-05
9.98921E-05 9.98921E-05 9.98921E-05 0.207635 9.98921E-05 0.00382093 9.98921E-05 9.98921E-05 0.194774 0.146221 0.195253 9.98921E-05 9.98921E-05 0.0159173 9.98921E-05 0.193458 9.98921E-05 0.0337094 9.98921E-05 0.00801253 9.98921E-05
0.0241784 0.103224 9.9919E-05 0.100172 9.9919E-05 9.9919E-05 9.9919E-05 9.9919E-05 0.122196 0.116659 0.193726 9.9919E-05 9.9919E-05 9.9919E-05 0.0423829 0.174188 0.0719282 0.0220818 9.9919E-05 0.00861667 0.0197475
0.00879393 0.210576 9.99101E-05 0.00217174 9.99101E-05 9.99101E-05 9.99101E-05 0.051771 0.120885 0.163491 0.0892719 9.99101E-05 9.99101E-05 9.99101E-05 9.99101E-05 0.2364 0.00993638 0.0547924 9.99101E-05 9.99101E-05 0.0509113
9.98831E-05 9.98831E-05 0.00248178 9.98831E-05 9.98831E-05 9.98831E-05 9.98831E-05 9.98831E-05 0.262151 0.380738 0.19263 0.00929702 9.98831E-05 0.0169055 9.98831E-05 0.0676684 9.98831E-05 9.98831E-05 9.98831E-05 9.98831E-05 0.0668306
0.0352468 9.98921E-05 9.98921E-05 9.98921E-05 9.98921E-05 9.98921E-05 9.98921E-05 0.0312739 0.263524 0.261791 0.0567558 0.0311007 9.98921E-05 0.0321659 9.98921E-05 0.250755 9.98921E-05 9.98921E-05 9.98921E-05 9.98921E-05 0.0361878
0.0314613 0.0752307 9.99101E-05 9.99101E-05 9.99101E-05 9.99101E-05 0.0204088 9.99101E-05 0.170356 0.409518 0.161674 9.99101E-05 9.99101E-05 0.000371992 9.99101E-05 0.0307903 9.99101E-05 0.0393832 0.0234825 0.0363243 9.99101E-05
9.99011E-05 0.129784 9.99011E-05 9.99011E-05 9.99011E-05 9.99011E-05 9.99011E-05 9.99011E-05 0.152394 0.445788 0.162322 0.00420131 0.0220487 9.99011E-05 9.99011E-05 0.038846 9.99011E-05 0.0192828 0.00108674 0.0231475 9.99011E-05
9.98203E-05 9.98203E-05 9.98203E-05 9.98203E-05 9.98203E-05 9.98203E-05 9.98203E-05 9.98203E-05 0.998004 9.98203E-05 9.98203E-05 9.98203E-05 9.98203E-05 9.98203E-05 9.98203E-05 9.98203E-05 9.98203E-05 9.98203E-05 9.98203E-05 9.98203E-05 9.98203E-05
9.98382E-05 9.98382E-05 9.98382E-05 9.98382E-05 9.98382E-05 9.98382E-05 0.0042264 0.0146098 0.979367 9.98382E-05 9.98382E-05 9.98382E-05 9.98382E-05 9.98382E-05 9.98382E-05 9.98382E-05 9.98382E-05 9.98382E-05 9.98382E-05 9.98382E-05 9.98382E-05
9.98293E-05 9.98293E-05 9.98293E-05 9.98293E-05 9.98293E-05 9.98293E-05 9.98293E-05 9.98293E-05 0.962112 9.98293E-05 9.98293E-05 9.98293E-05 9.98293E-05 9.98293E-05 9.98293E-05 9.98293E-05 9.98293E-05 0.0359908 9.98293E-05 9.98293E-05 9.98293E-05
9.98203E-05 9.98203E-05 9.98203E-05 9.98203E-05 9.98203E-05 9.98203E-05 9.98203E-05 9.98203E-05 0.998004 9.98203E-05 9.98203E-05 9.98203E-05 9.98203E-05 9.98203E-05 9.98203E-05 9.98203E-05 9.98203E-05 9.98203E-05 9.98203E-05 9.98203E-05 9.98203E-05
9.98562E-05 0.019129 9.98562E-05 9.98562E-05 9.98562E-05 9.98562E-05 9.98562E-05 9.98562E-05 0.926649 0.0217647 9.98562E-05 0.00619484 9.98562E-05 9.98562E-05 9.98562E-05 9.98562E-05 0.0246651 9.98562E-05 9.98562E-05 9.98562E-05 9.98562E-05
9.98472E-05 9.98472E-05 9.98472E-05 0.0264275 9.98472E-05 9.98472E-05 9.98472E-05 9.98472E-05 0.948931 9.98472E-05 0.00159556 9.98472E-05 9.98472E-05 9.98472E-05 9.98472E-05 0.0213482 9.98472E-05 9.98472E-05 9.98472E-05 9.98472E-05 9.98472E-05
0.00475098 0.062459 0.0284242 0.146509 0.0528513 9.99101E-05 0.0213782 9.99101E-05 0.185506 0.258391 9.99101E-05 9.99101E-05 9.99101E-05 9.99101E-05 9.99101E-05 0.175244 0.00583114 9.99101E-05 9.99101E-05 0.0576565 9.99101E-05
9.9928E-05 9.9928E-05 9.9928E-05 0.0163462 9.9928E-05 0.0668358 0.050672 9.9928E-05 0.169864 0.174346 0.112311 0.0111954 9.9928E-05 0.198906 9.9928E-05 0.0679877 0.043247 9.9928E-05 0.0273022 0.0402623 0.0199245
9.98831E-05 9.98831E-05 9.98831E-05 0.22708 9.98831E-05 9.98831E-05 9.98831E-05 9.98831E-05 0.151059 0.0880809 0.218708 9.98831E-05 9.98831E-05 0.0647585 9.98831E-05 0.197947 9.98831E-05 0.0375097 9.98831E-05 0.0135589 9.98831E-05
9.98741E-05 9.98741E-05 0.0075749 9.98741E-05 9.98741E-05 0.0637074 0.00904564 9.98741E-05 9.98741E-05 0.67353 0.0920317 9.98741E-05 9.98741E-05 9.98741E-05 9.98741E-05 0.133981 9.98741E-05 9.98741E-05 9.98741E-05 9.98741E-05 0.0187312
9.99191E-05 0.0746314 9.99191E-05 0.00296902 0.000986114 0.0543768 9.99191E-05 0.0365661 0.00703592 0.473336 0.133591 0.00887962 9.99191E-05 9.99191E-05 9.99191E-05 0.0933046 9.99191E-05 0.0299956 9.99191E-05 9.99191E-05 0.0834281
9.98921E-05 9.98921E-05 9.98921E-05 9.98921E-05 9.98921E-05 0.0115536 9.98921E-05 9.98921E-05 0.00903897 0.61776 0.0878445 9.98921E-05 9.98921E-05 0.017248 9.98921E-05 0.123326 0.0187359 9.98921E-05 9.98921E-05 0.00898382 0.104311
9.98921E-05 9.98921E-05 9.98921E-05 9.98921E-05 0.0171115 9.98921E-05 0.0430048 9.98921E-05 0.0648434 0.55261 0.171943 0.0156228 0.0405726 0.0928423 9.98921E-05 0.000250885 9.98921E-05 9.98921E-05 9.98921E-05 9.98921E-05 9.98921E-05
9.99011E-05 9.99011E-05 9.99011E-05 9.99011E-05 9.99011E-05 0.050692 9.99011E-05 9.99011E-05 0.0107155 0.714278 0.0683577 9.99011E-05 9.99011E-05 0.028604 0.0138752 9.99011E-05 0.00902476 0.0211333 9.99011E-05 0.0431555 0.0390654
9.98921E-05 0.0970056 0.0931956 0.0249815 9.98921E-05 0.0044976 0.0988033 9.98921E-05 9.98921E-05 0.623404 9.98921E-05 9.98921E-05 9.98921E-05 9.98921E-05 9.98921E-05 9.98921E-05 0.0220501 0.00133606 9.98921E-05 9.98921E-05 0.0335272
0.0140152 9.99101E-05 9.99101E-05 0.00164527 9.99101E-05 0.0337882 0.123238 9.99101E-05 0.0445862 0.553506 0.0497208 9.99101E-05 0.0918748 0.0169639 9.99101E-05 0.00463414 9.99101E-05 9.99101E-05 9.99101E-05 0.0650281 9.99101E-05
9.98921E-05 9.98921E-05 9.98921E-05 0.0274659 9.98921E-05 0.00367062 0.00296912 9.98921E-05 0.0755934 0.573102 0.0860262 9.98921E-05 0.154271 9.98921E-05 9.98921E-05 9.98921E-05 9.98921E-05 9.98921E-05 9.98921E-05 0.0233286 0.052374
9.98921E-05 9.98921E-05 9.98921E-05 9.98921E-05 9.98921E-05 9.98921E-05 9.98921E-05 0.0381391 0.0576833 0.72898 0.0554379 0.00053026 9.98921E-05 9.98921E-05 9.98921E-05 0.0101909 9.98921E-05 0.0560878 0.0242164 9.98921E-05 0.0275356
9.98742E-05 0.0808745 9.98742E-05 0.0898063 9.98742E-05 9.98742E-05 9.98742E-05 0.0465841 0.0290299 0.706698 0.0343637 9.98742E-05 9.98742E-05 9.98742E-05 9.98742E-05 9.98742E-05 9.98742E-05 9.98742E-05 0.0112449 9.98742E-05 9.98742E-05
9.98383E-05 0.00264819 9.98383E-05 9.98383E-05 9.98383E-05 9.98383E-05 9.98383E-05 9.98383E-05 9.98383E-05 9.98383E-05 9.98383E-05 0.00217998 9.98383E-05 9.98383E-05 9.98383E-05 9.98383E-05 9.98383E-05 9.98383E-05 9.98383E-05 9.98383E-05 0.993375
9.98562E-05 9.98562E-05 9.98562E-05 9.98562E-05 9.98562E-05 9.98562E-05 0.0165015 9.98562E-05 9.98562E-05 9.98562E-05 0.0221039 0.00489827 9.98562E-05 9.98562E-05 9.98562E-05 9.98562E-05 0.00325102 9.98562E-05 9.98562E-05 9.98562E-05 0.951648
9.98203E-05 9.98203E-05 9.98203E-05 9.98203E-05 9.98203E-05 9.98203E-05 9.98203E-05 9.98203E-05 9.98203E-05 9.98203E-05 9.98203E-05 9.98203E-05 9.98203E-05 9.98203E-05 9.98203E-05 9.98203E-05 9.98203E-05 9.98203E-05 9.98203E-05 9.98203E-05 0.998004
9.98203E-05 9.98203E-05 9.98203E-05 9.98203E-05 9.98203E-05 9.98203E-05 9.98203E-05 9.98203E-05 9.98203E-05 9.98203E-05 9.98203E-05 9.98203E-05 9.98203E-05 9.98203E-05 9.98203E-05 9.98203E-05 9.98203E-05 9.98203E-05 9.98203E-05 9.98203E-05 0.998004
9.98293E-05 9.98293E-05 9.98293E-05 9.98293E-05 9.98293E-05 9.98293E-05 9.98293E-05 9.98293E-05 9.98293E-05 9.98293E-05 9.98293E-05 9.98293E-05 0.001373 9.98293E-05 9.98293E-05 9.98293E-05 9.98293E-05 9.98293E-05 9.98293E-05 9.98293E-05 0.99673
9.98203E-05 9.98203E-05 9.98203E-05 9.98203E-05 9.98203E-05 9.98203E-05 9.98203E-05 9.98203E-05 9.98203E-05 9.98203E-05 9.98203E-05 9.98203E-05 9.98203E-05 9.98203E-05 9.98203E-05 9.98203E-05 9.98203E-05 9.98203E-05 9.98203E-05 9.98203E-05 0.998004
9.98652E-05 9.98652E-05 9.98652E-05 0.00311503 9.98652E-05 9.98652E-05 0.0193749 9.98652E-05 9.98652E-05 9.98652E-05 9.98652E-05 9.98652E-05 0.017388 0.00706054 9.98652E-05 9.98652E-05 9.98652E-05 9.98652E-05 9.98652E-05 0.004528 0.947036
9.98472E-05 9.98472E-05 9.98472E-05 9.98472E-05 9.98472E-05 9.98472E-05 9.98472E-05 0.00268342 0.00388987 9.98472E-05 9.98472E-05 9.98472E-05 9.98472E-05 9.98472E-05 9.98472E-05 9.98472E-05 9.98472E-05 9.98472E-05 0.00274526 9.98472E-05 0.988984
9.98203E-05 9.98203E-05 9.98203E-05 9.98203E-05 9.98203E-05 9.98203E-05 9.98203E-05 9.98203E-05 9.98203E-05 9.98203E-05 9.98203E-05 9.98203E-05 9.98203E-05 9.98203E-05 9.98203E-05 9.98203E-05 9.98203E-05 9.98203E-05 9.98203E-05 9.98203E-05 0.998004
9.98562E-05 9.98562E-05 9.98562E-05 9.98562E-05 9.98562E-05 9.98562E-05 9.98562E-05 9.98562E-05 9.98562E-05 0.618133 0.11936 0.00139412 9.98562E-05 9.98562E-05 9.98562E-05 0.107255 9.98562E-05 9.98562E-05 9.98562E-05 9.98562E-05 0.15226
0.017621 9.99011E-05 0.0302887 9.99011E-05 0.0120435 9.99011E-05 9.99011E-05 0.0846118 9.99011E-05 0.264658 0.0935474 9.99011E-05 9.99011E-05 9.99011E-05 0.0761656 0.333178 9.99011E-05 9.99011E-05 0.0723034 9.99011E-05 0.0144839
9.99101E-05 0.104863 9.99101E-05 9.99101E-05 9.99101E-05 9.99101E-05 0.00992784 9.99101E-05 0.0132522 0.265499 9.99101E-05 0.00412716 0.039391 9.99101E-05 9.99101E-05 0.425167 0.00761517 9.99101E-05 0.016681 0.047441 0.0650369
9.98831E-05 9.98831E-05 0.0753159 9.98831E-05 9.98831E-05 9.98831E-05 9.98831E-05 0.0874068 9.98831E-05 0.312236 0.0899953 0.0411846 9.98831E-05 9.98831E-05 9.98831E-05 0.338 0.0443766 9.98831E-05 9.98831E-05 0.0101867 9.98831E-05
9.98921E-05 9.98921E-05 0.046187 9.98921E-05 0.0274015 0.0507797 9.98921E-05 9.98921E-05 0.0850709 0.286835 9.98921E-05 9.98921E-05 0.0667197 9.98921E-05 9.98921E-05 0.416646 9.98921E-05 9.98921E-05 9.98921E-05 0.000314557 0.0188471
9.98831E-05 0.0194738 9.98831E-05 0.0217264 9.98831E-05 9.98831E-05 9.98831E-05 9.98831E-05 0.0468066 0.38613 0.0883629 9.98831E-05 9.98831E-05 0.0506155 9.98831E-05 0.297447 9.98831E-05 9.98831E-05 9.98831E-05 0.0881392 9.98831E-05
0.00256465 0.0804545 9.9937E-05 0.0168377 0.0827822 9.9937E-05 9.9937E-05 0.00268484 0.0948107 0.321141 0.0433822 0.0510203 9.9937E-05 9.9937E-05 9.9937E-05 0.0848816 0.0890237 0.000822324 9.9937E-05 0.0891798 0.0397152
9.98293E-05 9.98293E-05 9.98293E-05 9.98293E-05 9.98293E-05 9.98293E-05 9.98293E-05 9.98293E-05 0.00789736 9.98293E-05 9.98293E-05 9.98293E-05 9.98293E-05 9.98293E-05 9.98293E-05 0.990206 9.98293E-05 9.98293E-05 9.98293E-05 9.98293E-05 9.98293E-05
9.98831E-05 0.0228363 9.98831E-05 0.0226596 9.98831E-05 9.98831E-05 0.0201248 9.98831E-05 0.00513706 9.98831E-05 0.046985 0.0254101 9.98831E-05 0.000224175 9.98831E-05 0.855324 9.98831E-05 9.98831E-05 9.98831E-05 9.98831E-05 9.98831E-05
0.0299012 9.98921E-05 9.98921E-05 9.98921E-05 0.0186864 9.98921E-05 9.98921E-05 0.058602 9.98921E-05 0.263927 0.0476192 9.98921E-05 9.98921E-05 9.98921E-05 0.0964304 0.366761 9.98921E-05 9.98921E-05 0.0926522 9.98921E-05 0.0242211
9.99101E-05 0.00815928 9.99101E-05 0.0133259 0.0126183 9.99101E-05 0.00643444 0.0268248 0.00938011 0.0342523 0.0548361 0.0221399 0.00385769 9.99101E-05 9.99101E-05 0.807172 9.99101E-05 9.99101E-05 9.99101E-05 9.99101E-05 9.99101E-05
9.98651E-05 9.98651E-05 9.98651E-05 9.98651E-05 9.98651E-05 9.98651E-05 0.0879209 0.0283506 9.98651E-05 0.180542 9.98651E-05 9.98651E-05 9.98651E-05 0.0102041 9.98651E-05 0.668659 9.98651E-05 9.98651E-05 9.98651E-05 9.98651E-05 0.0228254
9.98831E-05 9.98831E-05 9.98831E-05 9.98831E-05 9.98831E-05 9.98831E-05 0.0727636 0.0123761 0.00155514 0.215949 0.0124659 9.98831E-05 9.98831E-05 0.0170007 9.98831E-05 0.657447 9.98831E-05 9.98831E-05 9.98831E-05 9.98831E-05 0.0091439
9.98741E-05 9.98741E-05 9.98741E-05 9.98741E-05 9.98741E-05 9.98741E-05 0.0716151 0.0375211 9.98741E-05 0.218894 0.00534462 9.98741E-05 9.98741E-05 9.98741E-05 9.98741E-05 0.639857 9.98741E-05 9.98741E-05 9.98741E-05 0.00882066 0.0165494
9.98562E-05 0.108995 9.98562E-05 9.98562E-05 9.98562E-05 9.98562E-05 9.98562E-05 9.98562E-05 9.98562E-05 0.205457 0.0250419 9.98562E-05 9.98562E-05 9.98562E-05 9.98562E-05 0.62162 9.98562E-05 0.0372879 9.98562E-05 9.98562E-05 9.98562E-05
9.99101E-05 9.99101E-05 0.0737476 9.99101E-05 9.99101E-05 0.0115778 0.0497439 0.0257013 0.0986557 0.198678 0.0479935 9.99101E-05 9.99101E-05 9.99101E-05 0.018674 0.410979 9.99101E-05 0.00448475 9.99101E-05 9.99101E-05 0.0587658
9.98741E-05 9.98741E-05 9.98741E-05 9.98741E-05 9.98741E-05 9.98741E-05 9.98741E-05 0.057417 0.0829752 0.435977 0.0525578 9.98741E-05 9.98741E-05 9.98741E-05 9.98741E-05 0.316255 9.98741E-05 9.98741E-05 9.98741E-05 0.0367663 0.0166531
9.98292E-05 9.98292E-05 9.98292E-05 9.98292E-05 9.98292E-05 9.98292E-05 9.98292E-05 9.98292E-05 9.98292E-05 9.98292E-05 9.98292E-05 9.98292E-05 0.045102 9.98292E-05 9.98292E-05 0.953001 9.98292E-05 9.98292E-05 9.98292E-05 9.98292E-05 9.98292E-05
9.98292E-05 9.98292E-05 9.98292E-05 9.98292E-05 9.98292E-05 9.98292E-05 9.98292E-05 9.98292E-05 9.98292E-05 9.98292E-05 9.98292E-05 9.98292E-05 0.0378367 9.98292E-05 9.98292E-05 0.960267 9.98292E-05 9.98292E-05 9.98292E-05 9.98292E-05 9.98292E-05
0.0530455 9.98561E-05 0.0266903 9.98561E-05 9.98561E-05 9.98561E-05 9.98561E-05 9.98561E-05 9.98561E-05 9.98561E-05 9.98561E-05 9.98561E-05 0.0896256 9.98561E-05 9.98561E-05 0.79422 9.98561E-05 0.0348211 9.98561E-05 9.98561E-05 9.98561E-05
9.98382E-05 9.98382E-05 9.98382E-05 9.98382E-05 9.98382E-05 9.98382E-05 9.98382E-05 9.98382E-05 9.98382E-05 9.98382E-05 9.98382E-05 0.00287367 0.0473614 9.98382E-05 9.98382E-05 0.947968 9.98382E-05 9.98382E-05 9.98382E-05 9.98382E-05 9.98382E-05
0.0621677 9.98831E-05 0.0346793 9.98831E-05 0.0230332 0.0319619 9.98831E-05 9.98831E-05 9.98831E-05 0.545611 9.98831E-05 9.98831E-05 9.98831E-05 9.98831E-05 0.0269462 0.185602 9.98831E-05 9.98831E-05 9.98831E-05 9.98831E-05 0.0887005
9.98652E-05 0.225683 9.98652E-05 9.98652E-05 9.98652E-05 9.98652E-05 9.98652E-05 0.0345631 9.98652E-05 0.589766 9.98652E-05 9.98652E-05 9.98652E-05 9.98652E-05 9.98652E-05 0.0272967 0.0236218 9.98652E-05 9.98652E-05 9.98652E-05 0.0975711
9.99101E-05 9.99101E-05 9.99101E-05 9.99101E-05 9.99101E-05 0.0436388 9.99101E-05 9.99101E-05 0.0643751 0.440748 0.140525 0.0200367 9.99101E-05 9.99101E-05 0.0954444 0.121 0.0184813 0.00077295 9.99101E-05 0.0219969 0.0319815
9.98652E-05 9.98652E-05 9.98652E-05 9.98652E-05 9.98652E-05 9.98652E-05 9.98652E-05 9.98652E-05 0.0554773 0.711261 0.0230125 9.98652E-05 9.98652E-05 9.98652E-05 9.98652E-05 0.130427 9.98652E-05 9.98652E-05 9.98652E-05 0.00320785 0.0751162
0.0263483 9.98921E-05 9.98921E-05 9.98921E-05 0.0280462 9.98921E-05 0.00276229 9.98921E-05 0.105005 0.598179 0.0447237 9.98921E-05 9.98921E-05 9.98921E-05 9.98921E-05 0.110903 9.98921E-05 9.98921E-05 0.00475409 9.98921E-05 0.0780792
9.98742E-05 9.98742E-05 9.98742E-05 9.98742E-05 9.98742E-05 0.0724205 9.98742E-05 9.98742E-05 9.98742E-05 0.515711 0.0719036 0.0351242 9.98742E-05 0.00558908 9.98742E-05 0.278419 9.98742E-05 9.98742E-05 9.98742E-05 9.98742E-05 0.0194336
0.0263371 0.0745426 9.99281E-05 0.0306992 0.00566333 9.99281E-05 0.0020606 0.0105204 0.0297799 0.530718 9.99281E-05 0.0387632 9.99281E-05 9.99281E-05 9.99281E-05 0.155181 0.0253157 9.99281E-05 9.99281E-05 0.00328678 0.0663321
0.042962 9.99011E-05 0.0159871 9.99011E-05 9.99011E-05 0.00916524 9.99011E-05 0.0114026 0.017088 0.517052 9.99011E-05 0.00672472 0.0850357 9.99011E-05 9.99011E-05 0.246793 9.99011E-05 9.99011E-05 9.99011E-05 9.99011E-05 0.0466906
9.98473E-05 9.98473E-05 9.98473E-05 9.98473E-05 9.98473E-05 0.0334116 9.98473E-05 9.98473E-05 9.98473E-05 0.628089 9.98473E-05 9.98473E-05 9.98473E-05 9.98473E-05 9.98473E-05 0.281752 9.98473E-05 9.98473E-05 9.98473E-05 9.98473E-05 0.0550505
0.00595818 9.9937E-05 9.9937E-05 9.9937E-05 0.00525629 0.0462056 9.9937E-05 0.0450821 0.031249 0.531538 0.00730405 9.9937E-05 0.0792769 0.00289461 0.0276922 0.108786 9.9937E-05 0.0601577 0.042664 9.9937E-05 0.0052358
9.9919E-05 0.00723111 0.00168907 9.9919E-05 9.9919E-05 9.9919E-05 0.039031 9.9919E-05 0.0397345 0.561675 0.0379617 0.0243602 0.0158718 0.0374987 9.9919E-05 0.176131 0.0296522 9.9919E-05 9.9919E-05 9.9919E-05 0.0282641
9.98921E-05 9.98921E-05 9.98921E-05 9.98921E-05 9.98921E-05 9.98921E-05 0.073764 9.98921E-05 0.0331228 0.505229 0.0929132 0.0205872 9.98921E-05 0.0430193 9.98921E-05 0.187497 0.00694574 9.98921E-05 9.98921E-05 9.98921E-05 0.0357226
0.0127133 9.99011E-05 9.99011E-05 0.024796 9.99011E-05 0.00484209 9.99011E-05 0.0110496 0.0798426 0.597436 9.99011E-05 9.99011E-05 0.0761764 9.99011E-05 9.99011E-05 0.0338721 9.99011E-05 9.99011E-05 9.99011E-05 0.0687385 0.0894342
9.99011E-05 0.0285293 9.99011E-05 0.0426042 9.99011E-05 0.0321793 9.99011E-05 0.0311258 0.0694949 0.599883 9.99011E-05 9.99011E-05 0.00684889 9.99011E-05 9.99011E-05 0.058446 9.99011E-05 9.99011E-05 9.99011E-05 0.058276 0.0715133
9.98921E-05 9.98921E-05 0.0250106 0.0458925 9.98921E-05 9.98921E-05 0.0807597 9.98921E-05 9.98921E-05 0.583316 9.98921E-05 0.0585172 9.98921E-05 9.98921E-05 9.98921E-05 0.123211 9.98921E-05 9.98921E-05 0.0293544 0.0337218 0.0190178
9.98741E-05 9.98741E-05 9.98741E-05 9.98741E-05 9.98741E-05 9.98741E-05 9.98741E-05 0.0804876 0.0221995 0.647417 9.98741E-05 0.0274262 9.98741E-05 9.98741E-05 9.98741E-05 0.155652 9.98741E-05 9.98741E-05 9.98741E-05 0.0396419 0.0257773
9.99101E-05 0.00211768 9.99101E-05 9.99101E-05 9.99101E-05 9.99101E-05 9.99101E-05 0.0182572 0.0419845 0.577162 0.062805 0.0569407 9.99101E-05 9.99101E-05 9.99101E-05 0.190408 0.00168227 9.99101E-05 0.0326326 0.00183922 0.0131724
9.98921E-05 9.98921E-05 9.98921E-05 9.98921E-05 9.98921E-05 0.00501844 0.0573941 0.0086714 0.0235446 0.54833 0.0775109 0.0242743 9.98921E-05 9.98921E-05 9.98921E-05 0.213494 9.98921E-05 9.98921E-05 9.98921E-05 9.98921E-05 0.0405642
0.0324519 0.0315751 9.98832E-05 9.98832E-05 0.0155702 9.98832E-05 9.98832E-05 9.98832E-05 0.0974589 0.411414 9.98832E-05 0.0976365 9.98832E-05 9.98832E-05 9.98832E-05 0.273204 9.98832E-05 9.98832E-05 9.98832E-05 9.98832E-05 0.0393916
0.0254708 9.98832E-05 9.98832E-05 9.98832E-05 9.98832E-05 9.98832E-05 0.0382849 0.0684752 9.98832E-05 0.517686 0.00537571 9.98832E-05 9.98832E-05 9.98832E-05 9.98832E-05 0.250138 9.98832E-05 9.98832E-05 9.98832E-05 0.054142 0.0391289
9.99101E-05 0.013566 0.00594864 0.00129398 9.99101E-05 9.99101E-05 9.99101E-05 0.127067 9.99101E-05 0.73155 9.99101E-05 9.99101E-05 0.000741689 0.022719 9.99101E-05 9.99101E-05 0.0100701 9.99101E-05 0.00887573 0.0516749 0.0254945
9.98741E-05 0.155587 9.98741E-05 9.98741E-05 9.98741E-05 9.98741E-05 0.0311207 9.98741E-05 9.98741E-05 0.668494 9.98741E-05 0.0383809 9.98741E-05 0.0415284 9.98741E-05 9.98741E-05 0.032506 9.98741E-05 9.98741E-05 0.030985 9.98741E-05
9.98921E-05 9.98921E-05 0.00698343 9.98921E-05 9.98921E-05 9.98921E-05 0.00399245 0.0553759 9.98921E-05 0.698217 0.119775 9.98921E-05 0.0636996 0.026635 9.98921E-05 0.0190028 9.98921E-05 9.98921E-05 0.00512035 9.98921E-05 9.98921E-05
0.0327048 0.128826 9.99101E-05 9.99101E-05 9.99101E-05 0.0597878 9.99101E-05 0.0145818 0.0232149 0.530541 0.0375949 0.0956656 9.99101E-05 0.0597408 0.00864985 9.99101E-05 0.00769376 9.99101E-05 9.99101E-05 9.99101E-05 9.99101E-05
0.0528983 9.98921E-05 9.98921E-05 9.98921E-05 9.98921E-05 9.98921E-05 9.98921E-05 0.0400732 9.98921E-05 0.606157 9.98921E-05 0.0515809 9.98921E-05 0.0716344 9.98921E-05 0.00550214 0.0657709 9.98921E-05 9.98921E-05 0.064092 0.0410929
0.0310472 9.98921E-05 0.13561 9.98921E-05 0.0142594 9.98921E-05 9.98921E-05 9.98921E-05 9.98921E-05 0.732123 9.98921E-05 9.98921E-05 9.98921E-05 9.98921E-05 9.98921E-05 0.00843053 0.00260521 0.01375 9.98921E-05 0.0119914 0.0489845
9.98562E-05 0.0366823 9.98562E-05 9.98562E-05 9.98562E-05 9.98562E-05 0.0215033 9.98562E-05 9.98562E-05 0.850815 9.98562E-05 9.98562E-05 9.98562E-05 9.98562E-05 9.98562E-05 9.98562E-05 9.98562E-05 0.0237717 0.0656296 9.98562E-05 9.98562E-05
9.99011E-05 0.161792 9.99011E-05 0.0848625 9.99011E-05 9.99011E-05 0.0346798 0.0055508 9.99011E-05 0.478585 0.0313855 9.99011E-05 0.0535906 9.99011E-05 0.102759 9.99011E-05 0.0133597 0.0323373 9.99011E-05 9.99011E-05 9.99011E-05
9.99011E-05 0.0741665 9.99011E-05 0.00917686 9.99011E-05 0.0187111 0.0247499 9.99011E-05 9.99011E-05 0.610103 9.99011E-05 0.148905 0.051895 9.99011E-05 0.00894976 9.99011E-05 0.0515519 9.99011E-05 9.99011E-05 0.000692023 9.99011E-05
0.00190042 0.226696 9.99011E-05 0.0844365 9.99011E-05 9.99011E-05 0.0469007 9.99011E-05 9.99011E-05 0.518322 0.0221477 9.99011E-05 0.0144398 9.99011E-05 9.99011E-05 9.99011E-05 0.0414845 0.0312401 9.99011E-05 0.0113333 9.99011E-05
0.0140565 0.138406 9.98831E-05 0.0634377 0.0186068 9.98831E-05 9.98831E-05 9.98831E-05 9.98831E-05 0.709445 0.0418287 9.98831E-05 9.98831E-05 9.98831E-05 9.98831E-05 9.98831E-05 0.00235959 0.0105609 9.98831E-05 9.98831E-05 9.98831E-05
0.0718516 0.221597 9.98921E-05 9.98921E-05 9.98921E-05 9.98921E-05 9.98921E-05 9.98921E-05 0.0401916 0.481749 0.0212318 9.98921E-05 0.10904 0.0420197 9.98921E-05 0.00775195 0.00336867 9.98921E-05 9.98921E-05 9.98921E-05 9.98921E-05
9.98831E-05 9.98831E-05 0.13848 0.0262541 9.98831E-05 9.98831E-05 9.98831E-05 9.98831E-05 0.0323979 0.53634 0.0883357 9.98831E-05 9.98831E-05 9.98831E-05 0.0114684 9.98831E-05 9.98831E-05 0.0718421 9.98831E-05 9.98831E-05 0.0935836
0.0144349 9.99191E-05 0.0174391 9.99191E-05 0.0172806 0.0130563 9.99191E-05 9.99191E-05 0.0187792 0.77038 0.0307276 9.99191E-05 0.00500343 9.99191E-05 0.0410108 9.99191E-05 0.0370324 9.99191E-05 0.0130146 9.99191E-05 0.020942
0.0833801 0.0325655 9.99011E-05 9.99011E-05 0.0254312 9.99011E-05 0.0881088 0.0472321 9.99011E-05 0.625203 9.99011E-05 9.99011E-05 9.99011E-05 0.000976951 9.99011E-05 0.0376795 9.99011E-05 9.99011E-05 0.0442597 0.0140645 9.99011E-05
9.99101E-05 0.0256546 9.99101E-05 9.99101E-05 9.99101E-05 0.0489404 0.023081 0.0144296 9.99101E-05 0.579579 9.99101E-05 0.064639 0.0148196 0.0532686 9.99101E-05 9.99101E-05 9.99101E-05 0.0998319 0.0236715 9.99101E-05 0.0510856
0.0308009 9.9928E-05 0.00373888 0.0565131 0.0223852 0.0186162 9.9928E-05 0.141254 0.0427015 0.494524 9.9928E-05 0.047493 9.9928E-05 0.0490983 0.0583115 0.0230076 9.9928E-05 0.0107567 9.9928E-05 9.9928E-05 9.9928E-05
0.133694 9.99011E-05 9.99011E-05 0.0547909 9.99011E-05 9.99011E-05 9.99011E-05 9.99011E-05 0.0138467 0.535168 9.99011E-05 0.0324715 9.99011E-05 0.010806 9.99011E-05 9.99011E-05 0.0961261 0.0370532 9.99011E-05 0.0606053 0.0243394
0.0449337 9.991E-05 9.991E-05 0.0353922 9.991E-05 0.0274233 9.991E-05 0.125027 0.0373673 0.505241 9.991E-05 0.0259241 0.0133218 0.0479122 0.134694 9.991E-05 9.991E-05 9.991E-05 9.991E-05 9.991E-05 0.00176432
9.98741E-05 9.98741E-05 0.129014 9.98741E-05 9.98741E-05 9.98741E-05 9.98741E-05 9.98741E-05 0.0378466 0.609294 0.0496407 9.98741E-05 9.98741E-05 9.98741E-05 0.0655876 9.98741E-05 9.98741E-05 0.0444425 9.98741E-05 9.98741E-05 0.0627768
0.024519 0.137119 9.99011E-05 0.055721 9.99011E-05 9.99011E-05 9.99011E-05 0.0558906 0.0289542 0.507783 0.106792 9.99011E-05 9.99011E-05 9.99011E-05 9.99011E-05 0.0585185 9.99011E-05 0.00962788 9.99011E-05 0.0139756 9.99011E-05
0.0500423 0.0277773 0.0626164 0.126106 9.98921E-05 9.98921E-05 9.98921E-05 9.98921E-05 9.98921E-05 0.537628 0.129101 9.98921E-05 9.98921E-05 9.98921E-05 9.98921E-05 0.0592252 9.98921E-05 0.00173528 9.98921E-05 0.00457012 9.98921E-05
9.99191E-05 9.99191E-05 9.99191E-05 0.00963071 0.0975249 0.0366259 0.0243028 9.99191E-05 0.0593288 0.601125 0.00528312 0.0143798 0.0802174 9.99191E-05 0.00576434 0.02114 9.99191E-05 9.99191E-05 9.99191E-05 0.043778 9.99191E-05
9.99101E-05 9.99101E-05 9.99101E-05 9.99101E-05 0.0472574 0.0515888 9.99101E-05 9.99101E-05 0.021857 0.651178 0.0257597 0.00988556 0.0292599 9.99101E-05 0.0673196 0.0315733 9.99101E-05 0.0233485 9.99101E-05 0.0399729 9.99101E-05
9.99011E-05 9.99011E-05 9.99011E-05 0.159369 0.0203155 0.00395195 0.0138712 9.99011E-05 0.0015246 0.587084 9.99011E-05 0.0149855 0.132663 9.99011E-05 9.99011E-05 9.99011E-05 9.99011E-05 0.0380546 9.99011E-05 9.99011E-05 0.0270819
0.0414974 0.15023 0.0564597 0.0167397 9.9919E-05 9.9919E-05 0.00903358 9.9919E-05 0.0629059 0.579947 0.010665 0.0232933 0.0231166 0.0250757 9.9919E-05 9.9919E-05 0.000136776 9.9919E-05 9.9919E-05 9.9919E-05 9.9919E-05
9.98831E-05 9.98831E-05 9.98831E-05 0.145724 9.98831E-05 9.98831E-05 0.0149359 9.98831E-05 9.98831E-05 0.602588 0.0162451 9.98831E-05 0.0711718 9.98831E-05 0.0767687 9.98831E-05 9.98831E-05 0.0401863 9.98831E-05 9.98831E-05 0.0310823
9.98831E-05 9.98831E-05 9.98831E-05 9.98831E-05 9.98831E-05 9.98831E-05 9.98831E-05 9.98831E-05 0.0256541 0.724146 0.107015 0.00885005 0.0288949 9.98831E-05 0.0729167 9.98831E-05 9.98831E-05 0.0201798 9.98831E-05 0.0110454 9.98831E-05
9.98741E-05 0.24819 9.98741E-05 0.0881215 9.98741E-05 9.98741E-05 9.98741E-05 9.98741E-05 9.98741E-05 0.572588 9.98741E-05 0.0241366 0.0349097 0.00300548 9.98741E-05 9.98741E-05 9.98741E-05 9.98741E-05 9.98741E-05 0.0276503 9.98741E-05
9.98921E-05 9.98921E-05 0.00408723 0.0832262 9.98921E-05 9.98921E-05 0.0183216 9.98921E-05 9.98921E-05 0.642537 9.98921E-05 9.98921E-05 9.98921E-05 0.065703 0.0357451 9.98921E-05 0.0431128 0.0496463 9.98921E-05 0.0564219 9.98921E-05
9.99011E-05 9.99011E-05 9.99011E-05 0.0652947 0.0194433 9.99011E-05 0.0148426 9.99011E-05 9.99011E-05 0.628884 9.99011E-05 9.99011E-05 9.99011E-05 0.00946426 0.0565097 9.99011E-05 0.0244365 0.0718275 9.99011E-05 0.105202 0.00299636
9.98921E-05 9.98921E-05 0.0341873 0.0612163 0.0040014 0.0272986 9.98921E-05 9.98921E-05 0.0370079 0.642601 0.159783 9.98921E-05 9.98921E-05 9.98921E-05 9.98921E-05 9.98921E-05 9.98921E-05 0.012747 9.98921E-05 0.0199591 9.98921E-05
9.98831E-05 9.98831E-05 0.00987581 0.0379389 9.98831E-05 9.98831E-05 9.98831E-05 9.98831E-05 9.98831E-05 0.660117 9.98831E-05 9.98831E-05 0.143986 9.98831E-05 0.00189906 9.98831E-05 9.98831E-05 0.0603606 0.024856 0.0596681 9.98831E-05
0.053583 9.98921E-05 0.00550343 9.98921E-05 9.98921E-05 9.98921E-05 0.021321 0.0552535 9.98921E-05 0.721506 9.98921E-05 0.0430223 9.98921E-05 9.98921E-05 9.98921E-05 0.0321632 9.98921E-05 9.98921E-05 0.0424353 0.0240132 9.98921E-05
9.99011E-05 0.0108934 0.0645482 9.99011E-05 0.0205673 9.99011E-05 9.99011E-05 9.99011E-05 9.99011E-05 0.739976 9.99011E-05 9.99011E-05 0.0464103 0.00710874 9.99011E-05 0.0662166 9.99011E-05 9.99011E-05 0.000805426 0.0407257 0.00164911
9.98742E-05 9.98742E-05 0.0883613 9.98742E-05 9.98742E-05 0.0530592 9.98742E-05 9.98742E-05 9.98742E-05 0.676272 0.103544 9.98742E-05 9.98742E-05 9.98742E-05 9.98742E-05 9.98742E-05 0.0113488 9.98742E-05 0.0496161 9.98742E-05 0.0164
9.98832E-05 9.98832E-05 0.0492831 0.0947719 0.0491932 9.98832E-05 9.98832E-05 9.98832E-05 0.0177541 0.691429 9.98832E-05 9.98832E-05 9.98832E-05 9.98832E-05 9.98832E-05 0.0347084 9.98832E-05 9.98832E-05 0.013205 0.0483567 9.98832E-05
9.98831E-05 9.98831E-05 9.98831E-05 0.0271812 9.98831E-05 9.98831E-05 9.98831E-05 0.061941 0.0266251 0.701362 0.103612 0.0474945 9.98831E-05 9.98831E-05 9.98831E-05 9.98831E-05 9.98831E-05 9.98831E-05 0.0115579 0.018928 9.98831E-05
9.98651E-05 9.98651E-05 9.98651E-05 9.98651E-05 9.98651E-05 0.0168854 9.98651E-05 9.98651E-05 0.0207669 0.609372 9.98651E-05 9.98651E-05 9.98651E-05 9.98651E-05 9.98651E-05 0.269106 9.98651E-05 9.98651E-05 0.0385913 0.043781 9.98651E-05
9.98741E-05 9.98741E-05 0.0749999 9.98741E-05 9.98741E-05 9.98741E-05 9.98741E-05 9.98741E-05 0.00445428 0.721938 9.98741E-05 9.98741E-05 0.00886342 9.98741E-05 9.98741E-05 0.110047 9.98741E-05 0.01707 9.98741E-05 9.98741E-05 0.0612291
0.0247075 0.0359475 9.99101E-05 0.0131821 9.99101E-05 0.0367637 0.0541592 9.99101E-05 9.99101E-05 0.72155 0.0220719 9.99101E-05 0.0034823 9.99101E-05 9.99101E-05 0.0306048 9.99101E-05 9.99101E-05 0.0247257 0.0318057 9.99101E-05
9.98831E-05 9.98831E-05 0.0554368 9.98831E-05 9.98831E-05 0.0238955 9.98831E-05 9.98831E-05 0.00479361 0.656471 9.98831E-05 9.98831E-05 9.98831E-05 9.98831E-05 0.123296 0.0591618 9.98831E-05 0.0133968 9.98831E-05 9.98831E-05 0.0622501
0.0536226 9.98921E-05 9.98921E-05 9.98921E-05 9.98921E-05 0.0248508 0.0884603 0.0592501 0.0415836 0.567488 0.087226 9.98921E-05 9.98921E-05 9.98921E-05 9.98921E-05 0.066232 9.98921E-05 9.98921E-05 0.0100874 9.98921E-05 9.98921E-05
9.99011E-05 9.99011E-05 9.99011E-05 0.105755 9.99011E-05 9.99011E-05 0.0519289 0.00652647 0.018667 0.547552 0.0384801 0.0735841 9.99011E-05 0.00286946 9.99011E-05 0.138837 9.99011E-05 9.99011E-05 0.0147011 9.99011E-05 9.99011E-05
9.991E-05 0.139113 9.991E-05 9.991E-05 0.0326948 9.991E-05 0.00506336 0.00527856 9.991E-05 0.519445 0.0776332 9.991E-05 9.991E-05 0.0377788 9.991E-05 0.102557 0.0518333 0.0224568 0.00514671 9.991E-05 9.991E-05
0.018705 9.99011E-05 0.0517422 0.0907749 9.99011E-05 9.99011E-05 9.99011E-05 0.0205214 0.0676992 0.620633 0.0334909 9.99011E-05 0.0313633 9.99011E-05 9.99011E-05 9.99011E-05 9.99011E-05 9.99011E-05 0.00811322 9.99011E-05 0.0558575
9.98741E-05 0.120729 9.98741E-05 9.98741E-05 9.98741E-05 9.98741E-05 0.0596001 9.98741E-05 9.98741E-05 0.695801 0.00957815 9.98741E-05 0.0632699 9.98741E-05 9.98741E-05 9.98741E-05 0.0327013 9.98741E-05 0.0169225 9.98741E-05 9.98741E-05
0.0118232 0.131444 9.98921E-05 9.98921E-05 9.98921E-05 9.98921E-05 0.0385043 9.98921E-05 9.98921E-05 0.633719 0.060696 0.0500561 9.98921E-05 9.98921E-05 9.98921E-05 0.022025 0.0275824 9.98921E-05 0.0229517 9.98921E-05 9.98921E-05
9.99011E-05 0.0879807 9.99011E-05 0.00547221 0.00715244 0.0428873 9.99011E-05 9.99011E-05 9.99011E-05 0.685857 9.99011E-05 0.052939 9.99011E-05 9.99011E-05 9.99011E-05 0.0711406 0.0162789 9.99011E-05 9.99011E-05 0.0219601 0.00723336
9.98831E-05 9.98831E-05 0.0740341 9.98831E-05 9.98831E-05 0.00818439 9.98831E-05 9.98831E-05 9.98831E-05 0.788947 9.98831E-05 9.98831E-05 9.98831E-05 0.0147394 9.98831E-05 0.0734141 9.98831E-05 0.0186476 0.00856402 9.98831E-05 0.0121705
0.0192486 0.0464536 0.0489444 0.0846177 9.99011E-05 0.0792415 0.0137137 9.99011E-05 9.99011E-05 0.547153 9.99011E-05 9.99011E-05 9.99011E-05 0.059534 9.99011E-05 0.0985801 9.99011E-05 9.99011E-05 9.99011E-05 9.99011E-05 0.00141432
0.0662081 9.99191E-05 9.99191E-05 0.0310634 0.0118309 0.0208601 0.0311869 0.053192 9.99191E-05 0.663266 0.0156067 9.99191E-05 9.99191E-05 9.99191E-05 0.00920091 0.0615622 9.99191E-05 9.99191E-05 0.00407167 0.0310516 9.99191E-05
0.0143202 0.149537 0.0341513 0.118243 9.9946E-05 0.0124134 9.9946E-05 0.0394197 9.9946E-05 0.381787 9.9946E-05 0.0223112 0.045294 0.042854 0.0146598 0.0295972 0.0110955 9.9946E-05 9.9946E-05 0.0514119 0.032305
9.9919E-05 0.0563458 0.00245766 0.0201569 9.9919E-05 9.9919E-05 0.0364494 0.0340835 0.00955607 0.448988 0.0318069 0.007811 9.9919E-05 9.9919E-05 0.28128 9.9919E-05 0.0563646 0.0138005 9.9919E-05 9.9919E-05 9.9919E-05
0.0270411 0.0955543 0.00699931 0.00815969 9.9937E-05 9.9937E-05 0.065077 0.0125496 9.9937E-05 0.470194 0.0375145 0.0786047 0.138671 0.019068 9.9937E-05 9.9937E-05 0.0163404 9.9937E-05 9.9937E-05 0.013658 0.00986843
9.99191E-05 0.0342782 0.0730494 0.0350758 9.99191E-05 0.0898847 9.99191E-05 0.0754815 9.99191E-05 0.407622 9.99191E-05 9.99191E-05 0.00112401 0.0286836 0.0604692 9.99191E-05 0.0331683 0.0856267 9.99191E-05 9.99191E-05 0.0746369
9.98472E-05 9.98472E-05 9.98472E-05 0.905897 0.0401221 9.98472E-05 9.98472E-05 9.98472E-05 9.98472E-05 9.98472E-05 9.98472E-05 9.98472E-05 9.98472E-05 9.98472E-05 9.98472E-05 9.98472E-05 0.0166515 0.0356321 9.98472E-05 9.98472E-05 9.98472E-05
9.98203E-05 9.98203E-05 9.98203E-05 0.998004 9.98203E-05 9.98203E-05 9.98203E-05 9.98203E-05 9.98203E-05 9.98203E-05 9.98203E-05 9.98203E-05 9.98203E-05 9.98203E-05 9.98203E-05 9.98203E-05 9.98203E-05 9.98203E-05 9.98203E-05 9.98203E-05 9.98203E-05
9.98562E-05 0.00680377 9.98562E-05 0.965084 9.98562E-05 9.98562E-05 9.98562E-05 9.98562E-05 9.98562E-05 9.98562E-05 0.00826835 9.98562E-05 9.98562E-05 0.0169629 9.98562E-05 9.98562E-05 9.98562E-05 9.98562E-05 9.98562E-05 0.00128326 9.98562E-05
9.98293E-05 9.98293E-05 9.98293E-05 0.991013 9.98293E-05 9.98293E-05 0.00709008 9.98293E-05 9.98293E-05 9.98293E-05 9.98293E-05 9.98293E-05 9.98293E-05 9.98293E-05 9.98293E-05 9.98293E-05 9.98293E-05 9.98293E-05 9.98293E-05 9.98293E-05 9.98293E-05
0.031873 0.00021135 0.0802067 0.73029 9.99281E-05 0.003339 0.00919128 9.99281E-05 9.99281E-05 9.99281E-05 0.0172204 0.00557269 9.99281E-05 9.99281E-05 0.0165768 0.00169549 0.0830889 0.00944923 9.99281E-05 9.99281E-05 0.0104861
9.98203E-05 9.98203E-05 9.98203E-05 0.998004 9.98203E-05 9.98203E-05 9.98203E-05 9.98203E-05 9.98203E-05 9.98203E-05 9.98203E-05 9.98203E-05 9.98203E-05 9.98203E-05 9.98203E-05 9.98203E-05 9.98203E-05 9.98203E-05 9.98203E-05 9.98203E-05 9.98203E-05
9.98203E-05 9.98203E-05 9.98203E-05 0.998004 9.98203E-05 9.98203E-05 9.98203E-05 9.98203E-05 9.98203E-05 9.98203E-05 9.98203E-05 9.98203E-05 9.98203E-05 9.98203E-05 9.98203E-05 9.98203E-05 9.98203E-05 9.98203E-05 9.98203E-05 9.98203E-05 9.98203E-05
9.98472E-05 9.98472E-05 0.000166122 0.983695 9.98472E-05 9.98472E-05 9.98472E-05 0.00670576 9.98472E-05 9.98472E-05 9.98472E-05 9.98472E-05 9.98472E-05 9.98472E-05 9.98472E-05 9.98472E-05 9.98472E-05 9.98472E-05 0.00773565 9.98472E-05 9.98472E-05
9.98293E-05 9.98293E-05 9.98293E-05 0.987337 9.98293E-05 9.98293E-05 9.98293E-05 9.98293E-05 9.98293E-05 9.98293E-05 9.98293E-05 9.98293E-05 9.98293E-05 9.98293E-05 9.98293E-05 9.98293E-05 9.98293E-05 9.98293E-05 9.98293E-05 0.0107664 9.98293E-05
9.98293E-05 9.98293E-05 9.98293E-05 0.997121 9.98293E-05 9.98293E-05 9.98293E-05 9.98293E-05 9.98293E-05 9.98293E-05 9.98293E-05 9.98293E-05 9.98293E-05 9.98293E-05 9.98293E-05 9.98293E-05 9.98293E-05 9.98293E-05 9.98293E-05 9.98293E-05 0.000982344
9.98383E-05 9.98383E-05 9.98383E-05 0.985778 0.0038094 9.98383E-05 9.98383E-05 9.98383E-05 9.98383E-05 9.98383E-05 9.98383E-05 9.98383E-05 9.98383E-05 9.98383E-05 9.98383E-05 9.98383E-05 9.98383E-05 9.98383E-05 0.00861546 9.98383E-05 9.98383E-05
9.98293E-05 9.98293E-05 9.98293E-05 0.972725 9.98293E-05 9.98293E-05 9.98293E-05 9.98293E-05 9.98293E-05 9.98293E-05 9.98293E-05 9.98293E-05 0.0253779 9.98293E-05 9.98293E-05 9.98293E-05 9.98293E-05 9.98293E-05 9.98293E-05 9.98293E-05 9.98293E-05
9.98383E-05 9.98383E-05 0.00286818 0.988782 9.98383E-05 9.98383E-05 9.98383E-05 0.00655323 9.98383E-05 9.98383E-05 9.98383E-05 9.98383E-05 9.98383E-05 9.98383E-05 9.98383E-05 9.98383E-05 9.98383E-05 9.98383E-05 9.98383E-05 9.98383E-05 9.98383E-05
9.98831E-05 0.0221688 9.98831E-05 0.946207 9.98831E-05 9.98831E-05 0.0119841 0.00029936 9.98831E-05 9.98831E-05 9.98831E-05 9.98831E-05 0.00176807 9.98831E-05 9.98831E-05 9.98831E-05 9.98831E-05 0.00589497 9.98831E-05 0.00230095 0.00807846
9.98421E-05 9.98421E-05 9.98421E-05 0.986473 0.00727771 9.98421E-05 9.98421E-05 9.98421E-05 9.98421E-05 9.98421E-05 9.98421E-05 9.98421E-05 9.98421E-05 9.98421E-05 9.98421E-05 9.98421E-05 9.98421E-05 9.98421E-05 0.00445195 9.98421E-05 9.98421E-05
9.99101E-05 0.00619831 0.0253631 0.511899 0.0352175 0.0164048 9.99101E-05 9.99101E-05 0.0408166 0.144537 9.99101E-05 0.0255378 9.99101E-05 0.00555534 0.0753059 0.0702122 9.99101E-05 0.042053 9.99101E-05 9.99101E-05 9.99101E-05
