9.9964E-05 0.0488069 0.100512 0.0536833 0.0177405 0.477688 0.1033 0.118207 0.0796628 9.9964E-05 9.9964E-05 9.9964E-05
9.9982E-05 0.0124139 0.0718741 0.0634818 0.021792 0.519199 0.0756352 0.0949094 0.0839711 0.0449247 0.0115992 9.9982E-05
9.9955E-05 0.0588786 0.147383 9.9955E-05 9.9955E-05 0.347069 9.9955E-05 0.291864 0.0778977 9.9955E-05 0.0594835 0.0169248
9.9955E-05 0.126558 0.0824212 0.0276493 9.9955E-05 0.480944 0.0251675 0.172533 9.9955E-05 0.0842279 9.9955E-05 9.9955E-05
9.9955E-05 9.9955E-05 0.116205 9.9955E-05 9.9955E-05 0.417881 0.107394 0.239905 0.0121312 0.0127924 0.0931918 9.9955E-05
9.9964E-05 0.0736095 0.127128 0.0314329 9.9964E-05 0.546155 0.0535182 0.0673163 9.9964E-05 0.0378395 9.9964E-05 0.0626008
9.9955E-05 0.108999 0.108777 0.0206008 9.9955E-05 0.541585 0.0252461 0.128243 9.9955E-05 0.0660504 9.9955E-05 9.9955E-05
0.0380714 0.0386364 0.0775855 9.9982E-05 0.032033 0.349142 0.0536998 0.213928 0.0616847 0.0490338 0.085985 9.9982E-05
9.9982E-05 0.0272527 0.0999469 0.0248968 0.01273 0.495148 0.119114 0.191525 9.9982E-05 0.00746768 0.000849201 0.0208696
0.0328666 0.0875862 0.103328 0.0554487 9.9973E-05 0.368278 0.166508 0.049795 9.9973E-05 0.1018 0.0340893 9.9973E-05
9.9973E-05 0.0237711 0.20532 0.00446735 9.9973E-05 0.252967 0.142184 0.193402 0.0538433 0.0715184 0.052227 9.9973E-05
9.9955E-05 0.0777038 0.0937093 9.9955E-05 9.9955E-05 0.416075 0.0531212 0.330057 0.0189597 9.9955E-05 9.9955E-05 0.00987348
9.9964E-05 0.0690567 0.137634 9.9964E-05 9.9964E-05 0.372222 0.154869 0.083023 0.0246722 0.110727 0.0473959 9.9964E-05
9.9964E-05 0.081787 0.140438 9.9964E-05 9.9964E-05 0.3519 0.18091 0.0643711 0.0362951 0.0809402 0.0629594 9.9964E-05
9.9964E-05 0.102834 0.106306 9.9964E-05 0.0447295 0.407979 0.124345 9.9964E-05 0.0323244 0.115539 0.0655432 9.9964E-05
9.9982E-05 0.0881129 0.110062 9.9982E-05 0.0225222 0.335272 0.137322 0.100549 0.0453635 0.0782406 0.0475623 0.0347944
9.9955E-05 0.220635 0.0878668 9.9955E-05 9.9955E-05 0.33682 0.0326889 0.139894 9.9955E-05 0.0877161 0.0938799 9.9955E-05
9.9964E-05 0.173127 0.12872 9.9964E-05 9.9964E-05 0.32341 0.0681594 0.119801 0.0218957 0.0852124 0.0792746 9.9964E-05
9.9973E-05 0.102169 0.104236 0.0146714 0.0209886 0.324193 0.132221 0.266797 9.9973E-05 0.0311878 0.00323459 9.9973E-05
9.9901E-05 9.9901E-05 0.998901 9.9901E-05 9.9901E-05 9.9901E-05 9.9901E-05 9.9901E-05 9.9901E-05 9.9901E-05 9.9901E-05 9.9901E-05
9.9946E-05 9.9946E-05 0.288631 0.0469457 0.0362312 0.507508 9.9946E-05 9.9946E-05 0.0605622 0.0595219 9.9946E-05 9.9946E-05
0.00499331 9.9964E-05 0.295821 0.0894355 0.0382499 0.495596 9.9964E-05 0.0183133 0.0504493 0.00674244 9.9964E-05 9.9964E-05
9.9946E-05 9.9946E-05 0.244389 9.9946E-05 9.9946E-05 0.418306 9.9946E-05 9.9946E-05 0.021854 0.046875 0.241692 0.0262846
0.116131 0.00750261 0.162897 9.9973E-05 0.0339663 0.371995 9.9973E-05 0.0900964 0.0200762 9.9973E-05 0.178922 0.0181144
0.0469289 9.9964E-05 0.132281 0.0231309 0.0298055 0.574258 0.0683228 0.0695296 9.9964E-05 9.9964E-05 0.0553433 9.9964E-05
0.00681262 0.0134223 0.323665 9.9946E-05 9.9946E-05 0.565321 9.9946E-05 9.9946E-05 9.9946E-05 0.0324879 0.0576912 9.9946E-05
9.9937E-05 9.9937E-05 0.308079 9.9937E-05 0.0693208 0.537452 0.0597046 9.9937E-05 9.9937E-05 0.0247433 9.9937E-05 9.9937E-05
9.9973E-05 0.0461978 0.212122 0.0310174 0.0379719 0.515787 0.0154328 0.0835317 0.0343281 0.0233114 9.9973E-05 9.9973E-05
0.0149674 0.0265576 0.220326 0.0247763 0.00755639 0.573598 9.9982E-05 0.0480918 0.0705174 0.0131527 9.9982E-05 0.000256962
9.9901E-05 9.9901E-05 0.998901 9.9901E-05 9.9901E-05 9.9901E-05 9.9901E-05 9.9901E-05 9.9901E-05 9.9901E-05 9.9901E-05 9.9901E-05
9.991E-05 9.991E-05 0.996239 9.991E-05 9.991E-05 9.991E-05 0.00276233 9.991E-05 9.991E-05 9.991E-05 9.991E-05 9.991E-05
9.99011E-05 9.99011E-05 0.998901 9.99011E-05 9.99011E-05 9.99011E-05 9.99011E-05 9.99011E-05 9.99011E-05 9.99011E-05 9.99011E-05 9.99011E-05
9.9901E-05 9.9901E-05 0.998901 9.9901E-05 9.9901E-05 9.9901E-05 9.9901E-05 9.9901E-05 9.9901E-05 9.9901E-05 9.9901E-05 9.9901E-05
0.0653982 0.00142389 0.932279 9.99191E-05 9.99191E-05 9.99191E-05 9.99191E-05 9.99191E-05 9.99191E-05 9.99191E-05 9.99191E-05 9.99191E-05
9.9919E-05 9.9919E-05 0.971769 9.9919E-05 9.9919E-05 9.9919E-05 9.9919E-05 9.9919E-05 0.00556347 9.9919E-05 0.0217687 9.9919E-05
0.0392952 0.0896109 0.176117 9.9955E-05 9.9955E-05 0.467702 9.9955E-05 0.0492474 0.0283456 9.9955E-05 0.149182 9.9955E-05
9.9964E-05 0.0455064 0.211571 0.0631216 9.9964E-05 0.312535 9.9964E-05 9.9964E-05 0.0160779 0.218607 0.0348446 0.0973372
9.9955E-05 9.9955E-05 0.194663 9.9955E-05 9.9955E-05 0.38056 9.9955E-05 0.0541042 0.0179266 0.097283 0.238044 0.0169195
9.9928E-05 9.9928E-05 9.9928E-05 0.00810668 9.9928E-05 0.869205 9.9928E-05 0.0111759 9.9928E-05 9.9928E-05 9.9928E-05 0.110713
0.0353354 9.9973E-05 0.0217434 9.9973E-05 9.9973E-05 0.747463 0.0373277 0.0757937 0.00169692 0.00421205 0.00129015 0.0748377
0.0381398 9.9946E-05 0.0154905 9.9946E-05 0.00194485 0.897974 9.9946E-05 9.9946E-05 9.9946E-05 0.0446468 9.9946E-05 0.00120423
0.013901 0.0484557 0.101678 9.9955E-05 9.9955E-05 0.639663 9.9955E-05 0.0418611 0.014255 0.139687 9.9955E-05 9.9955E-05
0.0269351 0.0112894 0.0331332 0.0128078 9.9964E-05 0.755614 9.9964E-05 9.9964E-05 0.0377372 0.0926882 9.9964E-05 0.0293949
0.0757284 0.0834314 9.9937E-05 9.9937E-05 9.9937E-05 0.673034 9.9937E-05 0.135347 9.9937E-05 9.9937E-05 0.0317599 9.9937E-05
9.9982E-05 0.11627 0.0876622 0.0237834 0.0268166 0.539905 0.0103279 9.9982E-05 0.078243 0.0461027 0.0128639 0.0578253
0.00233377 0.0529329 0.0874411 9.9982E-05 9.9982E-05 0.641838 0.000232142 0.109287 0.0281235 0.0224833 0.0300577 0.0250709
9.9964E-05 9.9964E-05 0.0498109 0.0483268 9.9964E-05 0.752086 0.0392612 0.0555272 9.9964E-05 0.0307199 0.0182237 0.00564411
9.9955E-05 9.9955E-05 0.0600128 0.0617847 9.9955E-05 0.674518 0.0481262 9.9955E-05 0.00265827 0.0206177 0.131782 9.9955E-05
9.99011E-05 9.99011E-05 9.99011E-05 9.99011E-05 9.99011E-05 0.998901 9.99011E-05 9.99011E-05 9.99011E-05 9.99011E-05 9.99011E-05 9.99011E-05
9.99101E-05 9.99101E-05 9.99101E-05 9.99101E-05 9.99101E-05 0.987719 9.99101E-05 9.99101E-05 0.0112822 9.99101E-05 9.99101E-05 9.99101E-05
9.99011E-05 9.99011E-05 9.99011E-05 9.99011E-05 9.99011E-05 0.998901 9.99011E-05 9.99011E-05 9.99011E-05 9.99011E-05 9.99011E-05 9.99011E-05
9.99011E-05 9.99011E-05 9.99011E-05 9.99011E-05 9.99011E-05 0.998901 9.99011E-05 9.99011E-05 9.99011E-05 9.99011E-05 9.99011E-05 9.99011E-05
9.99011E-05 9.99011E-05 9.99011E-05 9.99011E-05 9.99011E-05 0.998901 9.99011E-05 9.99011E-05 9.99011E-05 9.99011E-05 9.99011E-05 9.99011E-05
9.99011E-05 9.99011E-05 9.99011E-05 9.99011E-05 9.99011E-05 0.998901 9.99011E-05 9.99011E-05 9.99011E-05 9.99011E-05 9.99011E-05 9.99011E-05
9.9928E-05 9.9928E-05 9.9928E-05 9.9928E-05 0.000715332 0.959944 9.9928E-05 9.9928E-05 0.0360344 9.9928E-05 0.00250719 9.9928E-05
9.99011E-05 9.99011E-05 9.99011E-05 9.99011E-05 9.99011E-05 0.998901 9.99011E-05 9.99011E-05 9.99011E-05 9.99011E-05 9.99011E-05 9.99011E-05
9.99011E-05 9.99011E-05 9.99011E-05 9.99011E-05 9.99011E-05 0.998901 9.99011E-05 9.99011E-05 9.99011E-05 9.99011E-05 9.99011E-05 9.99011E-05
0.0194386 9.99281E-05 9.99281E-05 9.99281E-05 0.0108752 0.959472 9.99281E-05 9.99281E-05 0.009415 9.99281E-05 9.99281E-05 9.99281E-05
9.9937E-05 9.9937E-05 9.9937E-05 0.1038 0.0107827 0.637049 0.0996942 0.147975 9.9937E-05 9.9937E-05 9.9937E-05 9.9937E-05
0.0300631 0.00504746 0.0398607 0.0736227 0.0425963 0.770302 9.9955E-05 9.9955E-05 0.0380081 9.9955E-05 9.9955E-05 9.9955E-05
0.0574636 9.9955E-05 9.9955E-05 0.0222206 9.9955E-05 0.681103 0.12275 0.066045 9.9955E-05 9.9955E-05 0.00858697 0.0413315
9.9946E-05 9.9946E-05 0.104742 0.0420344 0.0539075 0.708515 9.9946E-05 0.00547507 9.9946E-05 9.9946E-05 9.9946E-05 0.0847264
9.9946E-05 9.9946E-05 0.077567 9.9946E-05 0.009514 0.720589 9.9946E-05 9.9946E-05 0.078845 0.0667118 0.0461737 9.9946E-05
0.101947 0.0149521 0.129896 0.0321733 0.0681745 0.460369 0.00459594 0.0102826 0.09891 9.9991E-05 0.0770338 0.00156457
9.99191E-05 9.99191E-05 0.106831 0.0070568 9.99191E-05 0.885213 9.99191E-05 9.99191E-05 9.99191E-05 9.99191E-05 9.99191E-05 9.99191E-05
9.9946E-05 0.0375613 0.0766234 0.0459119 0.0535371 0.764414 9.9946E-05 9.9946E-05 9.9946E-05 9.9946E-05 0.0213529 9.9946E-05
9.99371E-05 9.99371E-05 9.99371E-05 0.107254 0.0122931 0.667716 0.12015 0.0918877 9.99371E-05 9.99371E-05 9.99371E-05 9.99371E-05
9.9964E-05 0.0398237 0.0735144 0.0397884 0.0452534 0.756269 0.0213249 9.9964E-05 9.9964E-05 9.9964E-05 0.0143719 0.00925473
9.99281E-05 0.0904515 9.99281E-05 9.99281E-05 9.99281E-05 0.838499 0.042559 9.99281E-05 9.99281E-05 9.99281E-05 0.0276913 9.99281E-05
9.9946E-05 0.078701 0.0183337 9.9946E-05 9.9946E-05 0.825438 0.0538055 9.9946E-05 9.9946E-05 9.9946E-05 0.01825 0.00487232
9.9946E-05 0.0832655 0.00302115 9.9946E-05 0.00101777 0.850013 0.0460977 9.9946E-05 9.9946E-05 9.9946E-05 9.9946E-05 0.0159848
0.0176958 9.9946E-05 9.9946E-05 0.0470751 0.0294052 0.859137 9.9946E-05 0.0353006 9.9946E-05 9.9946E-05 0.0107862 9.9946E-05
9.9964E-05 0.0721547 0.109117 9.9964E-05 9.9964E-05 0.654345 0.0664994 0.0405976 0.00146227 0.0129402 9.9964E-05 0.0424847
9.9928E-05 9.9928E-05 0.0841066 9.9928E-05 9.9928E-05 0.774212 0.0899171 9.9928E-05 0.0509652 9.9928E-05 9.9928E-05 9.9928E-05
0.0072501 9.9964E-05 9.9964E-05 0.0151865 0.0388092 0.796026 0.00538993 0.0692169 9.9964E-05 0.0262209 9.9964E-05 0.041501
0.0135127 9.9973E-05 9.9973E-05 0.0489541 0.0617536 0.765797 0.011326 0.0319404 9.9973E-05 0.0402151 0.0153694 0.0108319
0.0124362 0.00472322 0.016619 0.0628487 0.148236 0.735086 9.9955E-05 9.9955E-05 9.9955E-05 0.0195508 9.9955E-05 9.9955E-05
0.0258328 0.00476335 9.9964E-05 9.9964E-05 0.0805028 0.762143 9.9964E-05 0.0660567 9.9964E-05 0.030767 0.00941957 0.0201144
9.99191E-05 9.99191E-05 9.99191E-05 9.99191E-05 0.126554 0.816661 9.99191E-05 9.99191E-05 9.99191E-05 9.99191E-05 9.99191E-05 0.0558851
0.0805582 9.99281E-05 9.99281E-05 9.99281E-05 9.99281E-05 0.841862 0.069257 9.99281E-05 9.99281E-05 9.99281E-05 9.99281E-05 0.00752366
0.0355793 9.9946E-05 0.0903323 9.9946E-05 9.9946E-05 0.707376 9.9946E-05 0.0858339 0.0315845 9.9946E-05 9.9946E-05 0.0486942
9.99191E-05 9.99191E-05 0.0741341 9.99191E-05 0.00526809 0.919699 9.99191E-05 9.99191E-05 9.99191E-05 9.99191E-05 9.99191E-05 9.99191E-05
9.9937E-05 0.0143758 0.126293 0.026517 0.0259867 0.806128 9.9937E-05 9.9937E-05 9.9937E-05 9.9937E-05 9.9937E-05 9.9937E-05
9.99371E-05 9.99371E-05 9.99371E-05 9.99371E-05 9.99371E-05 0.858957 9.99371E-05 0.0214289 9.99371E-05 0.0198058 0.000455189 0.0986534
0.0378071 0.0054714 0.0238367 9.9973E-05 0.0337051 0.763173 0.00840857 0.077407 9.9973E-05 9.9973E-05 0.0435961 0.00629551
9.99529E-05 9.99529E-05 0.0352108 9.99529E-05 0.0164608 0.780578 0.0220119 0.139844 9.99529E-05 9.99529E-05 9.99529E-05 0.005295
9.99101E-05 9.99101E-05 9.99101E-05 9.99101E-05 9.99101E-05 0.938 9.99101E-05 9.99101E-05 9.99101E-05 9.99101E-05 9.99101E-05 0.0610012
9.9955E-05 9.9955E-05 0.029211 0.0456577 9.9955E-05 0.65117 0.0469471 0.166964 9.9955E-05 0.031041 9.9955E-05 0.0285093
0.0461581 0.0392557 0.0723445 9.9955E-05 9.9955E-05 0.774536 9.9955E-05 9.9955E-05 0.00579147 0.0400314 9.9955E-05 0.021383
0.0279989 0.0710687 0.0387615 9.9937E-05 9.9937E-05 0.819166 9.9937E-05 9.9937E-05 9.9937E-05 0.0423054 9.9937E-05 9.9937E-05
0.0319248 9.9964E-05 0.0604738 9.9964E-05 0.0282681 0.694805 0.0150779 9.9964E-05 0.103913 9.9964E-05 0.0423061 0.0228308
0.00358698 9.9964E-05 0.0573837 9.9964E-05 0.00515348 0.736081 0.0224548 9.9964E-05 0.0814838 9.9964E-05 0.045264 0.0481921
9.99461E-05 0.0652214 9.99461E-05 0.0508433 9.99461E-05 0.732573 9.99461E-05 0.0705702 0.0333678 9.99461E-05 0.0468248 9.99461E-05
9.99281E-05 9.99281E-05 0.0545263 9.99281E-05 9.99281E-05 0.847335 0.059836 9.99281E-05 0.0375028 9.99281E-05 9.99281E-05 9.99281E-05
0.0384985 9.9946E-05 0.0651914 0.0396785 9.9946E-05 0.823175 0.0270942 9.9946E-05 9.9946E-05 9.9946E-05 9.9946E-05 0.00576286
9.9946E-05 0.0522521 0.0577723 9.9946E-05 0.0133859 0.802246 0.0276501 9.9946E-05 9.9946E-05 9.9946E-05 9.9946E-05 0.0460944
9.9955E-05 0.00257831 0.128406 9.9955E-05 0.0644943 0.748889 9.9955E-05 9.9955E-05 0.0166159 0.00237029 9.9955E-05 0.0361472
9.9964E-05 0.0352779 0.0319526 0.00239072 0.0808034 0.77654 0.0225749 9.9964E-05 0.0470237 9.9964E-05 9.9964E-05 0.00303711
0.0332147 9.9955E-05 9.9955E-05 0.0266458 9.9955E-05 0.722981 0.137713 9.9955E-05 0.0377098 0.0302228 0.0110141 9.9955E-05
0.0728346 0.0293166 9.9973E-05 9.9973E-05 0.00305793 0.669343 0.0124276 0.0692129 0.0837973 0.0556329 9.9973E-05 0.00407754
9.9946E-05 9.9946E-05 0.0489927 0.0393313 0.0016597 0.726468 0.0930631 9.9946E-05 9.9946E-05 0.0898856 9.9946E-05 9.9946E-05
0.0292626 9.9973E-05 0.0438217 9.9973E-05 0.0255698 0.558912 0.0363073 0.119509 0.017864 0.0803771 9.9973E-05 0.0880765
0.0765242 9.9964E-05 9.9964E-05 0.0225735 0.0380014 0.623248 0.0608375 9.9964E-05 0.0785391 0.0896092 0.0102671 9.9964E-05
0.0641358 9.9937E-05 9.9937E-05 9.9937E-05 0.0392029 0.775638 9.9937E-05 0.104249 0.0160743 9.9937E-05 9.9937E-05 9.9937E-05
0.0266244 0.0477071 0.00947836 0.0537929 9.9955E-05 0.802809 0.00377516 0.0553132 9.9955E-05 9.9955E-05 9.9955E-05 9.9955E-05
0.0521519 0.0451583 0.0162101 9.9955E-05 9.9955E-05 0.473134 9.9955E-05 0.315669 0.00527038 9.9955E-05 0.0919058 9.9955E-05
0.0771339 0.019958 0.0120209 9.9973E-05 9.9973E-05 0.601892 9.9973E-05 0.151952 0.0210942 0.0301708 0.0434027 0.0420755
0.0500562 0.0479437 0.0157674 9.9973E-05 0.00515526 0.475971 9.9973E-05 0.264257 0.012805 0.0164838 0.111261 9.9973E-05
0.0416726 9.9955E-05 0.026947 9.9955E-05 0.0323492 0.706525 9.9955E-05 0.0946592 9.9955E-05 0.0136581 0.0836897 9.9955E-05
0.0512096 9.9982E-05 0.0599472 0.0044124 0.0825777 0.553257 0.0160502 0.123814 0.0139659 0.0601659 0.0343996 9.9982E-05
9.9955E-05 0.0207246 0.0133943 0.0125201 0.0195105 0.730155 9.9955E-05 0.178616 9.9955E-05 9.9955E-05 0.0245805 9.9955E-05
0.0618867 9.9955E-05 0.0226133 0.026293 0.0338774 0.758767 9.9955E-05 0.0877513 9.9955E-05 9.9955E-05 9.9955E-05 0.00831147
9.9973E-05 0.101248 0.000347825 0.107993 0.0831169 0.616389 0.00757083 9.9973E-05 0.03313 0.0167524 9.9973E-05 0.0331517
0.0288487 0.0125263 0.0129437 0.0156108 9.9982E-05 0.579831 0.0271519 0.196469 9.9982E-05 0.0353813 0.00858856 0.0824494
9.9964E-05 9.9964E-05 0.0550586 9.9964E-05 0.0428004 0.486895 0.154723 0.15709 9.9964E-05 0.0471283 0.0306802 0.0252245
0.0905784 9.9973E-05 0.0016342 9.9973E-05 0.0825491 0.564965 0.0409136 9.9973E-05 0.122618 0.0522353 0.0322452 0.0119615
9.9964E-05 9.9964E-05 0.0393215 9.9964E-05 0.0156674 0.505047 0.12343 0.179324 9.9964E-05 0.0555951 0.0439709 0.0372436
0.00766459 0.00938749 0.032363 0.0150495 9.9964E-05 0.73703 9.9964E-05 0.186594 9.9964E-05 9.9964E-05 0.0113825 0.000128696
9.9973E-05 9.9973E-05 0.0247031 0.0125363 0.0611304 0.651884 0.0482194 0.082123 0.0229515 9.9973E-05 0.0956221 0.00053015
9.9982E-05 0.0058802 0.02593 0.0135549 0.0795194 0.63935 0.00462406 0.019839 0.0370627 9.9982E-05 0.152551 0.0214896
9.9946E-05 0.0673658 0.0916988 9.9946E-05 9.9946E-05 0.569711 9.9946E-05 0.157375 0.0774702 9.9946E-05 9.9946E-05 0.0357792
9.99371E-05 9.99371E-05 0.0501353 9.99371E-05 9.99371E-05 0.629784 9.99371E-05 0.141815 0.0585341 9.99371E-05 9.99371E-05 0.119031
9.9937E-05 0.0610639 0.0123161 9.9937E-05 9.9937E-05 0.575882 9.9937E-05 0.182388 9.9937E-05 9.9937E-05 0.16765 9.9937E-05
0.0124464 0.0212132 0.0744693 9.9964E-05 0.0735565 0.641746 9.9964E-05 9.9964E-05 9.9964E-05 0.0721373 0.0848194 0.019212
9.9937E-05 0.0507897 0.0244078 9.9937E-05 9.9937E-05 0.608158 9.9937E-05 0.172632 9.9937E-05 9.9937E-05 0.143313 9.9937E-05
9.9946E-05 9.9946E-05 0.0821815 0.00452792 9.9946E-05 0.69928 9.9946E-05 0.175295 0.0335946 9.9946E-05 0.00452124 9.9946E-05
0.0279937 9.9955E-05 9.9955E-05 9.9955E-05 0.0340749 0.568363 9.9955E-05 0.155123 0.0699092 0.0259999 0.118037 9.9955E-05
0.0545668 0.0486698 9.9973E-05 9.9973E-05 0.0143778 0.552901 9.9973E-05 0.0288097 0.107482 0.0884815 0.0839129 0.0204986
0.0260944 0.0516917 0.0065283 9.9964E-05 9.9964E-05 0.50922 9.9964E-05 0.178259 0.132387 0.0145991 0.0808203 9.9964E-05
9.9964E-05 0.00982284 0.0754064 9.9964E-05 9.9964E-05 0.685763 9.9964E-05 0.0436883 0.0389499 0.0200815 0.0904929 0.035395
9.9937E-05 9.9937E-05 9.9937E-05 9.9937E-05 9.9937E-05 0.642454 9.9937E-05 0.190383 0.0869712 0.0031942 0.0762973 9.9937E-05
9.9955E-05 0.0238975 9.9955E-05 0.0584272 0.0627708 0.736593 0.0677821 9.9955E-05 0.0486546 9.9955E-05 9.9955E-05 0.0013747
0.00937701 0.00519986 0.00608059 0.0168252 9.9991E-05 0.80418 0.00776023 0.0561593 0.0459707 0.0105589 0.00799514 0.0297926
0.0199369 9.9973E-05 0.00257939 0.0840688 9.9973E-05 0.697499 0.0272162 0.0543074 9.9973E-05 0.0295473 0.014984 0.0695613
9.9946E-05 0.0288645 0.0470029 0.0770491 9.9946E-05 0.723609 9.9946E-05 9.9946E-05 0.021582 9.9946E-05 0.101293 9.9946E-05
9.9964E-05 9.9964E-05 0.0637555 0.0171848 9.9964E-05 0.717807 0.0690964 0.00803818 0.0463666 0.0225509 0.0548004 9.9964E-05
0.00103973 9.9955E-05 0.053137 0.04476 9.9955E-05 0.838977 9.9955E-05 9.9955E-05 0.0237944 0.00239569 9.9955E-05 0.0353968
0.0123255 9.9937E-05 9.9937E-05 9.9937E-05 0.014443 0.891484 0.0334042 0.0476436 9.9937E-05 9.9937E-05 9.9937E-05 9.9937E-05
9.9964E-05 0.0568052 0.0265195 0.0349522 0.0293916 0.699863 9.9964E-05 9.9964E-05 0.0651906 9.9964E-05 0.0372074 0.049671
9.9946E-05 9.9946E-05 0.015928 0.0927084 9.9946E-05 0.731348 9.9946E-05 0.0867337 9.9946E-05 9.9946E-05 0.00893858 0.0637435
9.9955E-05 0.0899635 0.058582 0.0527671 0.0949878 0.626596 0.0479739 9.9955E-05 9.9955E-05 9.9955E-05 9.9955E-05 0.0286296
9.9964E-05 0.0643225 0.0570902 0.0410248 0.00830816 0.623003 9.9964E-05 9.9964E-05 9.9964E-05 0.0374724 0.0921968 0.076182
0.0491324 0.0104107 0.00689218 0.0344744 9.9955E-05 0.677018 9.9955E-05 0.207105 9.9955E-05 0.0144675 9.9955E-05 9.9955E-05
9.9964E-05 0.033828 0.0563824 0.025361 0.0219532 0.689784 0.0470257 9.9964E-05 0.00237533 9.9964E-05 0.122891 9.9964E-05
0.0574295 0.09545 9.9937E-05 0.0343513 9.9937E-05 0.797467 0.0146028 9.9937E-05 9.9937E-05 9.9937E-05 9.9937E-05 9.9937E-05
0.0754472 0.0508994 9.9982E-05 0.0526932 0.0228101 0.69569 0.0219885 0.0147982 9.9982E-05 0.0205326 0.00994422 0.0349968
0.0460747 9.9955E-05 0.000915937 9.9955E-05 9.9955E-05 0.762752 9.9955E-05 9.9955E-05 0.0779436 0.0109253 0.0136319 0.0872572
9.9955E-05 9.9955E-05 0.010726 0.057665 9.9955E-05 0.819058 0.00713414 9.9955E-05 9.9955E-05 0.0345923 0.0494685 0.0208565
9.9955E-05 0.00653058 9.9955E-05 9.9955E-05 0.0123967 0.678173 9.9955E-05 9.9955E-05 0.0297563 0.0847166 0.103722 0.0842046
9.9964E-05 0.0587129 9.9964E-05 9.9964E-05 0.0910238 0.711608 9.9964E-05 0.052137 0.0191177 0.00772919 0.0284224 0.0308489
0.0305324 9.9973E-05 9.9973E-05 9.9973E-05 0.00072934 0.450362 0.0875944 0.105344 0.0872786 0.05423 0.130346 0.0532836
0.0614065 0.0223315 9.9964E-05 9.9964E-05 9.9964E-05 0.462579 0.0955833 0.300316 0.0308037 9.9964E-05 0.0237608 0.00281847
0.0459668 0.07798 9.9982E-05 0.0136102 0.0339743 0.508653 0.0467445 0.141135 0.0339355 0.0522089 0.0455924 9.9982E-05
0.0521547 9.9955E-05 9.9955E-05 9.9955E-05 9.9955E-05 0.474331 0.062097 0.23339 9.9955E-05 0.0391036 0.0322074 0.106216
9.99191E-05 9.99191E-05 9.99191E-05 9.99191E-05 0.0284701 9.99191E-05 9.99191E-05 9.99191E-05 9.99191E-05 0.0391963 0.931434 9.99191E-05
9.99011E-05 9.99011E-05 9.99011E-05 9.99011E-05 9.99011E-05 9.99011E-05 9.99011E-05 9.99011E-05 9.99011E-05 9.99011E-05 0.998901 9.99011E-05
9.99101E-05 9.99101E-05 9.99101E-05 9.99101E-05 9.99101E-05 9.99101E-05 9.99101E-05 9.99101E-05 9.99101E-05 0.0243227 0.974678 9.99101E-05
9.99011E-05 9.99011E-05 9.99011E-05 9.99011E-05 9.99011E-05 9.99011E-05 9.99011E-05 9.99011E-05 9.99011E-05 9.99011E-05 0.998901 9.99011E-05
0.0419133 0.0518985 0.00209507 0.0267127 0.0029758 9.9973E-05 9.9973E-05 0.0506797 9.9973E-05 0.0298247 0.768766 0.0248343
9.99011E-05 9.99011E-05 9.99011E-05 9.99011E-05 9.99011E-05 9.99011E-05 9.99011E-05 9.99011E-05 9.99011E-05 9.99011E-05 0.998901 9.99011E-05
9.99011E-05 9.99011E-05 9.99011E-05 9.99011E-05 9.99011E-05 9.99011E-05 9.99011E-05 9.99011E-05 9.99011E-05 9.99011E-05 0.998901 9.99011E-05
0.0146643 9.99191E-05 9.99191E-05 9.99191E-05 9.99191E-05 9.99191E-05 9.99191E-05 9.99191E-05 9.99191E-05 0.0187568 0.96568 9.99191E-05
9.99011E-05 9.99011E-05 9.99011E-05 9.99011E-05 9.99011E-05 9.99011E-05 9.99011E-05 9.99011E-05 9.99011E-05 9.99011E-05 0.998901 9.99011E-05
9.99011E-05 9.99011E-05 9.99011E-05 9.99011E-05 9.99011E-05 9.99011E-05 9.99011E-05 9.99011E-05 9.99011E-05 9.99011E-05 0.998901 9.99011E-05
9.99011E-05 9.99011E-05 9.99011E-05 9.99011E-05 9.99011E-05 9.99011E-05 9.99011E-05 9.99011E-05 9.99011E-05 9.99011E-05 0.998901 9.99011E-05
9.99011E-05 9.99011E-05 9.99011E-05 9.99011E-05 9.99011E-05 9.99011E-05 9.99011E-05 9.99011E-05 9.99011E-05 9.99011E-05 0.998901 9.99011E-05
9.99191E-05 0.0120453 9.99191E-05 9.99191E-05 9.99191E-05 9.99191E-05 0.00674298 9.99191E-05 9.99191E-05 9.99191E-05 0.980312 9.99191E-05
9.9928E-05 9.9928E-05 9.9928E-05 0.00572084 9.9928E-05 9.9928E-05 9.9928E-05 0.00873278 9.9928E-05 0.0075375 0.977209 9.9928E-05
9.99011E-05 9.99011E-05 9.99011E-05 9.99011E-05 9.99011E-05 9.99011E-05 9.99011E-05 9.99011E-05 9.99011E-05 9.99011E-05 0.998901 9.99011E-05
9.9937E-05 9.9937E-05 0.0351163 9.9937E-05 9.9937E-05 0.16577 9.9937E-05 0.235226 9.9937E-05 9.9937E-05 0.523477 0.0397109
0.00422561 9.99191E-05 9.99191E-05 9.99191E-05 9.99191E-05 9.99191E-05 9.99191E-05 9.99191E-05 9.99191E-05 0.00970733 0.985168 9.99191E-05
9.99101E-05 9.99101E-05 9.99101E-05 9.99101E-05 0.00437348 9.99101E-05 9.99101E-05 9.99101E-05 9.99101E-05 9.99101E-05 0.994627 9.99101E-05
9.9946E-05 0.0921824 9.9946E-05 9.9946E-05 9.9946E-05 0.238022 0.0269653 0.409568 0.0517151 9.9946E-05 0.180948 9.9946E-05
0.00174415 0.0622669 0.0073504 9.9982E-05 0.0213856 0.400526 0.0609856 0.216063 0.0766614 9.9982E-05 0.0793914 0.0734255
9.9955E-05 0.0261138 9.9955E-05 9.9955E-05 9.9955E-05 0.37375 0.0854297 0.294509 0.0723313 9.9955E-05 0.0563201 0.0910469
0.045882 0.0467476 9.9964E-05 9.9964E-05 9.9964E-05 0.376879 0.00079643 0.306062 0.0309475 9.9964E-05 0.137786 0.0544991
9.9973E-05 0.0407271 0.0651639 9.9973E-05 0.0148167 0.208042 0.122575 0.2762 0.11252 9.9973E-05 0.11469 0.0449657
0.0508715 9.9964E-05 0.0388417 0.0341463 9.9964E-05 0.436491 9.9964E-05 0.376098 0.0137342 0.00755633 0.0418604 9.9964E-05
9.9964E-05 0.0386886 0.0211186 9.9964E-05 9.9964E-05 0.333124 0.00371571 0.323809 0.132349 0.0272055 0.119589 9.9964E-05
0.0152007 0.0759789 9.9973E-05 9.9973E-05 0.036331 0.374314 0.05737 0.205878 0.0791709 9.9973E-05 0.0736864 0.0817708
0.0411968 9.9964E-05 0.00974604 9.9964E-05 9.9964E-05 0.343933 0.0322212 0.397659 0.0290943 9.9964E-05 0.107068 0.0386815
0.052297 0.036361 0.0127422 9.9973E-05 0.0269842 0.306698 0.127763 0.272281 9.9973E-05 9.9973E-05 0.0726324 0.0919421
0.00889264 0.0315114 0.0172827 0.0201064 9.9982E-05 0.26625 0.0429564 0.480417 0.0803214 9.9982E-05 0.0301751 0.0218871
0.00163301 9.9973E-05 0.0302295 0.0736401 0.0113625 0.24868 0.0154277 0.477636 0.0934586 9.9973E-05 9.9973E-05 0.0476329
9.9955E-05 9.9955E-05 9.9955E-05 0.025639 0.0360229 0.27118 9.9955E-05 0.337282 0.0839971 9.9955E-05 0.228097 0.0172816
0.0428387 0.084166 0.0896839 9.9982E-05 9.9982E-05 0.220548 0.121586 0.28483 0.0150835 0.00772854 0.116557 0.0167785
0.0644157 0.0490205 9.9982E-05 0.0192158 0.0120864 0.251074 9.9982E-05 0.232437 0.0328373 0.153145 0.116728 0.0688405
0.0543696 0.0196582 9.9973E-05 9.9973E-05 0.0329486 0.357868 0.0780442 0.230449 0.062412 9.9973E-05 0.0942984 0.0696517
0.0140713 0.0497665 0.018583 0.0123684 9.9973E-05 0.30554 9.9973E-05 0.301065 0.168917 0.0730013 0.0563867 9.9973E-05
0.0715345 0.0579055 0.00866823 0.00674395 0.00316945 0.29627 0.042977 0.307267 0.0698435 0.0350846 0.0196604 0.0808753
9.99371E-05 9.99371E-05 9.99371E-05 0.0140769 9.99371E-05 0.205311 9.99371E-05 0.615704 9.99371E-05 0.099154 0.0650543 9.99371E-05
0.0476888 0.0529734 0.00629564 0.0600654 0.0796102 0.240996 0.128272 0.0499736 0.025187 0.0643592 0.189037 0.0555418
0.0198627 0.019307 9.9964E-05 0.0382916 9.9964E-05 0.215356 0.0603276 0.510099 0.0493874 9.9964E-05 0.086969 9.9964E-05
9.9955E-05 0.0409374 9.9955E-05 9.9955E-05 9.9955E-05 0.306426 0.0206225 0.531469 0.00419026 0.0730595 0.0227952 9.9955E-05
0.0410372 0.074172 9.9964E-05 9.9964E-05 9.9964E-05 0.216857 0.0381728 0.44252 0.0245672 9.9964E-05 0.161183 0.00109162
0.0672193 0.0758592 9.9964E-05 0.0550766 9.9964E-05 0.209122 9.9964E-05 0.471521 0.0191642 9.9964E-05 0.090896 0.0107415
9.9973E-05 0.02812 0.00338111 9.9973E-05 0.0107043 0.103467 0.137071 0.48702 0.0588653 9.9973E-05 0.142825 0.0282466
0.091751 9.9964E-05 0.0432884 0.00256768 9.9964E-05 0.168902 0.0384305 0.562202 0.0255244 9.9964E-05 0.0669339 9.9964E-05
9.9955E-05 0.049422 0.0264414 9.9955E-05 0.0165734 0.307873 9.9955E-05 0.327159 9.9955E-05 9.9955E-05 0.219782 0.0522489
0.0291114 9.9964E-05 0.0150472 9.9964E-05 9.9964E-05 0.189609 0.0608556 0.519575 0.0164132 9.9964E-05 0.16139 0.00759828
9.9964E-05 9.9964E-05 0.0586535 0.0590418 9.9964E-05 0.245992 0.0958971 0.354127 0.0253091 9.9964E-05 0.104902 0.0556786
0.0773498 0.00582886 9.9937E-05 9.9937E-05 9.9937E-05 0.168305 9.9937E-05 0.595481 9.9937E-05 9.9937E-05 0.152336 9.9937E-05
9.9946E-05 0.071392 0.0633403 9.9946E-05 9.9946E-05 0.259547 0.0944094 0.451661 9.9946E-05 9.9946E-05 0.0590506 9.9946E-05
9.9946E-05 0.0983368 0.0410429 9.9946E-05 9.9946E-05 0.141884 0.180185 0.395472 9.9946E-05 9.9946E-05 0.142479 9.9946E-05
0.0108631 0.0498649 0.0615589 9.9946E-05 9.9946E-05 0.193567 0.0821056 0.601441 9.9946E-05 9.9946E-05 9.9946E-05 9.9946E-05
9.9946E-05 0.0546242 9.9946E-05 9.9946E-05 9.9946E-05 0.207042 0.0485096 0.506459 0.0798566 9.9946E-05 0.102909 9.9946E-05
0.0434547 9.9955E-05 9.9955E-05 0.0304655 9.9955E-05 0.171829 0.130028 0.438494 0.0357515 9.9955E-05 0.149477 9.9955E-05
0.0206134 9.9982E-05 0.0289061 0.183088 0.0790546 0.150268 0.129599 0.245797 0.037739 9.9982E-05 0.0944599 0.0302747
9.9955E-05 0.0961246 9.9955E-05 0.055342 9.9955E-05 0.303092 0.0492736 0.351376 0.0422769 9.9955E-05 0.102016 9.9955E-05
9.9955E-05 9.9955E-05 0.00817264 0.0238416 9.9955E-05 0.0912276 0.0893496 0.708727 0.052472 9.9955E-05 0.0257096 9.9955E-05
9.9946E-05 9.9946E-05 0.00295796 0.120303 9.9946E-05 0.140671 9.9946E-05 0.493722 0.0359796 9.9946E-05 0.205766 9.9946E-05
9.9955E-05 9.9955E-05 0.0278827 0.132512 0.0402174 0.126692 0.110075 0.470897 9.9955E-05 9.9955E-05 0.0912234 9.9955E-05
9.9964E-05 0.0225634 9.9964E-05 0.12407 0.0173467 0.130211 0.0264027 0.467007 0.0309395 9.9964E-05 0.181059 9.9964E-05
0.0533476 0.0498099 9.9973E-05 0.0848145 9.9973E-05 0.349769 9.9973E-05 0.260095 0.020626 0.0154737 0.113591 0.0521736
0.0758866 0.0116262 9.9973E-05 0.0825797 9.9973E-05 0.118438 0.0504292 0.427636 0.0347444 0.0196323 0.178728 9.9973E-05
0.10114 9.9964E-05 9.9964E-05 0.13232 9.9964E-05 0.102943 0.0608146 0.394888 0.0159477 0.022533 0.169014 9.9964E-05
0.113986 0.00309612 9.9973E-05 0.0660972 9.9973E-05 0.168702 0.0346427 0.392849 9.9973E-05 0.026474 0.190271 0.00358306
9.9955E-05 9.9955E-05 9.9955E-05 0.00407684 9.9955E-05 0.0781912 0.0484422 0.719565 9.9955E-05 0.0152396 0.0971846 0.0368012
9.9946E-05 0.0194286 9.9946E-05 9.9946E-05 9.9946E-05 0.0779182 0.024045 0.734132 9.9946E-05 9.9946E-05 0.115485 0.028391
0.123395 9.9973E-05 0.00758627 0.0943207 9.9973E-05 0.104695 0.0309772 0.361968 0.0169805 0.0478994 0.211878 9.9973E-05
0.0827256 9.9964E-05 0.0353763 0.10317 9.9964E-05 0.13423 0.054148 0.372106 9.9964E-05 0.0182541 0.19959 9.9964E-05
0.0721125 9.9964E-05 9.9964E-05 0.103615 0.0295562 0.213084 0.0665312 0.422799 0.0437746 9.9964E-05 0.0481279 9.9964E-05
0.0521962 9.9964E-05 9.9964E-05 0.166812 0.0421834 0.175816 9.9964E-05 0.386593 0.052169 9.9964E-05 0.122984 0.000846713
0.0379345 9.9973E-05 0.0962896 9.9973E-05 0.0150561 0.201649 0.0113479 0.528462 0.0185069 9.9973E-05 0.0509762 0.0394784
9.9955E-05 0.0347063 0.0337182 0.043275 0.0345481 0.178572 9.9955E-05 0.554453 9.9955E-05 9.9955E-05 0.120228 9.9955E-05
9.9955E-05 9.9955E-05 9.9955E-05 9.9955E-05 0.0190907 0.209422 0.0796378 0.585103 0.0197299 9.9955E-05 0.0859193 0.000598107
0.0122487 0.0265938 0.0448142 0.0353703 0.0357128 0.182812 0.00202709 0.418216 0.0288108 9.9982E-05 0.213194 9.9982E-05
0.0386922 9.9964E-05 9.9964E-05 0.0636566 0.0841758 0.208972 9.9964E-05 0.382176 0.118553 0.00993521 0.0934398 9.9964E-05
9.9955E-05 0.097332 0.0621524 9.9955E-05 9.9955E-05 0.189667 0.0901313 0.432174 0.00217791 9.9955E-05 0.125865 9.9955E-05
0.0705019 9.9973E-05 0.0242577 0.0641246 9.9973E-05 0.129478 0.107576 0.492784 0.00994168 9.9973E-05 0.0270048 0.0740314
0.0599572 0.00958556 0.0288153 0.104162 9.9982E-05 0.129324 0.0364014 0.488906 0.0388493 9.9982E-05 0.049713 0.0540858
0.0635353 0.0590419 0.0657318 9.9982E-05 0.022439 0.161807 0.0323875 0.432485 0.0604917 9.9982E-05 0.0760544 0.0258256
9.9946E-05 0.027937 9.9946E-05 9.9946E-05 9.9946E-05 0.324347 0.0372227 0.532687 0.0534734 9.9946E-05 0.0237335 9.9946E-05
0.0198811 0.0163475 0.0166987 9.9955E-05 9.9955E-05 0.30453 9.9955E-05 0.504292 0.0530217 9.9955E-05 0.0847291 9.9955E-05
0.0925116 9.9982E-05 0.0683983 0.0078654 9.9982E-05 0.157273 0.102771 0.384082 0.00535489 0.0132653 0.149425 0.0188527
0.0681318 9.9964E-05 0.0673298 0.00706997 9.9964E-05 0.182137 0.111779 0.345384 9.9964E-05 9.9964E-05 0.206079 0.0116902
0.0836313 9.9955E-05 0.071499 9.9955E-05 9.9955E-05 0.124142 0.130252 0.359754 9.9955E-05 9.9955E-05 0.199754 0.0304685
9.9973E-05 0.0812692 9.9973E-05 0.093831 0.00705224 0.272962 0.0789823 0.175083 0.0333188 0.0538767 0.203325 9.9973E-05
9.9982E-05 9.9982E-05 0.116979 0.0462746 0.00997133 0.0860978 0.0348306 0.407429 0.0832213 0.0426213 0.116874 0.0555008
0.0264561 0.0657047 0.0111967 0.019475 9.9973E-05 0.166347 9.9973E-05 0.52067 0.0640213 0.000161113 0.125668 9.9973E-05
0.0581562 0.0531696 0.0281542 0.0268072 9.9973E-05 0.151442 9.9973E-05 0.463455 0.0570277 0.0362536 0.125234 9.9973E-05
0.0588934 9.9982E-05 0.0248026 0.139355 0.0593074 0.13703 0.0692297 0.358868 0.0564023 0.0188832 0.0770292 9.9982E-05
0.0344038 0.0189263 9.9955E-05 9.9955E-05 9.9955E-05 0.347499 0.0672631 0.363436 0.0669278 9.9955E-05 0.101044 9.9955E-05
0.0383701 0.105782 0.0464048 9.9973E-05 9.9973E-05 0.128612 0.0966365 0.471973 9.9973E-05 0.0446401 0.0465956 0.0206859
9.9973E-05 0.0593254 0.0701022 0.0649183 9.9973E-05 0.138681 0.0632977 0.495513 0.0123754 9.9973E-05 0.077414 0.0180733
0.168741 9.9964E-05 0.00891727 0.02383 0.0230678 0.152341 9.9964E-05 0.548487 0.0736288 9.9964E-05 9.9964E-05 0.0005868
0.0279216 0.0116609 0.0542771 0.0466398 0.0653557 0.206434 0.137914 0.301679 0.023456 9.9991E-05 0.0995967 0.0249652
9.9946E-05 0.0992976 0.0029149 0.0345295 9.9946E-05 0.076232 9.9946E-05 0.734347 9.9946E-05 0.052079 9.9946E-05 9.9946E-05
9.9937E-05 0.111809 9.9937E-05 0.0415931 9.9937E-05 0.0410089 9.9937E-05 0.73976 9.9937E-05 0.0651295 9.9937E-05 9.9937E-05
9.9946E-05 0.0961855 9.9946E-05 0.0100869 9.9946E-05 0.0545664 9.9946E-05 0.715378 9.9946E-05 0.0859269 0.037257 9.9946E-05
9.9955E-05 0.0486607 9.9955E-05 0.0322486 0.000804508 0.0517428 9.9955E-05 0.807942 9.9955E-05 0.0532224 9.9955E-05 0.00487896
9.9937E-05 0.0710623 9.9937E-05 0.0182079 9.9937E-05 0.0480265 9.9937E-05 0.728476 9.9937E-05 0.133528 9.9937E-05 9.9937E-05
9.9937E-05 0.0816487 9.9937E-05 0.0215865 9.9937E-05 0.041732 9.9937E-05 0.772489 9.9937E-05 0.0818438 9.9937E-05 9.9937E-05
0.0890528 0.0369701 9.9973E-05 9.9973E-05 0.0431155 0.0707137 0.0512485 0.548752 0.0659583 0.0272681 0.0666207 9.9973E-05
9.9937E-05 0.0719936 9.9937E-05 0.0275542 9.9937E-05 0.0500073 9.9937E-05 0.762885 9.9937E-05 0.0868602 9.9937E-05 9.9937E-05
0.100766 9.9946E-05 9.9946E-05 9.9946E-05 9.9946E-05 0.0749561 0.0656431 0.678532 0.0302321 9.9946E-05 0.0492708 9.9946E-05
0.0384908 9.9964E-05 9.9964E-05 0.0709445 0.0314341 0.10475 9.9964E-05 0.587435 0.0479457 0.0649781 0.0536222 9.9964E-05
0.164206 0.0395021 9.9964E-05 0.0111665 9.9964E-05 0.0619719 0.000863794 0.5568 0.0859934 9.9964E-05 0.0790967 9.9964E-05
0.157349 0.0455051 9.9964E-05 0.0329578 9.9964E-05 0.0403044 0.00639102 0.54265 0.0999252 9.9964E-05 0.0745177 9.9964E-05
0.038546 9.9964E-05 9.9964E-05 0.0567681 0.0155055 0.125925 0.0601669 0.594118 9.9964E-05 0.0890554 0.0195148 9.9964E-05
0.0729552 0.0330723 9.9973E-05 0.0328258 0.0223844 0.0537313 0.106056 0.572812 0.024464 9.9973E-05 0.0813989 9.9973E-05
0.0839406 0.0596891 9.9964E-05 9.9964E-05 9.9964E-05 0.135786 0.147163 0.425705 0.0440574 0.0709839 0.0322764 9.9964E-05
0.0626892 0.0279922 9.9973E-05 9.9973E-05 9.9973E-05 0.0590332 0.0818103 0.590926 0.0550281 0.0846033 0.0294366 0.00818122
0.0755084 0.0338553 9.9973E-05 0.0609674 9.9973E-05 0.0521521 0.134742 0.506577 0.0515697 0.0320579 0.0522704 9.9973E-05
0.0154747 9.9973E-05 9.9973E-05 0.0136901 0.0248829 0.103903 0.0428472 0.75086 0.0109444 0.0225652 0.0145324 9.9973E-05
0.00682447 9.99371E-05 9.99371E-05 9.99371E-05 9.99371E-05 0.135461 0.0668859 0.733011 9.99371E-05 9.99371E-05 0.0571172 9.99371E-05
0.0253129 9.9955E-05 9.9955E-05 0.0076694 9.9955E-05 0.133512 0.0485253 0.765807 0.00240537 9.9955E-05 0.0162686 9.9955E-05
0.101218 9.9973E-05 9.9973E-05 0.038993 0.0864201 0.0820504 0.177718 0.42483 0.0382922 0.0368812 0.013297 9.9973E-05
0.09913 9.9964E-05 9.9964E-05 0.0131184 9.9964E-05 0.011913 0.0733357 0.692603 9.9964E-05 0.0421838 0.066342 0.000973783
0.0678519 9.9973E-05 9.9973E-05 0.0392936 0.00219941 0.0366321 0.1012 0.682369 9.9973E-05 0.0386516 0.0293589 0.00214347
0.0374446 9.9973E-05 0.0290946 9.9973E-05 9.9973E-05 0.0196326 0.1251 0.71909 0.00253597 0.0171264 0.00341293 0.0462628
0.0536011 9.9973E-05 0.0242866 0.0345492 0.000700273 9.9973E-05 0.104197 0.715788 9.9973E-05 0.0105463 0.0340174 0.0220147
0.0695224 9.9964E-05 9.9964E-05 0.0248546 0.0198921 0.00586386 0.120683 0.702565 9.9964E-05 0.018888 0.0373311 9.9964E-05
0.0326764 0.00316211 0.0378154 0.0886194 9.9982E-05 0.131641 0.164533 0.226333 0.0760348 9.9982E-05 0.121669 0.117315
9.9946E-05 9.9946E-05 9.9946E-05 0.0973434 9.9946E-05 0.171848 0.108262 0.47905 9.9946E-05 9.9946E-05 0.103436 0.0394608
0.0170693 0.0409612 9.9982E-05 0.134349 0.0623044 0.0482371 0.0734548 0.428191 0.0535819 9.9982E-05 0.10222 0.0394317
9.9982E-05 0.0293705 0.00013259 0.0779907 0.0213699 0.0582803 0.0358076 0.681426 0.0789633 0.00536803 0.0110912 9.9982E-05
0.0873218 0.00443456 9.9955E-05 0.0327008 9.9955E-05 0.0504473 0.100693 0.63741 9.9955E-05 0.0864929 9.9955E-05 9.9955E-05
0.0537153 9.9964E-05 9.9964E-05 0.0457824 9.9964E-05 0.0117717 0.110786 0.666567 9.9964E-05 0.0766097 0.0227837 0.011584
9.9964E-05 9.9964E-05 9.9964E-05 0.0105111 9.9964E-05 0.214457 0.199945 0.429743 0.00553171 0.0528914 0.0240843 0.0624378
9.9955E-05 0.0463627 9.9955E-05 0.138228 9.9955E-05 0.170674 0.142821 0.305271 9.9955E-05 9.9955E-05 0.0699677 0.126176
9.9955E-05 0.00328346 9.9955E-05 0.151754 9.9955E-05 0.130091 0.150653 0.46087 9.9955E-05 9.9955E-05 0.0669084 0.0359387
0.0837752 0.134 9.9973E-05 0.0119687 0.044432 0.0222929 0.108862 0.55389 0.016912 9.9973E-05 0.0235673 9.9973E-05
0.0522456 0.116658 9.9973E-05 0.0418966 9.9973E-05 0.116785 0.0576043 0.480853 0.0779815 0.0234128 0.0322639 9.9973E-05
0.00982196 0.101137 9.9982E-05 0.0618391 0.0187141 0.154302 0.0197121 0.487439 0.0756655 0.034578 0.0365921 9.9982E-05
9.99281E-05 9.99281E-05 9.99281E-05 9.99281E-05 9.99281E-05 0.0310559 9.99281E-05 0.949231 9.99281E-05 9.99281E-05 0.00103529 0.0178787
0.0321249 9.9946E-05 9.9946E-05 0.0571525 9.9946E-05 9.9946E-05 9.9946E-05 0.783397 0.0566985 9.9946E-05 0.0523594 0.0176678
0.00016222 9.9955E-05 9.9955E-05 0.0518465 9.9955E-05 0.0161804 9.9955E-05 0.874475 9.9955E-05 0.0243846 0.019831 0.0126208
0.0116378 0.116453 9.9973E-05 0.145164 0.0410975 9.9973E-05 0.0116549 0.547417 9.9973E-05 0.0543049 0.0293296 0.0426414
0.0146267 0.0777458 9.9973E-05 0.110468 0.0164483 0.00870746 0.0244159 0.669697 9.9973E-05 0.0636537 0.0139377 9.9973E-05
0.0170317 0.0658073 9.9964E-05 0.162803 9.9964E-05 0.0578232 0.108407 0.547452 0.0188582 0.0214178 9.9964E-05 9.9964E-05
9.9973E-05 0.0703051 9.9973E-05 0.117524 0.0457201 0.0225537 0.0495459 0.647894 9.9973E-05 0.0173125 0.00775691 0.0210879
9.9955E-05 0.0804823 9.9955E-05 0.113573 0.0583433 0.0607705 0.0416815 0.630176 9.9955E-05 0.0144736 9.9955E-05 9.9955E-05
0.0173208 0.0799389 9.9964E-05 0.189092 0.0612808 9.9964E-05 0.0199851 0.592769 0.00677761 9.9964E-05 0.0324362 9.9964E-05
9.9955E-05 9.9955E-05 9.9955E-05 0.0310933 9.9955E-05 0.00740847 0.0224493 0.829759 0.0128248 9.9955E-05 0.0620536 0.0339121
9.9973E-05 0.0808538 9.9973E-05 0.0903681 0.0548447 0.0497009 0.0579052 0.572229 0.0276219 0.056848 9.9973E-05 0.00932828
0.0188858 0.0754804 9.9982E-05 0.123973 0.0581148 0.0268461 0.05563 0.588727 0.000160602 0.0285296 9.9982E-05 0.0234523
9.9955E-05 0.0885836 9.9955E-05 0.146982 0.0539763 0.0100228 0.0636437 0.609531 9.9955E-05 0.0267609 9.9955E-05 9.9955E-05
9.9946E-05 0.0125931 9.9946E-05 9.9946E-05 9.9946E-05 0.0353031 0.135819 0.733573 9.9946E-05 9.9946E-05 0.0698865 0.0122259
9.9946E-05 0.0465021 9.9946E-05 9.9946E-05 9.9946E-05 0.0334824 0.143625 0.686315 9.9946E-05 9.9946E-05 0.081015 0.00846089
9.9946E-05 0.0582155 9.9946E-05 9.9946E-05 9.9946E-05 0.0264794 0.148195 0.692479 9.9946E-05 9.9946E-05 0.0537101 0.020322
9.9946E-05 0.0299136 9.9946E-05 9.9946E-05 9.9946E-05 0.0504997 0.117701 0.715166 9.9946E-05 9.9946E-05 0.0653692 0.0207512
9.9946E-05 0.0350771 9.9946E-05 9.9946E-05 9.9946E-05 0.0489356 0.140841 0.693375 9.9946E-05 9.9946E-05 0.0584049 0.0227661
9.9955E-05 0.0356448 9.9955E-05 9.9955E-05 0.00427754 0.0576723 0.146853 0.668569 9.9955E-05 9.9955E-05 0.0594787 0.027005
9.9955E-05 0.0410756 9.9955E-05 9.9955E-05 0.0118553 0.0215564 0.126431 0.722322 9.9955E-05 9.9955E-05 0.0646071 0.0116524
9.9937E-05 9.9937E-05 9.9937E-05 0.0769891 0.0345461 0.0643201 9.9937E-05 0.713544 9.9937E-05 9.9937E-05 9.9937E-05 0.109901
9.99191E-05 9.99191E-05 9.99191E-05 9.99191E-05 9.99191E-05 9.99191E-05 9.99191E-05 0.908411 0.0372811 9.99191E-05 9.99191E-05 0.053409
9.9937E-05 9.9937E-05 9.9937E-05 9.9937E-05 9.9937E-05 9.9937E-05 0.0021382 0.798251 0.072125 0.0158552 9.9937E-05 0.110931
0.0257873 9.9937E-05 9.9937E-05 9.9937E-05 0.0201481 9.9937E-05 9.9937E-05 0.849024 0.0472621 9.9937E-05 9.9937E-05 0.0570788
0.0412645 9.9937E-05 9.9937E-05 9.9937E-05 9.9937E-05 9.9937E-05 9.9937E-05 0.770011 0.032727 0.0341992 9.9937E-05 0.121099
9.9928E-05 9.9928E-05 9.9928E-05 9.9928E-05 9.9928E-05 9.9928E-05 9.9928E-05 0.856117 0.0548996 0.0109949 9.9928E-05 0.0771888
9.9928E-05 9.9928E-05 9.9928E-05 0.0963886 9.9928E-05 9.9928E-05 9.9928E-05 0.817372 9.9928E-05 0.0513449 9.9928E-05 0.0340949
0.013386 0.186488 9.9955E-05 9.9955E-05 9.9955E-05 0.0515022 9.9955E-05 0.602319 0.0166879 9.9955E-05 0.0476262 0.081491
0.0182466 0.154572 0.0172523 0.0430306 9.9982E-05 0.0231313 9.9982E-05 0.520338 0.0550722 0.0326189 0.0597059 0.0758328
9.9955E-05 0.168983 9.9955E-05 9.9955E-05 0.0242344 0.0283349 9.9955E-05 0.645822 0.0489073 9.9955E-05 0.0412035 0.0420153
0.100294 9.9955E-05 9.9955E-05 0.115232 0.104563 9.9955E-05 0.0668892 0.559286 0.0439621 9.9955E-05 9.9955E-05 0.00927528
0.0121566 9.9928E-05 9.9928E-05 9.9928E-05 9.9928E-05 9.9928E-05 9.9928E-05 0.856941 0.0764594 9.9928E-05 9.9928E-05 0.0536438
9.9946E-05 0.0191635 9.9946E-05 0.0302622 9.9946E-05 9.9946E-05 9.9946E-05 0.891553 0.0216668 0.0146124 9.9946E-05 0.0221422
0.0230679 9.9982E-05 0.00875422 0.0128333 0.0196732 0.0201262 9.9982E-05 0.65445 0.0812224 0.088584 0.00116851 0.0899205
0.0990432 9.9973E-05 9.9973E-05 0.0846868 0.106286 0.0136464 0.0745434 0.586219 9.9973E-05 0.0100353 0.0194603 0.00577947
0.0871129 9.9964E-05 9.9964E-05 0.0386256 0.109801 0.0601212 0.0759773 0.564952 9.9964E-05 9.9964E-05 0.00827435 0.0547348
0.0627239 9.9946E-05 9.9946E-05 9.9946E-05 9.9946E-05 9.9946E-05 0.0731108 0.768039 0.050113 0.0254028 9.9946E-05 0.0200111
