0.00497671 9.99101E-05 0.451628 9.99101E-05 0.0100441 0.142207 9.99101E-05 0.0523403 9.99101E-05 9.99101E-05 9.99101E-05 0.0142038 0.020064 9.99101E-05 9.99101E-05 0.040099 9.99101E-05 0.0186054 0.130109 9.99101E-05 0.0467142 0.0680093
9.99101E-05 0.022641 0.497913 0.0171633 9.99101E-05 0.0551846 0.0233434 0.0873495 9.99101E-05 9.99101E-05 0.0205501 0.0370823 0.00587908 9.99101E-05 9.99101E-05 9.99101E-05 9.99101E-05 9.99101E-05 0.17369 9.99101E-05 0.0217126 0.0364914
9.9919E-05 9.9919E-05 0.574728 9.9919E-05 0.0192215 0.000221441 9.9919E-05 9.9919E-05 0.0549582 0.0278 9.9919E-05 9.9919E-05 0.0771341 9.9919E-05 0.0140477 0.0477413 0.0740721 9.9919E-05 0.0595088 0.00231325 0.0118933 0.0354613
9.98383E-05 9.98383E-05 0.929153 9.98383E-05 9.98383E-05 9.98383E-05 9.98383E-05 0.0407341 9.98383E-05 9.98383E-05 9.98383E-05 0.02809 9.98383E-05 9.98383E-05 9.98383E-05 9.98383E-05 0.000225867 9.98383E-05 9.98383E-05 9.98383E-05 9.98383E-05 9.98383E-05
0.121276 9.99011E-05 0.497442 9.99011E-05 9.99011E-05 9.99011E-05 9.99011E-05 9.99011E-05 9.99011E-05 0.0402705 9.99011E-05 9.99011E-05 0.0341189 0.00912402 0.060186 0.0692545 9.99011E-05 0.0150599 0.115378 0.0294334 9.99011E-05 0.00735827
9.98293E-05 9.98293E-05 0.934139 9.98293E-05 9.98293E-05 9.98293E-05 9.98293E-05 0.0561031 9.98293E-05 9.98293E-05 9.98293E-05 0.00786122 9.98293E-05 9.98293E-05 9.98293E-05 9.98293E-05 9.98293E-05 9.98293E-05 9.98293E-05 9.98293E-05 9.98293E-05 9.98293E-05
9.98203E-05 9.98203E-05 0.941552 9.98203E-05 9.98203E-05 9.98203E-05 9.98203E-05 0.056452 9.98203E-05 9.98203E-05 9.98203E-05 9.98203E-05 9.98203E-05 9.98203E-05 9.98203E-05 9.98203E-05 9.98203E-05 9.98203E-05 9.98203E-05 9.98203E-05 9.98203E-05 9.98203E-05
0.172073 0.0426044 0.394252 9.99191E-05 9.99191E-05 9.99191E-05 9.99191E-05 9.99191E-05 9.99191E-05 9.99191E-05 0.0183944 9.99191E-05 0.0224834 0.0151041 0.0651546 0.0552637 9.99191E-05 0.0198964 0.0110453 0.0572009 0.0861069 0.0395215
0.16433 0.00552107 0.551563 0.0353184 9.98741E-05 0.0045852 9.98741E-05 0.0622592 9.98741E-05 9.98741E-05 9.98741E-05 9.98741E-05 9.98741E-05 9.98741E-05 9.98741E-05 9.98741E-05 9.98741E-05 0.051342 0.123683 9.98741E-05 9.98741E-05 9.98741E-05
0.116934 9.99011E-05 0.403969 9.99011E-05 9.99011E-05 9.99011E-05 0.0148486 0.10613 9.99011E-05 9.99011E-05 0.00675567 9.99011E-05 0.0454219 9.99011E-05 9.99011E-05 0.130755 9.99011E-05 0.0630809 0.0558624 9.99011E-05 0.0511115 0.00403241
0.0316836 9.98921E-05 0.7211 0.0787074 9.98921E-05 9.98921E-05 9.98921E-05 9.98921E-05 9.98921E-05 9.98921E-05 0.0176688 0.0108893 0.0480838 0.0115857 0.0121523 9.98921E-05 9.98921E-05 0.042086 9.98921E-05 9.98921E-05 9.98921E-05 0.0248443
0.149517 9.98831E-05 0.540604 0.0172637 9.98831E-05 0.0803277 0.0224809 0.0531359 9.98831E-05 0.00635395 9.98831E-05 9.98831E-05 9.98831E-05 9.98831E-05 9.98831E-05 0.0832937 9.98831E-05 9.98831E-05 0.0457256 9.98831E-05 9.98831E-05 9.98831E-05
9.98472E-05 9.98472E-05 0.958214 0.00455412 0.0104513 9.98472E-05 9.98472E-05 9.98472E-05 9.98472E-05 9.98472E-05 0.000921881 9.98472E-05 9.98472E-05 9.98472E-05 9.98472E-05 9.98472E-05 9.98472E-05 0.024161 9.98472E-05 9.98472E-05 9.98472E-05 9.98472E-05
9.98293E-05 9.98293E-05 0.996133 9.98293E-05 9.98293E-05 9.98293E-05 9.98293E-05 9.98293E-05 9.98293E-05 9.98293E-05 9.98293E-05 9.98293E-05 9.98293E-05 9.98293E-05 9.98293E-05 9.98293E-05 9.98293E-05 0.00030034 9.98293E-05 0.0016703 9.98293E-05 9.98293E-05
9.98203E-05 9.98203E-05 0.967377 9.98203E-05 9.98203E-05 9.98203E-05 9.98203E-05 9.98203E-05 9.98203E-05 9.98203E-05 9.98203E-05 9.98203E-05 9.98203E-05 9.98203E-05 9.98203E-05 9.98203E-05 9.98203E-05 9.98203E-05 9.98203E-05 0.0306262 9.98203E-05 9.98203E-05
9.98293E-05 0.0236631 0.938884 9.98293E-05 9.98293E-05 9.98293E-05 9.98293E-05 9.98293E-05 9.98293E-05 0.0355562 9.98293E-05 9.98293E-05 9.98293E-05 9.98293E-05 9.98293E-05 9.98293E-05 9.98293E-05 9.98293E-05 9.98293E-05 9.98293E-05 9.98293E-05 9.98293E-05
9.98795E-05 0.0079019 0.611788 9.98795E-05 0.0979309 9.98795E-05 9.98795E-05 9.98795E-05 9.98795E-05 9.98795E-05 9.98795E-05 9.98795E-05 0.0055908 9.98795E-05 0.0693872 0.149039 0.0111435 9.98795E-05 0.0458209 9.98795E-05 9.98795E-05 9.98795E-05
9.98741E-05 9.98741E-05 0.646918 9.98741E-05 0.0723873 9.98741E-05 9.98741E-05 9.98741E-05 9.98741E-05 9.98741E-05 0.0333382 9.98741E-05 0.0180983 9.98741E-05 0.0640784 0.148966 0.00155902 9.98741E-05 0.0132564 9.98741E-05 9.98741E-05 9.98741E-05
9.98741E-05 9.98741E-05 0.70113 9.98741E-05 0.0252115 0.00624238 9.98741E-05 9.98741E-05 9.98741E-05 9.98741E-05 9.98741E-05 9.98741E-05 9.98741E-05 9.98741E-05 0.0288788 0.20125 0.0186635 0.00503228 9.98741E-05 0.0121935 9.98741E-05 9.98741E-05
9.98113E-05 9.98113E-05 9.98113E-05 9.98113E-05 9.98113E-05 9.98113E-05 9.98113E-05 9.98113E-05 9.98113E-05 9.98113E-05 9.98113E-05 9.98113E-05 0.997904 9.98113E-05 9.98113E-05 9.98113E-05 9.98113E-05 9.98113E-05 9.98113E-05 9.98113E-05 9.98113E-05 9.98113E-05
9.98921E-05 0.0352818 0.125346 9.98921E-05 9.98921E-05 9.98921E-05 9.98921E-05 0.0183353 9.98921E-05 9.98921E-05 0.0115971 0.0373053 0.268512 9.98921E-05 9.98921E-05 9.98921E-05 0.0496659 9.98921E-05 0.417148 0.00292061 9.98921E-05 0.0326897
9.98921E-05 0.00820044 0.137171 0.0680531 9.98921E-05 9.98921E-05 9.98921E-05 0.0457731 9.98921E-05 9.98921E-05 9.98921E-05 0.075366 0.221202 9.98921E-05 9.98921E-05 9.98921E-05 0.00142101 9.98921E-05 0.406104 9.98921E-05 0.00733649 0.0281749
9.98652E-05 9.98652E-05 0.196351 9.98652E-05 9.98652E-05 0.0463103 9.98652E-05 0.128691 9.98652E-05 9.98652E-05 0.00751606 9.98652E-05 0.193329 9.98652E-05 0.213779 9.98652E-05 9.98652E-05 9.98652E-05 0.212524 9.98652E-05 9.98652E-05 9.98652E-05
0.0937227 9.99101E-05 0.158877 9.99101E-05 9.99101E-05 9.99101E-05 0.0422839 0.0598306 0.0258415 9.99101E-05 9.99101E-05 9.99101E-05 0.153739 9.99101E-05 0.0905374 9.99101E-05 0.0545551 9.99101E-05 0.204976 0.00554027 0.091046 0.0180505
0.155391 0.00418225 0.0709598 9.99101E-05 9.99101E-05 0.00398659 9.99101E-05 0.184538 9.99101E-05 9.99101E-05 9.99101E-05 9.99101E-05 0.143312 9.99101E-05 0.0222433 9.99101E-05 0.0552567 0.0493589 0.264984 0.0361181 0.00867052 9.99101E-05
0.0444623 9.98652E-05 0.211305 9.98652E-05 9.98652E-05 9.98652E-05 9.98652E-05 0.0583036 9.98652E-05 9.98652E-05 9.98652E-05 9.98652E-05 0.266531 9.98652E-05 9.98652E-05 9.98652E-05 9.98652E-05 9.98652E-05 0.350351 0.063322 0.00422795 9.98652E-05
9.98831E-05 0.0508152 0.0684938 0.0414499 9.98831E-05 9.98831E-05 9.98831E-05 0.157526 9.98831E-05 9.98831E-05 0.0119189 9.98831E-05 0.258571 9.98831E-05 9.98831E-05 9.98831E-05 9.98831E-05 0.0441904 0.329885 0.0358514 9.98831E-05 9.98831E-05
0.127072 9.99011E-05 0.162287 9.99011E-05 0.0123914 9.99011E-05 9.99011E-05 0.0109727 9.99011E-05 9.99011E-05 9.99011E-05 0.0340021 0.151741 9.99011E-05 9.99011E-05 0.0127227 0.0493668 9.99011E-05 0.414033 9.99011E-05 0.00528681 0.0190255
0.103498 9.98741E-05 0.155836 9.98741E-05 9.98741E-05 9.98741E-05 9.98741E-05 0.0453032 9.98741E-05 9.98741E-05 9.98741E-05 0.00179551 0.162845 9.98741E-05 9.98741E-05 9.98741E-05 0.0226265 9.98741E-05 0.472169 9.98741E-05 9.98741E-05 0.0345282
9.98113E-05 9.98113E-05 9.98113E-05 9.98113E-05 9.98113E-05 9.98113E-05 9.98113E-05 9.98113E-05 9.98113E-05 9.98113E-05 9.98113E-05 9.98113E-05 0.997904 9.98113E-05 9.98113E-05 9.98113E-05 9.98113E-05 9.98113E-05 9.98113E-05 9.98113E-05 9.98113E-05 9.98113E-05
9.98203E-05 9.98203E-05 9.98203E-05 9.98203E-05 9.98203E-05 9.98203E-05 9.98203E-05 9.98203E-05 9.98203E-05 9.98203E-05 9.98203E-05 9.98203E-05 0.986355 9.98203E-05 9.98203E-05 9.98203E-05 9.98203E-05 0.0116483 9.98203E-05 9.98203E-05 9.98203E-05 9.98203E-05
9.98203E-05 9.98203E-05 9.98203E-05 9.98203E-05 9.98203E-05 9.98203E-05 9.98203E-05 9.98203E-05 9.98203E-05 9.98203E-05 9.98203E-05 9.98203E-05 0.98675 9.98203E-05 9.98203E-05 9.98203E-05 0.0112533 9.98203E-05 9.98203E-05 9.98203E-05 9.98203E-05 9.98203E-05
9.98113E-05 9.98113E-05 9.98113E-05 9.98113E-05 9.98113E-05 9.98113E-05 9.98113E-05 9.98113E-05 9.98113E-05 9.98113E-05 9.98113E-05 9.98113E-05 0.997904 9.98113E-05 9.98113E-05 9.98113E-05 9.98113E-05 9.98113E-05 9.98113E-05 9.98113E-05 9.98113E-05 9.98113E-05
9.98383E-05 9.98383E-05 9.98383E-05 9.98383E-05 9.98383E-05 9.98383E-05 0.0482951 9.98383E-05 9.98383E-05 9.98383E-05 9.98383E-05 9.98383E-05 0.913444 9.98383E-05 9.98383E-05 9.98383E-05 9.98383E-05 9.98383E-05 0.0195063 9.98383E-05 9.98383E-05 0.0169578
9.98382E-05 9.98382E-05 0.0210066 9.98382E-05 0.0151049 9.98382E-05 9.98382E-05 9.98382E-05 9.98382E-05 9.98382E-05 9.98382E-05 9.98382E-05 0.942948 9.98382E-05 0.0191431 9.98382E-05 9.98382E-05 9.98382E-05 9.98382E-05 9.98382E-05 9.98382E-05 9.98382E-05
0.126782 9.99011E-05 0.00889848 9.99011E-05 0.0138259 0.0153638 0.0706294 0.175123 9.99011E-05 9.99011E-05 9.99011E-05 9.99011E-05 0.179503 9.99011E-05 0.120339 9.99011E-05 9.99011E-05 9.99011E-05 0.22316 0.00932728 9.99011E-05 0.0559492
9.9946E-05 9.9946E-05 0.0787284 0.0104858 0.0728301 0.0209102 0.0386448 0.0686863 9.9946E-05 0.0116289 0.104417 0.0245476 0.161281 0.0716474 0.00187801 0.0204054 9.9946E-05 9.9946E-05 0.282152 0.000628864 9.9946E-05 0.0305282
9.98652E-05 9.98652E-05 0.171585 9.98652E-05 9.98652E-05 0.0502831 9.98652E-05 0.131159 9.98652E-05 9.98652E-05 0.0740213 9.98652E-05 0.143017 9.98652E-05 0.214646 9.98652E-05 9.98652E-05 9.98652E-05 0.213791 9.98652E-05 9.98652E-05 9.98652E-05
9.98562E-05 9.98562E-05 0.0883515 9.98562E-05 9.98562E-05 0.0673199 9.98562E-05 0.087496 9.98562E-05 0.0473254 9.98562E-05 9.98562E-05 9.98562E-05 9.98562E-05 9.98562E-05 9.98562E-05 9.98562E-05 9.98562E-05 0.683949 0.0239603 9.98562E-05 9.98562E-05
0.0595341 9.98921E-05 0.141233 9.98921E-05 9.98921E-05 0.0146258 9.98921E-05 0.0625543 9.98921E-05 0.0819712 9.98921E-05 9.98921E-05 0.00854664 9.98921E-05 9.98921E-05 9.98921E-05 0.0529807 0.0138125 0.477126 0.0864175 9.98921E-05 9.98921E-05
0.0016632 9.98921E-05 0.0977877 0.00156188 9.98921E-05 9.98921E-05 0.0293694 0.0901647 9.98921E-05 0.015861 9.98921E-05 9.98921E-05 0.0251186 9.98921E-05 9.98921E-05 9.98921E-05 9.98921E-05 9.98921E-05 0.627524 0.105467 9.98921E-05 0.004284
9.98742E-05 9.98742E-05 0.157684 9.98742E-05 9.98742E-05 0.0264481 9.98742E-05 9.98742E-05 9.98742E-05 9.98742E-05 0.0922509 9.98742E-05 0.0564695 0.0286458 9.98742E-05 0.0268115 9.98742E-05 9.98742E-05 0.585665 9.98742E-05 0.0246265 9.98742E-05
9.99011E-05 9.99011E-05 0.0436919 9.99011E-05 9.99011E-05 0.152445 0.0107202 9.99011E-05 9.99011E-05 0.0168397 0.0389384 9.99011E-05 0.010226 9.99011E-05 0.00508981 9.99011E-05 0.000200948 9.99011E-05 0.664989 0.0299693 9.99011E-05 0.0257903
0.0902879 9.99011E-05 9.99011E-05 9.99011E-05 0.0743549 0.0288251 0.000703034 9.99011E-05 9.99011E-05 0.0332147 9.99011E-05 9.99011E-05 9.99011E-05 0.000191131 0.0198178 9.99011E-05 0.0383394 9.99011E-05 0.658121 0.0207678 0.0342786 9.99011E-05
9.99191E-05 0.0176193 0.0622128 9.99191E-05 0.0848188 0.0279501 9.99191E-05 9.99191E-05 9.99191E-05 0.0376878 0.0178881 0.00328915 0.0553663 9.99191E-05 0.00322013 0.0913739 9.99191E-05 9.99191E-05 0.533574 9.99191E-05 0.0199376 0.0441624
9.98831E-05 9.98831E-05 0.0926777 9.98831E-05 9.98831E-05 0.0995922 9.98831E-05 9.98831E-05 9.98831E-05 9.98831E-05 9.98831E-05 9.98831E-05 0.0662498 9.98831E-05 0.00801376 0.126055 9.98831E-05 9.98831E-05 0.560322 0.0325735 0.0120564 0.00116129
9.99011E-05 9.99011E-05 0.0417096 9.99011E-05 9.99011E-05 0.0787692 9.99011E-05 0.0388252 9.99011E-05 9.99011E-05 0.0157292 0.0311994 0.0395299 9.99011E-05 0.00417408 9.99011E-05 0.0386764 0.0135565 0.669644 0.0270877 9.99011E-05 9.99011E-05
0.043513 9.98831E-05 0.0453799 9.98831E-05 9.98831E-05 0.0701425 9.98831E-05 9.98831E-05 9.98831E-05 9.98831E-05 0.00811507 0.00575307 0.0333596 9.98831E-05 0.0920986 9.98831E-05 9.98831E-05 0.0352963 0.665043 9.98831E-05 9.98831E-05 9.98831E-05
0.00364407 9.98293E-05 9.98293E-05 0.000263048 9.98293E-05 9.98293E-05 9.98293E-05 9.98293E-05 9.98293E-05 9.98293E-05 9.98293E-05 9.98293E-05 9.98293E-05 9.98293E-05 9.98293E-05 9.98293E-05 9.98293E-05 9.98293E-05 9.98293E-05 0.994196 9.98293E-05 9.98293E-05
9.98652E-05 9.98652E-05 0.00875457 0.00343932 9.98652E-05 9.98652E-05 9.98652E-05 0.00922006 9.98652E-05 0.00256965 0.00847421 9.98652E-05 9.98652E-05 0.00252446 9.98652E-05 9.98652E-05 9.98652E-05 9.98652E-05 9.98652E-05 0.96352 9.98652E-05 9.98652E-05
9.98114E-05 9.98114E-05 9.98114E-05 9.98114E-05 9.98114E-05 9.98114E-05 9.98114E-05 9.98114E-05 9.98114E-05 9.98114E-05 9.98114E-05 9.98114E-05 9.98114E-05 9.98114E-05 9.98114E-05 9.98114E-05 9.98114E-05 9.98114E-05 9.98114E-05 0.997904 9.98114E-05 9.98114E-05
9.98114E-05 9.98114E-05 9.98114E-05 9.98114E-05 9.98114E-05 9.98114E-05 9.98114E-05 9.98114E-05 9.98114E-05 9.98114E-05 9.98114E-05 9.98114E-05 9.98114E-05 9.98114E-05 9.98114E-05 9.98114E-05 9.98114E-05 9.98114E-05 9.98114E-05 0.997904 9.98114E-05 9.98114E-05
9.98293E-05 9.98293E-05 9.98293E-05 9.98293E-05 9.98293E-05 9.98293E-05 9.98293E-05 9.98293E-05 9.98293E-05 0.0022922 9.98293E-05 9.98293E-05 9.98293E-05 9.98293E-05 9.98293E-05 9.98293E-05 9.98293E-05 9.98293E-05 9.98293E-05 0.99255 0.00326067 9.98293E-05
9.98114E-05 9.98114E-05 9.98114E-05 9.98114E-05 9.98114E-05 9.98114E-05 9.98114E-05 9.98114E-05 9.98114E-05 9.98114E-05 9.98114E-05 9.98114E-05 9.98114E-05 9.98114E-05 9.98114E-05 9.98114E-05 9.98114E-05 9.98114E-05 9.98114E-05 0.997904 9.98114E-05 9.98114E-05
9.98562E-05 9.98562E-05 9.98562E-05 9.98562E-05 9.98562E-05 9.98562E-05 9.98562E-05 9.98562E-05 9.98562E-05 9.98562E-05 9.98562E-05 9.98562E-05 0.00456043 9.98562E-05 0.014469 0.012759 0.0100385 9.98562E-05 9.98562E-05 0.94841 9.98562E-05 0.00816551
9.98203E-05 9.98203E-05 9.98203E-05 9.98203E-05 9.98203E-05 9.98203E-05 9.98203E-05 9.98203E-05 9.98203E-05 9.98203E-05 9.98203E-05 9.98203E-05 9.98203E-05 9.98203E-05 9.98203E-05 9.98203E-05 9.98203E-05 9.98203E-05 9.98203E-05 0.990408 0.00759569 9.98203E-05
9.98203E-05 9.98203E-05 9.98203E-05 9.98203E-05 9.98203E-05 9.98203E-05 9.98203E-05 9.98203E-05 9.98203E-05 9.98203E-05 9.98203E-05 9.98203E-05 9.98203E-05 0.0049564 9.98203E-05 9.98203E-05 9.98203E-05 9.98203E-05 9.98203E-05 0.993047 9.98203E-05 9.98203E-05
9.98652E-05 9.98652E-05 0.0980375 0.000335782 9.98652E-05 9.98652E-05 9.98652E-05 0.0788606 9.98652E-05 9.98652E-05 9.98652E-05 9.98652E-05 9.98652E-05 0.00127304 9.98652E-05 9.98652E-05 9.98652E-05 9.98652E-05 0.641576 0.154779 0.0236408 9.98652E-05
9.99101E-05 0.0173791 0.0708653 9.99101E-05 9.99101E-05 0.115671 0.0150415 0.329334 0.0297984 9.99101E-05 9.99101E-05 0.0505923 9.99101E-05 0.00878035 9.99101E-05 9.99101E-05 9.99101E-05 0.0765784 0.223253 0.0289177 9.99101E-05 0.0327893
0.128458 0.00185088 9.99011E-05 0.0039216 9.99011E-05 9.99011E-05 9.99011E-05 0.369755 9.99011E-05 9.99011E-05 9.99011E-05 0.030515 0.0407736 9.99011E-05 9.99011E-05 0.00827768 9.99011E-05 9.99011E-05 0.318477 0.0475116 0.00118768 0.0481725
0.0698042 9.98831E-05 0.103156 0.00506904 9.98831E-05 9.98831E-05 0.05494 0.287091 9.98831E-05 0.0416718 9.98831E-05 9.98831E-05 9.98831E-05 0.00653136 9.98831E-05 9.98831E-05 9.98831E-05 0.10972 0.320717 9.98831E-05 9.98831E-05 9.98831E-05
9.98921E-05 9.98921E-05 9.98921E-05 9.98921E-05 9.98921E-05 0.0106498 9.98921E-05 0.333342 9.98921E-05 0.0614735 0.00422626 9.98921E-05 0.0984302 0.0306854 9.98921E-05 0.0799775 9.98921E-05 9.98921E-05 0.351897 0.0242638 9.98921E-05 0.00385591
0.0870525 9.98831E-05 0.117407 9.98831E-05 9.98831E-05 9.98831E-05 9.98831E-05 0.240264 9.98831E-05 9.98831E-05 0.019176 9.98831E-05 0.0519311 9.98831E-05 0.0376105 9.98831E-05 9.98831E-05 9.98831E-05 0.371457 0.0120146 9.98831E-05 0.0617888
0.0565858 0.0241936 0.0666208 0.0405865 0.00268199 9.9937E-05 0.0906495 0.0679702 9.9937E-05 9.9937E-05 9.9937E-05 0.00144643 0.105461 0.0607769 0.0317087 9.9937E-05 9.9937E-05 9.9937E-05 0.352097 0.0237668 0.00193885 0.0728158
9.98204E-05 9.98204E-05 9.98204E-05 9.98204E-05 9.98204E-05 9.98204E-05 9.98204E-05 0.977174 9.98204E-05 9.98204E-05 9.98204E-05 9.98204E-05 0.02083 9.98204E-05 9.98204E-05 9.98204E-05 9.98204E-05 9.98204E-05 9.98204E-05 9.98204E-05 9.98204E-05 9.98204E-05
0.0224624 9.98831E-05 0.0519444 0.0208222 0.0344635 9.98831E-05 9.98831E-05 0.785152 9.98831E-05 9.98831E-05 9.98831E-05 9.98831E-05 0.0241337 0.023441 0.0219783 9.98831E-05 9.98831E-05 9.98831E-05 0.0143039 9.98831E-05 9.98831E-05 9.98831E-05
9.98921E-05 9.98921E-05 0.0519807 9.98921E-05 9.98921E-05 0.104371 0.0546324 0.358676 0.0220588 9.98921E-05 9.98921E-05 0.0630551 9.98921E-05 0.0110532 9.98921E-05 9.98921E-05 9.98921E-05 0.0791708 0.223073 0.0307299 9.98921E-05 9.98921E-05
0.00416083 9.98831E-05 0.0500798 9.98831E-05 0.010231 9.98831E-05 9.98831E-05 0.748578 9.98831E-05 9.98831E-05 0.00237209 9.98831E-05 0.0162171 9.98831E-05 0.0380232 9.98831E-05 9.98831E-05 0.0308472 0.0981924 9.98831E-05 9.98831E-05 9.98831E-05
9.98741E-05 9.98741E-05 0.00820117 0.00399343 0.0769774 9.98741E-05 9.98741E-05 0.600648 9.98741E-05 9.98741E-05 0.00281503 9.98741E-05 9.98741E-05 9.98741E-05 9.98741E-05 9.98741E-05 9.98741E-05 0.0362687 0.253748 0.0159505 9.98741E-05 9.98741E-05
9.98741E-05 9.98741E-05 0.0354395 0.00253908 0.0794279 9.98741E-05 9.98741E-05 0.566733 9.98741E-05 9.98741E-05 9.98741E-05 9.98741E-05 0.00277913 9.98741E-05 9.98741E-05 9.98741E-05 9.98741E-05 0.0507582 0.24236 0.0185649 9.98741E-05 9.98741E-05
9.98831E-05 9.98831E-05 0.00612512 0.0140251 0.0723881 9.98831E-05 9.98831E-05 0.558822 9.98831E-05 9.98831E-05 9.98831E-05 9.98831E-05 0.0273797 9.98831E-05 9.98831E-05 9.98831E-05 9.98831E-05 0.030462 0.248644 0.0199603 9.98831E-05 0.0208952
0.0817638 9.98562E-05 0.0430584 9.98562E-05 9.98562E-05 9.98562E-05 0.0535285 0.563729 9.98562E-05 9.98562E-05 9.98562E-05 9.98562E-05 9.98562E-05 9.98562E-05 9.98562E-05 9.98562E-05 0.0269372 9.98562E-05 0.229385 9.98562E-05 9.98562E-05 9.98562E-05
9.99101E-05 9.99101E-05 0.0606844 9.99101E-05 0.0623778 9.99101E-05 9.99101E-05 0.326287 0.0981886 0.0134003 9.99101E-05 9.99101E-05 0.0956653 9.99101E-05 9.99101E-05 0.00422268 0.00879972 0.025611 0.248245 0.0366977 0.0188213 9.99101E-05
9.98652E-05 9.98652E-05 0.0556916 9.98652E-05 9.98652E-05 9.98652E-05 9.98652E-05 0.253547 9.98652E-05 9.98652E-05 9.98652E-05 9.98652E-05 0.0757311 9.98652E-05 9.98652E-05 9.98652E-05 9.98652E-05 0.0720895 0.453211 0.0360969 9.98652E-05 0.052135
9.98292E-05 0.00728382 9.98292E-05 9.98292E-05 9.98292E-05 9.98292E-05 9.98292E-05 0.955202 9.98292E-05 9.98292E-05 9.98292E-05 9.98292E-05 9.98292E-05 9.98292E-05 9.98292E-05 0.0356177 9.98292E-05 9.98292E-05 9.98292E-05 9.98292E-05 9.98292E-05 9.98292E-05
9.98202E-05 9.98202E-05 9.98202E-05 9.98202E-05 9.98202E-05 9.98202E-05 9.98202E-05 0.972438 9.98202E-05 9.98202E-05 9.98202E-05 9.98202E-05 9.98202E-05 9.98202E-05 9.98202E-05 0.0255655 9.98202E-05 9.98202E-05 9.98202E-05 9.98202E-05 9.98202E-05 9.98202E-05
9.98651E-05 0.0404887 9.98651E-05 9.98651E-05 9.98651E-05 9.98651E-05 9.98651E-05 0.836009 9.98651E-05 9.98651E-05 0.00149974 9.98651E-05 9.98651E-05 9.98651E-05 0.00922615 0.107667 9.98651E-05 9.98651E-05 9.98651E-05 0.00311452 9.98651E-05 0.000497067
9.98202E-05 9.98202E-05 9.98202E-05 9.98202E-05 9.98202E-05 9.98202E-05 9.98202E-05 0.928668 9.98202E-05 9.98202E-05 9.98202E-05 9.98202E-05 9.98202E-05 9.98202E-05 9.98202E-05 0.0693359 9.98202E-05 9.98202E-05 9.98202E-05 9.98202E-05 9.98202E-05 9.98202E-05
9.98741E-05 0.0776806 9.98741E-05 9.98741E-05 9.98741E-05 9.98741E-05 9.98741E-05 0.143423 0.0484066 0.0399713 9.98741E-05 9.98741E-05 9.98741E-05 0.0166656 9.98741E-05 9.98741E-05 0.00124918 9.98741E-05 0.574004 0.0972013 9.98741E-05 9.98741E-05
0.207665 9.98472E-05 9.98472E-05 9.98472E-05 9.98472E-05 9.98472E-05 0.0342168 9.98472E-05 9.98472E-05 9.98472E-05 9.98472E-05 9.98472E-05 9.98472E-05 9.98472E-05 9.98472E-05 9.98472E-05 9.98472E-05 0.0394378 0.610628 0.106355 9.98472E-05 9.98472E-05
9.99011E-05 9.99011E-05 0.15006 0.0376686 9.99011E-05 9.99011E-05 0.0423134 0.0801829 9.99011E-05 0.0499364 9.99011E-05 9.99011E-05 0.055446 9.99011E-05 9.99011E-05 9.99011E-05 0.00976861 9.99011E-05 0.499268 0.0293157 0.011442 0.0335
9.98742E-05 0.00737787 0.0130127 9.98742E-05 9.98742E-05 9.98742E-05 9.98742E-05 0.0706972 9.98742E-05 9.98742E-05 9.98742E-05 9.98742E-05 0.0477684 0.0162525 9.98742E-05 9.98742E-05 9.98742E-05 9.98742E-05 0.76944 0.0682876 9.98742E-05 0.00576575
9.98921E-05 9.98921E-05 0.0550697 0.0121203 0.00083415 9.98921E-05 9.98921E-05 0.0438393 9.98921E-05 9.98921E-05 9.98921E-05 0.0249788 0.0963471 0.00120238 9.98921E-05 9.98921E-05 9.98921E-05 0.011131 0.6575 0.0957784 9.98921E-05 9.98921E-05
0.0442774 9.98742E-05 0.0806819 0.0276863 9.98742E-05 9.98742E-05 9.98742E-05 0.193564 9.98742E-05 0.0477087 0.013398 9.98742E-05 9.98742E-05 9.98742E-05 9.98742E-05 9.98742E-05 9.98742E-05 9.98742E-05 0.561135 0.0301505 9.98742E-05 9.98742E-05
0.0330223 0.0120363 9.99101E-05 0.048486 0.00519477 0.0949631 9.99101E-05 0.130693 9.99101E-05 9.99101E-05 9.99101E-05 9.99101E-05 0.0130755 9.99101E-05 0.0239307 9.99101E-05 9.99101E-05 0.00619751 0.549927 0.0638779 0.0175971 9.99101E-05
0.0475538 0.00277912 9.98921E-05 9.98921E-05 9.98921E-05 0.0307441 9.98921E-05 0.133911 0.0382422 9.98921E-05 9.98921E-05 9.98921E-05 0.0136427 9.98921E-05 9.98921E-05 0.0652485 9.98921E-05 0.00191715 0.594664 0.0700986 9.98921E-05 9.98921E-05
9.98473E-05 9.98473E-05 9.98473E-05 9.98473E-05 9.98473E-05 9.98473E-05 9.98473E-05 0.240776 9.98473E-05 0.0346289 9.98473E-05 9.98473E-05 9.98473E-05 9.98473E-05 9.98473E-05 9.98473E-05 9.98473E-05 0.0122209 0.657582 0.0530948 9.98473E-05 9.98473E-05
9.9928E-05 0.0253995 0.00611944 9.9928E-05 9.9928E-05 0.0483047 9.9928E-05 0.0732654 9.9928E-05 0.0363212 0.0137514 0.0536289 0.0268478 0.00218962 9.9928E-05 0.0422883 0.0545584 0.044821 0.559846 0.0118592 9.9928E-05 9.9928E-05
9.98741E-05 9.98741E-05 0.0569806 0.0184923 0.0369964 9.98741E-05 0.0395965 0.0530111 9.98741E-05 9.98741E-05 9.98741E-05 9.98741E-05 0.0558271 9.98741E-05 9.98741E-05 9.98741E-05 9.98741E-05 9.98741E-05 0.687723 0.0499747 9.98741E-05 9.98741E-05
9.98831E-05 9.98831E-05 0.0654372 0.0268671 0.0799118 9.98831E-05 0.0106361 0.106209 9.98831E-05 9.98831E-05 0.0428634 9.98831E-05 0.0296934 9.98831E-05 9.98831E-05 9.98831E-05 9.98831E-05 9.98831E-05 0.598079 0.0390051 9.98831E-05 9.98831E-05
9.99011E-05 0.0121259 9.99011E-05 9.99011E-05 9.99011E-05 9.99011E-05 9.99011E-05 0.00754244 9.99011E-05 0.00161257 9.99011E-05 9.99011E-05 0.0841644 9.99011E-05 0.0333977 0.05392 9.99011E-05 0.0125548 0.610182 0.0770637 0.0252683 0.0810692
0.0267819 0.00632969 9.99101E-05 9.99101E-05 9.99101E-05 9.99101E-05 9.99101E-05 0.010999 9.99101E-05 0.00760697 9.99101E-05 9.99101E-05 0.0807234 9.99101E-05 0.0435509 0.00706941 9.99101E-05 0.0187053 0.631148 0.0710272 0.0318684 0.0631908
0.0688107 9.99011E-05 9.99011E-05 0.0381707 0.0886985 9.99011E-05 0.0117536 0.116983 9.99011E-05 9.99011E-05 9.99011E-05 0.0223958 9.99011E-05 9.99011E-05 0.0282052 9.99011E-05 0.00288866 9.99011E-05 0.577107 0.0170133 9.99011E-05 0.0268746
9.98652E-05 9.98652E-05 9.98652E-05 0.0403647 9.98652E-05 9.98652E-05 9.98652E-05 0.11782 9.98652E-05 9.98652E-05 9.98652E-05 9.98652E-05 0.0228722 9.98652E-05 9.98652E-05 9.98652E-05 9.98652E-05 0.0776903 0.671024 0.0273396 9.98652E-05 0.0413915
0.059538 9.98831E-05 0.0492422 0.0312076 9.98831E-05 9.98831E-05 0.0205578 0.164324 9.98831E-05 9.98831E-05 9.98831E-05 0.0106121 0.0617801 9.98831E-05 9.98831E-05 9.98831E-05 9.98831E-05 9.98831E-05 0.579265 0.0221745 9.98831E-05 9.98831E-05
9.98831E-05 9.98831E-05 0.102361 0.0229569 0.0813612 9.98831E-05 9.98831E-05 0.134573 9.98831E-05 0.00327305 9.98831E-05 9.98831E-05 0.0488032 9.98831E-05 9.98831E-05 9.98831E-05 9.98831E-05 0.00450274 0.564926 0.0359451 9.98831E-05 9.98831E-05
0.0823946 0.00250345 9.98832E-05 0.104761 9.98832E-05 9.98832E-05 9.98832E-05 0.199111 9.98832E-05 0.00427807 9.98832E-05 9.98832E-05 0.106995 9.98832E-05 9.98832E-05 9.98832E-05 9.98832E-05 9.98832E-05 0.45635 0.0402794 9.98832E-05 0.0020279
9.98832E-05 0.0307373 0.0207633 0.0014716 0.0470133 9.98832E-05 9.98832E-05 0.188433 9.98832E-05 9.98832E-05 9.98832E-05 9.98832E-05 9.98832E-05 9.98832E-05 9.98832E-05 9.98832E-05 9.98832E-05 0.0554346 0.555218 0.0457864 9.98832E-05 0.0538433
0.0475117 9.98921E-05 9.98921E-05 9.98921E-05 0.00910267 9.98921E-05 9.98921E-05 9.98921E-05 9.98921E-05 9.98921E-05 0.0115801 0.00688896 9.98921E-05 9.98921E-05 0.00541775 9.98921E-05 9.98921E-05 0.13917 0.692464 0.036262 0.02345 0.0269541
0.157043 9.98652E-05 9.98652E-05 0.0163363 9.98652E-05 9.98652E-05 0.019344 9.98652E-05 9.98652E-05 9.98652E-05 0.0424126 9.98652E-05 9.98652E-05 9.98652E-05 9.98652E-05 9.98652E-05 9.98652E-05 9.98652E-05 0.670393 9.98652E-05 0.0481055 0.0448675
9.98831E-05 0.00485496 0.115732 9.98831E-05 9.98831E-05 9.98831E-05 9.98831E-05 0.036704 9.98831E-05 9.98831E-05 0.0384691 0.00738923 9.98831E-05 9.98831E-05 9.98831E-05 0.0516883 9.98831E-05 0.0638406 0.674142 9.98831E-05 0.00588093 9.98831E-05
0.0935773 0.0509533 0.0197457 0.0628535 9.99011E-05 9.99011E-05 0.066816 9.99011E-05 9.99011E-05 0.0430093 0.0752466 9.99011E-05 0.0147926 9.99011E-05 9.99011E-05 0.0119954 9.99011E-05 0.00119277 0.558719 9.99011E-05 9.99011E-05 9.99011E-05
9.99101E-05 0.0479386 0.0210446 0.0576714 9.99101E-05 9.99101E-05 0.0854438 0.0173978 9.99101E-05 9.99101E-05 0.0734172 9.99101E-05 9.99101E-05 9.99101E-05 0.00032864 9.99101E-05 9.99101E-05 0.0408552 0.555112 0.0504011 0.00618014 0.0432102
0.0263813 0.0373039 9.98921E-05 9.98921E-05 9.98921E-05 9.98921E-05 0.036655 9.98921E-05 0.0376421 9.98921E-05 9.98921E-05 9.98921E-05 9.98921E-05 0.0293826 9.98921E-05 0.0395366 0.0206525 9.98921E-05 0.704196 0.0477644 9.98921E-05 0.019287
0.0589238 9.98652E-05 9.98652E-05 9.98652E-05 0.0347702 9.98652E-05 0.0112161 9.98652E-05 0.0063683 9.98652E-05 9.98652E-05 0.0153844 9.98652E-05 9.98652E-05 9.98652E-05 9.98652E-05 0.0220916 9.98652E-05 0.849748 9.98652E-05 9.98652E-05 9.98652E-05
0.0955288 9.99191E-05 0.0337448 0.0526532 0.0169339 9.99191E-05 0.0158329 9.99191E-05 0.0080207 9.99191E-05 0.00460795 9.99191E-05 9.99191E-05 0.00916599 0.0845876 0.108798 0.0463739 9.99191E-05 0.504209 9.99191E-05 0.018645 9.99191E-05
0.0949046 9.98741E-05 9.98741E-05 0.144825 0.0240948 9.98741E-05 0.0662534 9.98741E-05 9.98741E-05 0.0114879 9.98741E-05 9.98741E-05 9.98741E-05 9.98741E-05 0.007674 0.0680704 9.98741E-05 9.98741E-05 0.581292 9.98741E-05 9.98741E-05 9.98741E-05
0.148188 9.99101E-05 0.0266966 9.99101E-05 0.0530318 9.99101E-05 0.058713 9.99101E-05 0.031055 9.99101E-05 0.00787606 9.99101E-05 0.00116293 0.0129955 0.0936974 0.0109224 0.0709661 9.99101E-05 0.483696 9.99101E-05 9.99101E-05 9.99101E-05
0.121352 0.0254716 0.0593241 0.00133454 9.98831E-05 9.98831E-05 0.0398751 9.98831E-05 9.98831E-05 9.98831E-05 9.98831E-05 9.98831E-05 9.98831E-05 0.021304 0.05351 9.98831E-05 0.0081006 9.98831E-05 0.668429 9.98831E-05 9.98831E-05 9.98831E-05
0.144069 0.0721322 0.0400653 9.99011E-05 9.99011E-05 0.0211763 0.00716159 0.0257083 9.99011E-05 9.99011E-05 0.0523144 9.99011E-05 0.0399768 9.99011E-05 9.99011E-05 0.129367 9.99011E-05 9.99011E-05 0.461596 9.99011E-05 0.00533406 9.99011E-05
9.98831E-05 9.98831E-05 0.0673654 9.98831E-05 9.98831E-05 0.066066 9.98831E-05 9.98831E-05 0.121252 9.98831E-05 9.98831E-05 9.98831E-05 0.0225945 9.98831E-05 0.0290866 9.98831E-05 0.0283937 0.00307493 0.572035 0.0888327 9.98831E-05 9.98831E-05
9.98832E-05 0.0229357 0.0110692 9.98832E-05 9.98832E-05 9.98832E-05 0.0871584 9.98832E-05 0.0256583 9.98832E-05 9.98832E-05 9.98832E-05 0.019357 0.00934792 9.98832E-05 0.0702692 9.98832E-05 9.98832E-05 0.738442 0.0144635 9.98832E-05 9.98832E-05
0.0417827 0.0969803 9.98921E-05 9.98921E-05 0.0601901 9.98921E-05 9.98921E-05 0.05469 9.98921E-05 9.98921E-05 9.98921E-05 0.0531242 9.98921E-05 0.00801855 9.98921E-05 9.98921E-05 0.00726191 0.0281165 0.626135 9.98921E-05 9.98921E-05 0.0225016
0.0103314 9.9928E-05 9.9928E-05 0.0870548 0.00472363 9.9928E-05 0.00154707 9.9928E-05 0.0176904 0.0740101 0.0237575 0.00882908 9.9928E-05 9.9928E-05 9.9928E-05 0.0578406 0.0718659 0.00240623 0.610342 0.0215284 0.00727319 9.9928E-05
9.9919E-05 0.0296027 9.9919E-05 0.0530024 9.9919E-05 9.9919E-05 9.9919E-05 0.0348285 0.0267869 0.0338802 0.0496859 9.9919E-05 0.0404744 0.0313524 0.0417096 0.0344135 0.0100436 0.141967 0.471353 9.9919E-05 9.9919E-05 9.9919E-05
9.98921E-05 0.0996338 9.98921E-05 0.0819833 9.98921E-05 9.98921E-05 0.0814808 0.0521392 9.98921E-05 9.98921E-05 0.0430138 9.98921E-05 9.98921E-05 9.98921E-05 0.0134699 9.98921E-05 9.98921E-05 9.98921E-05 0.572165 0.00785219 0.0176402 0.0294233
9.9919E-05 9.9919E-05 9.9919E-05 0.026935 9.9919E-05 9.9919E-05 9.9919E-05 0.00883311 0.0502959 0.0621126 0.0446214 9.9919E-05 0.0330581 0.0419706 0.0284471 0.0379187 0.0403669 0.129202 0.487188 0.00815061 9.9919E-05 9.9919E-05
9.98741E-05 9.98741E-05 0.024792 9.98741E-05 9.98741E-05 0.0231471 0.0384376 9.98741E-05 0.118964 9.98741E-05 9.98741E-05 9.98741E-05 0.0299732 9.98741E-05 9.98741E-05 9.98741E-05 0.0306573 9.98741E-05 0.679796 0.052834 9.98741E-05 9.98741E-05
0.0101453 0.0446311 0.0944456 9.98921E-05 9.98921E-05 0.102229 9.98921E-05 0.0553013 9.98921E-05 9.98921E-05 9.98921E-05 9.98921E-05 0.00780483 9.98921E-05 0.0767746 9.98921E-05 0.0448752 0.00739474 0.555199 9.98921E-05 9.98921E-05 9.98921E-05
9.98921E-05 0.0514238 0.083975 9.98921E-05 0.0105306 0.0912122 9.98921E-05 0.0333754 9.98921E-05 9.98921E-05 9.98921E-05 9.98921E-05 9.98921E-05 9.98921E-05 0.113577 9.98921E-05 9.98921E-05 0.0196489 0.556534 9.98921E-05 0.0195715 0.0189537
9.99101E-05 9.99101E-05 9.99101E-05 0.0262167 0.00965698 0.0536331 9.99101E-05 9.99101E-05 0.00154873 0.0104172 9.99101E-05 9.99101E-05 0.0626056 0.117254 0.00410977 0.0098991 9.99101E-05 0.00906803 0.65598 9.99101E-05 9.99101E-05 0.0386112
9.99011E-05 9.99011E-05 0.0201487 0.0344062 0.0324546 0.0928807 9.99011E-05 0.0355125 0.0732488 9.99011E-05 9.99011E-05 9.99011E-05 0.0344355 0.0510897 9.99011E-05 9.99011E-05 0.0121561 9.99011E-05 0.598542 9.99011E-05 9.99011E-05 0.0140267
9.98741E-05 9.98741E-05 9.98741E-05 9.98741E-05 0.0361934 0.0447615 9.98741E-05 9.98741E-05 9.98741E-05 9.98741E-05 9.98741E-05 9.98741E-05 9.98741E-05 0.0461835 0.175938 0.0900674 0.0186696 9.98741E-05 0.57182 0.0149678 9.98741E-05 9.98741E-05
0.156206 0.0254665 9.98921E-05 0.0143723 0.00503995 9.98921E-05 9.98921E-05 0.0110332 9.98921E-05 9.98921E-05 9.98921E-05 9.98921E-05 0.0603559 9.98921E-05 0.0350281 0.0263489 9.98921E-05 9.98921E-05 0.622139 9.98921E-05 0.0428112 9.98921E-05
9.99011E-05 9.99011E-05 0.00584751 9.99011E-05 0.000495175 0.0448936 9.99011E-05 9.99011E-05 0.0315582 9.99011E-05 9.99011E-05 9.99011E-05 0.000270849 0.0418911 0.132044 0.0531812 0.0414998 9.99011E-05 0.640732 0.00648749 9.99011E-05 9.99011E-05
9.98831E-05 9.98831E-05 0.101012 0.0235587 9.98831E-05 0.0323902 9.98831E-05 9.98831E-05 9.98831E-05 9.98831E-05 9.98831E-05 9.98831E-05 0.0469565 9.98831E-05 0.0137622 0.0291278 0.0540379 9.98831E-05 0.682028 9.98831E-05 9.98831E-05 0.015828
0.0179692 0.0574594 9.99011E-05 0.0730084 0.032229 9.99011E-05 9.99011E-05 9.99011E-05 9.99011E-05 9.99011E-05 0.00394043 9.99011E-05 9.99011E-05 9.99011E-05 0.0852396 0.0429447 9.99011E-05 0.0309072 0.585874 9.99011E-05 0.0215334 0.047796
9.98921E-05 9.98921E-05 9.98921E-05 9.98921E-05 0.00748047 9.98921E-05 0.0145941 9.98921E-05 0.0345141 0.0264229 0.0499395 9.98921E-05 9.98921E-05 9.98921E-05 0.0373244 9.98921E-05 0.0813383 9.98921E-05 0.627487 9.98921E-05 0.0219654 0.0977346
9.98921E-05 9.98921E-05 9.98921E-05 9.98921E-05 0.00627077 9.98921E-05 0.0284351 9.98921E-05 0.0427812 9.98921E-05 0.00835886 9.98921E-05 9.98921E-05 0.0396387 0.0617971 9.98921E-05 0.069832 0.0486464 0.591321 9.98921E-05 9.98921E-05 0.10172
0.0135678 9.98921E-05 0.12637 9.98921E-05 9.98921E-05 0.0280712 9.98921E-05 0.0132105 9.98921E-05 0.0341801 9.98921E-05 9.98921E-05 0.0546753 9.98921E-05 0.0634207 0.0250915 9.98921E-05 9.98921E-05 0.632815 9.98921E-05 9.98921E-05 0.00739918
9.98652E-05 9.98652E-05 9.98652E-05 9.98652E-05 9.98652E-05 0.0513691 9.98652E-05 9.98652E-05 9.98652E-05 9.98652E-05 9.98652E-05 9.98652E-05 9.98652E-05 9.98652E-05 0.0587817 0.0815819 0.086495 9.98652E-05 0.638543 0.0175202 9.98652E-05 0.0642111
9.98741E-05 0.0441335 9.98741E-05 0.032262 0.017568 9.98741E-05 9.98741E-05 0.0193793 9.98741E-05 9.98741E-05 9.98741E-05 0.0634478 9.98741E-05 9.98741E-05 9.98741E-05 9.98741E-05 9.98741E-05 0.0616875 0.729516 9.98741E-05 9.98741E-05 0.0306073
0.0835435 9.98831E-05 9.98831E-05 9.98831E-05 9.98831E-05 9.98831E-05 0.0134191 0.064619 9.98831E-05 0.00165988 9.98831E-05 0.00145353 9.98831E-05 9.98831E-05 9.98831E-05 0.0724268 9.98831E-05 9.98831E-05 0.730298 0.000829872 9.98831E-05 0.0304518
9.99101E-05 9.99101E-05 0.0929289 9.99101E-05 9.99101E-05 9.99101E-05 0.00756053 9.99101E-05 0.0652442 0.0313806 0.00350703 0.0437791 9.99101E-05 9.99101E-05 0.00632741 0.00306926 9.99101E-05 0.0191728 0.701965 0.0119384 0.0121278 9.99101E-05
9.99011E-05 9.99011E-05 9.99011E-05 0.0259321 0.0213961 9.99011E-05 9.99011E-05 0.118163 9.99011E-05 9.99011E-05 9.99011E-05 0.0408834 0.01848 0.00493451 0.0947912 0.0131437 9.99011E-05 9.99011E-05 0.634258 0.000358833 9.99011E-05 0.0265603
9.98742E-05 9.98742E-05 0.139537 0.0173988 9.98742E-05 9.98742E-05 9.98742E-05 0.00860696 9.98742E-05 9.98742E-05 9.98742E-05 0.0384645 0.0240262 9.98742E-05 0.0372755 9.98742E-05 9.98742E-05 9.98742E-05 0.711116 9.98742E-05 9.98742E-05 0.0221765
0.0208444 9.98921E-05 0.00434866 0.0142505 9.98921E-05 9.98921E-05 0.0218459 0.224892 9.98921E-05 0.0103062 9.98921E-05 0.0332506 0.00909416 9.98921E-05 9.98921E-05 9.98921E-05 9.98921E-05 9.98921E-05 0.626164 9.98921E-05 9.98921E-05 0.0338046
0.0699468 9.98831E-05 9.98831E-05 9.98831E-05 9.98831E-05 0.00927635 9.98831E-05 0.0919205 0.0478798 9.98831E-05 9.98831E-05 9.98831E-05 0.00417922 9.98831E-05 9.98831E-05 0.021686 9.98831E-05 0.00711831 0.7092 0.0374948 9.98831E-05 9.98831E-05
0.0536369 0.0108922 0.0460344 9.99011E-05 0.0384572 9.99011E-05 9.99011E-05 0.0404527 9.99011E-05 0.06232 9.99011E-05 0.0440322 0.00473788 9.99011E-05 0.0134545 9.99011E-05 9.99011E-05 9.99011E-05 0.65137 9.99011E-05 9.99011E-05 0.0335135
9.98742E-05 9.98742E-05 9.98742E-05 9.98742E-05 9.98742E-05 9.98742E-05 9.98742E-05 0.0849914 0.101814 9.98742E-05 9.98742E-05 0.064299 9.98742E-05 0.00771138 0.0070927 9.98742E-05 0.0249965 9.98742E-05 0.695271 0.0124252 9.98742E-05 9.98742E-05
9.98921E-05 0.0980752 0.106537 9.98921E-05 0.0840491 9.98921E-05 9.98921E-05 0.0604462 9.98921E-05 0.0338187 9.98921E-05 0.0418331 0.0375905 0.00577938 9.98921E-05 9.98921E-05 9.98921E-05 0.0165636 0.514109 9.98921E-05 9.98921E-05 9.98921E-05
9.99011E-05 0.00332634 0.0301579 0.0677111 0.0826778 9.99011E-05 9.99011E-05 0.0710154 9.99011E-05 9.99011E-05 0.031372 9.99011E-05 0.0159935 9.99011E-05 0.0909212 9.99011E-05 9.99011E-05 0.0387861 0.566198 0.000741568 9.99011E-05 9.99011E-05
0.0479749 9.99011E-05 0.0915851 9.99011E-05 0.0127801 0.109514 0.0479057 0.0916027 9.99011E-05 9.99011E-05 0.0225203 9.99011E-05 9.99011E-05 0.020388 9.99011E-05 9.99011E-05 0.0262297 0.00891559 0.519485 9.99011E-05 9.99011E-05 9.99011E-05
0.0504578 0.0128881 9.99101E-05 9.99101E-05 9.99101E-05 9.99101E-05 9.99101E-05 0.0329699 9.99101E-05 9.99101E-05 0.0061856 0.0579692 0.0345485 9.99101E-05 0.0792828 0.0259094 9.99101E-05 0.0285567 0.621449 0.028318 9.99101E-05 0.0204665
0.0290028 9.98741E-05 0.0197154 9.98741E-05 0.042949 0.0462211 9.98741E-05 9.98741E-05 9.98741E-05 9.98741E-05 9.98741E-05 0.000278103 9.98741E-05 9.98741E-05 9.98741E-05 0.0784892 9.98741E-05 9.98741E-05 0.724359 9.98741E-05 0.0575875 9.98741E-05
0.00948419 9.99011E-05 0.0734107 0.0638949 0.0494147 0.00132134 0.00605031 0.0218965 9.99011E-05 9.99011E-05 9.99011E-05 0.0200765 9.99011E-05 9.99011E-05 9.99011E-05 9.99011E-05 9.99011E-05 0.00257239 0.664991 9.99011E-05 0.0857889 9.99011E-05
0.0519952 9.99011E-05 0.00380004 0.0767228 9.99011E-05 9.99011E-05 9.99011E-05 0.0488652 9.99011E-05 0.0327322 9.99011E-05 0.0100388 9.99011E-05 9.99011E-05 9.99011E-05 9.99011E-05 0.0358898 9.99011E-05 0.683121 0.00720114 0.00493983 0.0435949
9.98741E-05 9.98741E-05 9.98741E-05 9.98741E-05 9.98741E-05 0.0245707 9.98741E-05 0.0973374 9.98741E-05 9.98741E-05 9.98741E-05 0.0323152 0.0120266 9.98741E-05 0.00695269 9.98741E-05 9.98741E-05 0.039591 0.765771 0.0200378 9.98741E-05 9.98741E-05
0.0867216 0.0113134 0.00115494 9.99101E-05 0.0107752 0.0228828 9.99101E-05 0.0737252 9.99101E-05 0.0599792 0.0777092 9.99101E-05 9.99101E-05 9.99101E-05 0.0687853 9.99101E-05 9.99101E-05 9.99101E-05 0.550677 0.0149949 0.0202818 9.99101E-05
0.0161949 0.0649193 0.00439545 9.98921E-05 0.0638585 0.0306731 9.98921E-05 0.0565528 0.0205927 9.98921E-05 9.98921E-05 9.98921E-05 9.98921E-05 9.98921E-05 0.0317467 9.98921E-05 9.98921E-05 9.98921E-05 0.636183 9.98921E-05 9.98921E-05 0.0736847
0.194825 0.00583742 9.9937E-05 0.0144159 9.9937E-05 9.9937E-05 0.0091374 0.014193 0.0222409 0.0186461 0.0562416 9.9937E-05 9.9937E-05 9.9937E-05 0.0960963 0.0651916 9.9937E-05 0.0320022 0.379313 0.0230329 0.0101934 0.0579336
9.9919E-05 9.9919E-05 0.0330877 0.0293426 0.0452376 0.0256236 0.03981 9.9919E-05 0.278711 9.9919E-05 9.9919E-05 9.9919E-05 0.000685205 9.9919E-05 0.0529411 0.0040279 0.0224325 0.0393243 0.417982 9.9919E-05 9.9919E-05 0.00989513
0.0780447 0.0094385 0.0377268 0.0907457 0.0620156 9.9937E-05 0.00766312 9.9937E-05 9.9937E-05 9.9937E-05 0.00844802 0.0119167 9.9937E-05 9.9937E-05 0.0180083 0.123712 9.9937E-05 0.0517435 0.457874 0.00257897 0.0180537 0.0213309
9.98921E-05 9.98921E-05 9.98921E-05 9.98921E-05 9.98921E-05 0.199559 9.98921E-05 9.98921E-05 0.100745 0.10958 0.011824 9.98921E-05 9.98921E-05 9.98921E-05 0.0139625 9.98921E-05 0.0316194 0.0404974 0.372304 0.0714207 0.0472895 9.98921E-05
9.98383E-05 9.98383E-05 9.98383E-05 9.98383E-05 9.98383E-05 9.98383E-05 9.98383E-05 9.98383E-05 9.98383E-05 9.98383E-05 0.00555833 9.98383E-05 9.98383E-05 0.0143263 0.932044 9.98383E-05 0.0462743 9.98383E-05 9.98383E-05 9.98383E-05 9.98383E-05 9.98383E-05
9.98114E-05 9.98114E-05 9.98114E-05 9.98114E-05 9.98114E-05 9.98114E-05 9.98114E-05 9.98114E-05 9.98114E-05 9.98114E-05 9.98114E-05 9.98114E-05 9.98114E-05 9.98114E-05 0.997904 9.98114E-05 9.98114E-05 9.98114E-05 9.98114E-05 9.98114E-05 9.98114E-05 9.98114E-05
9.98203E-05 9.98203E-05 9.98203E-05 9.98203E-05 9.98203E-05 9.98203E-05 9.98203E-05 9.98203E-05 9.98203E-05 9.98203E-05 9.98203E-05 9.98203E-05 9.98203E-05 9.98203E-05 0.996937 9.98203E-05 9.98203E-05 9.98203E-05 9.98203E-05 9.98203E-05 9.98203E-05 0.00106703
9.98203E-05 9.98203E-05 9.98203E-05 9.98203E-05 9.98203E-05 9.98203E-05 9.98203E-05 9.98203E-05 9.98203E-05 9.98203E-05 9.98203E-05 9.98203E-05 9.98203E-05 9.98203E-05 0.997533 9.98203E-05 0.00047065 9.98203E-05 9.98203E-05 9.98203E-05 9.98203E-05 9.98203E-05
0.00234453 0.0747482 9.98742E-05 0.0403053 0.0759214 9.98742E-05 9.98742E-05 9.98742E-05 9.98742E-05 9.98742E-05 9.98742E-05 9.98742E-05 0.00613623 9.98742E-05 0.756868 0.021607 9.98742E-05 9.98742E-05 9.98742E-05 0.0206713 9.98742E-05 9.98742E-05
9.98383E-05 9.98383E-05 9.98383E-05 9.98383E-05 9.98383E-05 9.98383E-05 9.98383E-05 9.98383E-05 9.98383E-05 9.98383E-05 9.98383E-05 9.98383E-05 9.98383E-05 0.00327016 0.977779 9.98383E-05 0.00493955 0.0122145 9.98383E-05 9.98383E-05 9.98383E-05 9.98383E-05
9.98114E-05 9.98114E-05 9.98114E-05 9.98114E-05 9.98114E-05 9.98114E-05 9.98114E-05 9.98114E-05 9.98114E-05 9.98114E-05 9.98114E-05 9.98114E-05 9.98114E-05 9.98114E-05 0.997904 9.98114E-05 9.98114E-05 9.98114E-05 9.98114E-05 9.98114E-05 9.98114E-05 9.98114E-05
9.98203E-05 9.98203E-05 9.98203E-05 9.98203E-05 9.98203E-05 9.98203E-05 0.0106312 9.98203E-05 9.98203E-05 9.98203E-05 9.98203E-05 9.98203E-05 9.98203E-05 9.98203E-05 0.987372 9.98203E-05 9.98203E-05 9.98203E-05 9.98203E-05 9.98203E-05 9.98203E-05 9.98203E-05
