0.542467 9.9973E-05 0.0588711 0.0922599 0.101392 0.20471 9.9973E-05 9.9973E-05
0.611228 0.03055 0.0170635 0.138741 0.081833 0.0732452 0.031354 0.015985
0.510539 9.9973E-05 0.0248464 9.9973E-05 0.0397528 0.384938 0.0396236 9.9973E-05
0.538806 9.9955E-05 9.9955E-05 0.111215 9.9955E-05 0.34948 9.9955E-05 9.9955E-05
0.536311 9.9982E-05 9.9982E-05 0.00187409 0.00135739 0.341263 0.068388 0.0506064
0.709344 9.9964E-05 9.9964E-05 0.0582931 9.9964E-05 0.219668 9.9964E-05 0.0122957
0.71926 9.9973E-05 0.0180905 0.0726971 9.9973E-05 0.175556 9.9973E-05 0.0140971
0.428888 0.0509768 0.04482 0.0130533 0.060971 0.302584 0.0801143 0.0185929
0.600869 0.0181393 9.9973E-05 0.0176135 9.9973E-05 0.278714 9.9973E-05 0.0843638
0.533124 9.9982E-05 0.110748 0.0758435 0.0291936 0.243543 9.9982E-05 0.00734823
0.465563 9.9982E-05 9.9982E-05 0.0692155 0.0477565 0.249324 0.0594339 0.108508
0.515852 9.9964E-05 9.9964E-05 0.00142878 9.9964E-05 0.419883 9.9964E-05 0.0624365
0.55151 9.9973E-05 9.9973E-05 0.0624645 0.037636 0.320071 0.0280182 9.9973E-05
0.540109 0.0218728 9.9991E-05 0.0616639 0.00555648 0.273856 0.0489741 0.0478674
0.583687 0.0513302 0.0287076 0.0777655 0.0384905 0.167999 0.05192 9.9991E-05
0.515214 0.0195313 9.9991E-05 0.0109022 0.0353528 0.31563 0.0392715 0.0639977
0.515531 9.9973E-05 0.0194103 0.041703 9.9973E-05 0.343649 0.0794065 9.9973E-05
0.509893 9.9973E-05 0.00291351 0.0440319 9.9973E-05 0.345424 0.0974377 9.9973E-05
0.485903 9.9973E-05 0.0268274 0.034274 9.9973E-05 0.435619 0.0170773 9.9973E-05
0.954872 9.99461E-05 9.99461E-05 9.99461E-05 9.99461E-05 9.99461E-05 9.99461E-05 0.0445282
0.807507 0.0509001 9.9964E-05 0.0757331 0.0654602 9.9964E-05 9.9964E-05 9.9964E-05
0.774443 0.0408198 9.9973E-05 0.075859 0.042652 9.9973E-05 9.9973E-05 0.0659263
0.682034 9.9973E-05 9.9973E-05 0.0564619 0.0209044 0.0039254 0.236375 9.9973E-05
0.592101 0.0573616 0.0646803 9.9991E-05 0.0590453 0.117243 0.106361 0.0031076
0.686067 0.0303411 0.0517942 9.9991E-05 0.0175642 0.13541 0.032647 0.0460772
0.919273 0.00602731 0.0294689 9.9973E-05 9.9973E-05 9.9973E-05 0.0158767 0.0290539
0.852518 0.0741782 9.9964E-05 0.0157523 9.9964E-05 9.9964E-05 9.9964E-05 0.0571514
0.734595 0.019068 0.0265624 0.0611793 0.0414454 0.0933369 9.9991E-05 0.0237129
0.79369 9.9982E-05 0.0326861 0.0559723 0.0621907 0.0243963 9.9982E-05 0.0308648
0.969631 9.9946E-05 9.9946E-05 9.9946E-05 9.9946E-05 9.9946E-05 9.9946E-05 0.0297694
0.900621 9.9964E-05 0.0411283 0.00263367 9.9964E-05 9.9964E-05 9.9964E-05 0.0552169
0.921953 0.00218834 9.9964E-05 0.0443068 9.9964E-05 9.9964E-05 9.9964E-05 0.0311524
0.960596 9.99461E-05 9.99461E-05 9.99461E-05 9.99461E-05 9.99461E-05 9.99461E-05 0.0388042
0.951298 9.9964E-05 0.0251905 9.9964E-05 0.00511262 9.9964E-05 9.9964E-05 0.0179988
0.939235 9.9946E-05 9.9946E-05 9.9946E-05 9.9946E-05 9.9946E-05 9.9946E-05 0.0601652
0.645006 9.9973E-05 0.0719341 9.9973E-05 0.0488643 0.0625042 0.171391 9.9973E-05
0.53319 9.9991E-05 0.125183 0.194835 0.0217039 0.0193077 0.0306704 0.0750098
0.597926 0.00623053 9.9982E-05 0.0893057 0.0474705 9.9982E-05 0.25648 0.00238675
0.880002 9.9955E-05 9.9955E-05 9.9955E-05 9.9955E-05 0.119365 9.9955E-05 0.000133082
0.776146 0.0234854 0.0243636 9.9991E-05 0.00986667 0.126648 0.00460055 0.03479
0.949222 0.0147306 9.9964E-05 9.9964E-05 0.0130535 9.9964E-05 9.9964E-05 0.0225938
0.751574 0.0018031 0.0554448 0.131218 9.9982E-05 0.011668 9.9982E-05 0.0480925
0.786984 9.9982E-05 0.0225591 0.0608518 0.0484632 0.0726471 0.00829495 9.9982E-05
0.678397 9.9973E-05 0.0922213 9.9973E-05 9.9973E-05 0.169564 0.047989 0.0115288
0.646321 0.0811423 0.0679918 0.0514268 0.0541558 0.0723666 0.0264958 9.9991E-05
0.73695 9.9973E-05 0.0206146 9.9973E-05 0.0377576 0.171773 0.0326047 9.9973E-05
0.826921 9.9973E-05 9.9973E-05 0.0782513 0.00603366 0.0776275 0.0108663 9.9973E-05
0.791695 9.9964E-05 9.9964E-05 0.0463766 0.0188549 9.9964E-05 0.142673 9.9964E-05
0.9993 9.994E-05 9.994E-05 9.994E-05 9.994E-05 9.994E-05 9.994E-05 9.994E-05
0.976716 9.9946E-05 0.0226847 9.9946E-05 9.9946E-05 9.9946E-05 9.9946E-05 9.9946E-05
0.997263 9.9946E-05 9.9946E-05 9.9946E-05 0.00213778 9.9946E-05 9.9946E-05 9.9946E-05
0.995886 9.9946E-05 9.9946E-05 9.9946E-05 0.00351458 9.9946E-05 9.9946E-05 9.9946E-05
0.965765 0.0154659 0.00684097 9.9964E-05 9.9964E-05 0.0115287 9.9964E-05 9.9964E-05
0.9993 9.994E-05 9.994E-05 9.994E-05 9.994E-05 9.994E-05 9.994E-05 9.994E-05
0.982628 9.9955E-05 9.9955E-05 9.9955E-05 0.011778 9.9955E-05 0.00509427 9.9955E-05
0.9993 9.994E-05 9.994E-05 9.994E-05 9.994E-05 9.994E-05 9.994E-05 9.994E-05
0.977694 9.9955E-05 9.9955E-05 9.9955E-05 0.0164634 0.00534242 9.9955E-05 9.9955E-05
0.955334 9.9964E-05 0.011234 9.9964E-05 0.0150081 9.9964E-05 9.9964E-05 0.018024
0.638683 0.0224157 9.9964E-05 0.000273052 9.9964E-05 0.338228 9.9964E-05 9.9964E-05
0.813649 0.0464783 0.0332556 0.0223749 0.0480594 9.9991E-05 0.00241418 0.0336687
0.678819 9.9973E-05 0.0383493 9.9973E-05 9.9973E-05 0.244629 0.00613302 0.0317705
0.815177 0.0464151 9.9955E-05 9.9955E-05 9.9955E-05 0.137908 9.9955E-05 9.9955E-05
0.79508 0.00805908 9.9973E-05 0.0578321 0.0988708 9.9973E-05 0.0398585 9.9973E-05
0.596121 0.0527512 0.0962491 9.9991E-05 0.110721 0.0182444 0.036864 0.0889489
0.9993 9.994E-05 9.994E-05 9.994E-05 9.994E-05 9.994E-05 9.994E-05 9.994E-05
0.848548 0.0619653 9.9973E-05 0.0190671 9.9973E-05 9.9973E-05 0.037537 0.0325827
0.654346 0.0193022 9.9964E-05 0.00595767 9.9964E-05 0.319994 9.9964E-05 9.9964E-05
0.869123 0.044483 9.9982E-05 0.0260472 9.9982E-05 0.00859778 0.0510634 0.000485304
0.882653 0.0436228 0.0395005 0.00252021 9.9982E-05 0.00444829 0.0270555 9.9982E-05
0.86319 0.00352741 0.0249779 9.9982E-05 9.9982E-05 0.0822418 0.0161329 0.0097301
0.883205 0.0894697 9.9955E-05 9.9955E-05 9.9955E-05 0.0268258 9.9955E-05 9.9955E-05
0.829712 0.0266673 0.00749479 9.9982E-05 9.9982E-05 0.0533844 0.0312633 0.0512779
0.807762 9.9955E-05 0.00773923 9.9955E-05 9.9955E-05 0.183999 9.9955E-05 9.9955E-05
0.914961 9.9946E-05 9.9946E-05 9.9946E-05 0.0844397 9.9946E-05 9.9946E-05 9.9946E-05
0.785435 0.0773112 0.0114215 0.048973 9.9991E-05 0.0461171 0.0290428 0.00159998
0.762371 0.11577 9.9973E-05 0.0182406 9.9973E-05 0.0605439 0.042774 9.9973E-05
0.720341 0.167051 0.0100173 0.0307681 9.9982E-05 0.0659067 0.00571527 9.9982E-05
0.784165 0.0726172 0.0574525 0.0354991 9.9982E-05 0.0414536 0.00861244 9.9982E-05
0.821541 0.109129 9.9955E-05 9.9955E-05 9.9955E-05 0.06883 9.9955E-05 9.9955E-05
0.836029 9.9955E-05 0.0868136 9.9955E-05 9.9955E-05 0.076658 9.9955E-05 9.9955E-05
0.785848 9.9973E-05 0.039541 9.9973E-05 0.0354946 0.0815375 9.9973E-05 0.0572785
0.984467 0.00070087 9.9955E-05 9.9955E-05 0.0143323 9.9955E-05 9.9955E-05 9.9955E-05
0.947027 0.036292 9.9973E-05 9.9973E-05 9.9973E-05 0.0063556 0.00245462 0.00757047
0.870553 9.9973E-05 9.9973E-05 0.00416597 9.9973E-05 0.0411724 0.0360435 0.047765
0.766009 0.0366927 0.0394431 9.9982E-05 9.9982E-05 0.0350873 0.0504412 0.0721264
0.814993 0.0408155 9.9964E-05 9.9964E-05 9.9964E-05 0.12689 9.9964E-05 0.0169011
0.978399 0.0210016 9.9946E-05 9.9946E-05 9.9946E-05 9.9946E-05 9.9946E-05 9.9946E-05
0.672849 9.9964E-05 9.9964E-05 0.0196642 0.00292977 0.304157 9.9964E-05 9.9964E-05
0.872372 0.0175548 0.0637098 0.0268101 9.9973E-05 9.9973E-05 9.9973E-05 0.0192529
0.848331 9.9964E-05 0.0892681 0.0129122 9.9964E-05 9.9964E-05 9.9964E-05 0.0490888
0.778166 0.0186231 0.0276079 9.9982E-05 0.0970129 0.0454672 0.0329228 9.9982E-05
0.789084 0.0133652 0.00204775 9.9991E-05 0.0955946 0.0606345 0.017927 0.0212465
0.733816 0.0071687 0.0197285 9.9991E-05 0.0418632 0.0512445 0.0608668 0.0852122
0.862832 0.0102949 9.9973E-05 9.9973E-05 0.0700621 9.9973E-05 0.00883653 0.047674
0.881224 9.9964E-05 0.0250392 9.9964E-05 0.0186768 9.9964E-05 9.9964E-05 0.0746605
0.956646 0.0207658 9.9955E-05 9.9955E-05 9.9955E-05 9.9955E-05 9.9955E-05 0.0220886
0.818968 0.0807533 9.9955E-05 9.9955E-05 9.9955E-05 9.9955E-05 9.9955E-05 0.0997794
0.842896 0.0536084 0.00665697 0.00249794 0.0671748 9.9991E-05 0.0160054 0.0110602
0.751237 9.9982E-05 0.080889 0.0535358 0.0333426 0.0564555 0.0243406 9.9982E-05
0.687334 0.017665 0.0758255 0.0761342 0.0614463 0.00392057 9.9991E-05 0.0775743
0.781487 0.0505815 0.014066 0.110436 9.9973E-05 0.0431302 9.9973E-05 9.9973E-05
0.594469 0.0648396 0.0620169 0.0799121 0.0095338 0.0674013 9.9991E-05 0.121727
0.626475 0.0740384 0.0816117 0.0810686 0.0675779 9.9982E-05 9.9982E-05 0.0690284
0.765303 0.0534332 0.0188232 9.9982E-05 0.0314903 0.129856 9.9982E-05 0.000895162
0.824062 9.9973E-05 0.050569 0.012362 9.9973E-05 0.0943297 9.9973E-05 0.0183774
0.479004 9.9973E-05 0.0648508 9.9973E-05 9.9973E-05 0.302179 0.118044 0.0356212
0.572044 9.9982E-05 0.114077 9.9982E-05 0.0186695 0.0342332 0.0586034 0.202174
0.518689 9.9973E-05 0.0814574 9.9973E-05 9.9973E-05 0.245081 0.131161 0.0233119
0.754805 0.0526058 9.9973E-05 0.0401624 9.9973E-05 9.9973E-05 0.0838935 0.0682337
0.645361 0.0716059 0.0648214 0.0612516 0.0107585 0.113028 0.0302351 0.00293895
0.733 9.9955E-05 9.9955E-05 9.9955E-05 9.9955E-05 0.224158 0.0423418 9.9955E-05
0.78042 0.037733 0.0250173 0.0014488 9.9973E-05 0.155081 9.9973E-05 9.9973E-05
0.669393 0.10068 0.0303604 0.078264 0.0277572 0.093345 9.9982E-05 9.9982E-05
0.579442 0.0233296 0.0385331 0.0413919 9.9991E-05 0.218198 0.00106718 0.0979378
0.531847 0.03856 9.9982E-05 0.0238702 9.9982E-05 0.312284 0.0358082 0.0574311
0.571041 0.0864608 0.0889493 0.0399326 0.108786 9.9991E-05 0.0430514 0.061679
0.538198 0.0185005 9.9982E-05 0.0254981 9.9982E-05 0.350889 0.0292452 0.0374695
0.755337 0.0182882 9.9973E-05 0.0125892 9.9973E-05 0.200438 0.0130485 9.9973E-05
0.691168 0.0431244 9.9973E-05 9.9973E-05 0.0130272 0.138293 0.114088 9.9973E-05
0.673406 0.0596024 9.9973E-05 9.9973E-05 0.0214389 0.0993758 0.145877 9.9973E-05
0.688962 9.9973E-05 9.9973E-05 9.9973E-05 0.0678918 0.18494 0.00908141 0.0488251
0.686814 9.9964E-05 9.9964E-05 9.9964E-05 0.041484 0.187919 9.9964E-05 0.0833832
0.583386 0.0477896 0.000136029 9.9973E-05 9.9973E-05 0.192662 0.175727 9.9973E-05
0.695464 0.0684546 0.0317199 0.040488 9.9982E-05 9.9982E-05 0.0789409 0.0847325
0.660049 9.9973E-05 0.0263088 0.011889 9.9973E-05 0.132967 0.168486 9.9973E-05
0.799176 9.9973E-05 9.9973E-05 9.9973E-05 0.0248951 0.166726 0.00670074 0.00220186
0.569379 0.093998 0.0708087 0.00694161 0.0502225 9.9991E-05 0.125263 0.0832871
0.563052 9.9982E-05 0.0747205 0.0310812 0.0737577 0.143302 0.113886 9.9982E-05
0.511435 9.9973E-05 0.0300247 9.9973E-05 0.116008 0.26182 0.0804122 9.9973E-05
0.74818 9.9964E-05 9.9964E-05 9.9964E-05 0.0330846 0.13874 0.0795951 9.9964E-05
0.609372 9.9973E-05 9.9973E-05 0.0511042 0.116661 0.14487 0.0776925 9.9973E-05
0.758682 0.0955145 0.0229637 0.0150444 0.049627 9.9982E-05 9.9982E-05 0.0579679
0.805881 9.9991E-05 0.00970411 0.0117826 0.0419671 0.112335 0.0172575 0.00097208
0.763874 9.9991E-05 0.0188179 0.0488536 0.0048575 0.138528 0.0198443 0.00512405
0.735295 9.9982E-05 0.0337168 0.0604621 0.0209368 0.0204679 0.128921 9.9982E-05
0.814769 9.9982E-05 9.9982E-05 0.0510942 0.0319015 0.00676822 0.0630554 0.0322119
0.903133 9.9973E-05 0.00453097 0.0278533 0.0493329 9.9973E-05 9.9973E-05 0.0148501
0.842927 9.9955E-05 0.00353156 9.9955E-05 9.9955E-05 0.153041 9.9955E-05 9.9955E-05
0.779301 0.0328107 0.0367901 9.9982E-05 0.0457559 0.080848 0.0242941 9.9982E-05
0.77012 9.9955E-05 9.9955E-05 9.9955E-05 0.0239644 0.205416 9.9955E-05 9.9955E-05
0.701718 0.135461 0.034197 0.0397861 0.00853015 0.0801078 9.9982E-05 9.9982E-05
0.672853 0.0230742 0.00580201 0.0452608 9.9991E-05 0.0113789 0.108966 0.132565
0.670575 9.9982E-05 0.00471722 0.0442856 9.9982E-05 0.243639 0.0241904 0.0123927
0.756383 0.0278302 9.9973E-05 9.9973E-05 0.0129308 0.120037 0.0825189 9.9973E-05
0.716871 9.9982E-05 0.102842 0.0457378 9.9982E-05 0.053249 0.0717523 0.00934818
0.694009 0.0267329 0.0969198 0.0362018 9.9982E-05 9.9982E-05 0.0650384 0.0808982
0.745535 9.9982E-05 9.9982E-05 0.0667569 0.0395482 0.0275731 0.0241505 0.0962359
0.863346 9.9964E-05 9.9964E-05 0.0706 9.9964E-05 0.0609445 0.00471008 9.9964E-05
0.625168 0.0264275 0.035433 0.0603717 9.9991E-05 0.124902 0.123347 0.00425035
0.678419 0.0825881 9.9973E-05 9.9973E-05 0.0236277 0.18197 0.0330957 9.9973E-05
0.435918 0.0118384 0.0243979 0.0426744 0.0734012 0.22267 0.143848 0.0452521
0.43158 9.9982E-05 0.0483312 9.9982E-05 0.0386464 0.42101 0.0305957 0.0296375
0.525255 0.0241033 0.115475 0.0276277 0.0230673 0.140135 0.0471398 0.0971971
0.443942 9.9982E-05 0.0595087 0.0119386 0.000906244 0.454253 0.0292515 9.9982E-05
9.9955E-05 0.0328627 9.9955E-05 0.0187328 9.9955E-05 9.9955E-05 0.947905 9.9955E-05
9.994E-05 9.994E-05 9.994E-05 9.994E-05 9.994E-05 9.994E-05 0.9993 9.994E-05
9.994E-05 9.994E-05 9.994E-05 9.994E-05 9.994E-05 9.994E-05 0.9993 9.994E-05
9.994E-05 9.994E-05 9.994E-05 9.994E-05 9.994E-05 9.994E-05 0.9993 9.994E-05
0.0584469 9.9973E-05 0.0224389 9.9973E-05 9.9973E-05 0.139865 0.721677 0.0572718
9.994E-05 9.994E-05 9.994E-05 9.994E-05 9.994E-05 9.994E-05 0.9993 9.994E-05
9.994E-05 9.994E-05 9.994E-05 9.994E-05 9.994E-05 9.994E-05 0.9993 9.994E-05
9.9946E-05 9.9946E-05 0.00220579 9.9946E-05 9.9946E-05 9.9946E-05 0.997195 9.9946E-05
9.994E-05 9.994E-05 9.994E-05 9.994E-05 9.994E-05 9.994E-05 0.9993 9.994E-05
9.994E-05 9.994E-05 9.994E-05 9.994E-05 9.994E-05 9.994E-05 0.9993 9.994E-05
9.994E-05 9.994E-05 9.994E-05 9.994E-05 9.994E-05 9.994E-05 0.9993 9.994E-05
9.994E-05 9.994E-05 9.994E-05 9.994E-05 9.994E-05 9.994E-05 0.9993 9.994E-05
9.994E-05 9.994E-05 9.994E-05 9.994E-05 9.994E-05 9.994E-05 0.9993 9.994E-05
9.994E-05 9.994E-05 9.994E-05 9.994E-05 9.994E-05 9.994E-05 0.9993 9.994E-05
9.9946E-05 0.00156281 9.9946E-05 9.9946E-05 9.9946E-05 9.9946E-05 0.997838 9.9946E-05
0.216265 9.9973E-05 9.9973E-05 0.017038 9.9973E-05 0.207915 0.533738 0.0247439
9.9955E-05 9.9955E-05 9.9955E-05 0.00526713 9.9955E-05 9.9955E-05 0.988353 0.00588003
9.9946E-05 0.0123888 9.9946E-05 9.9946E-05 9.9946E-05 9.9946E-05 0.987011 9.9946E-05
0.226749 9.9982E-05 9.9982E-05 0.0307175 0.0703792 0.377854 0.169283 0.124818
0.402157 0.0102798 0.0255968 9.9991E-05 0.0685316 0.3509 0.0755213 0.0669131
0.377297 0.00228756 9.9982E-05 9.9982E-05 0.0770635 0.427605 0.0559742 0.0595729
0.36981 0.0135126 0.0663643 9.9991E-05 0.0280899 0.309457 0.145838 0.0668288
0.295149 0.00232995 0.0304963 9.9991E-05 0.101449 0.373737 0.136851 0.0598873
0.438619 9.9982E-05 9.9982E-05 0.0458372 0.0198279 0.398415 0.0692277 0.0278734
0.333638 9.9991E-05 0.0234351 0.0552459 0.112177 0.208549 0.139718 0.127137
0.383419 0.00861804 0.0339819 9.9991E-05 0.0698491 0.362538 0.077312 0.0641817
0.309316 9.9982E-05 0.0536566 9.9982E-05 0.0278576 0.382675 0.103483 0.122813
0.274417 9.9973E-05 0.0470099 9.9973E-05 9.9973E-05 0.569757 0.0858923 0.0226235
0.309828 9.9991E-05 0.0565199 0.0125294 0.0874131 0.500479 0.029111 0.00402024
0.319416 9.9982E-05 0.00808173 0.0174692 0.104455 0.543423 9.9982E-05 0.00695527
0.24679 9.9973E-05 9.9973E-05 9.9973E-05 0.0804444 0.301381 0.233136 0.137948
0.287887 9.9991E-05 0.0499345 0.00337514 0.00784929 0.491291 0.0970666 0.0624972
0.318495 0.0979904 0.0298241 0.0831596 0.0252241 0.29644 0.104979 0.0438873
0.33752 0.0465042 0.0352224 9.9991E-05 0.0971018 0.325963 0.0851172 0.0724719
0.266943 0.0117835 0.112331 0.0867834 0.118705 0.176841 0.141591 0.0850231
0.295936 0.0086004 0.157899 0.0516186 0.0525497 0.338859 0.0603947 0.0341424
0.242142 9.9964E-05 9.9964E-05 0.0676782 9.9964E-05 0.610287 0.079493 9.9964E-05
0.278658 0.0760594 0.0919684 0.0458049 9.9991E-05 0.289829 0.188293 0.0292881
0.159639 9.9991E-05 0.0117761 0.028541 0.0364015 0.51712 0.108417 0.138006
0.279978 0.00762987 9.9973E-05 0.00745788 0.0271881 0.677446 9.9973E-05 9.9973E-05
0.218068 9.9982E-05 0.0902788 9.9982E-05 0.021859 0.31734 0.20897 0.143284
0.162821 0.0143204 0.127971 0.0257437 9.9991E-05 0.370625 0.168679 0.12974
0.0734645 9.9973E-05 9.9973E-05 9.9973E-05 0.0614933 0.69798 0.165202 0.00156
0.175231 9.9991E-05 0.161463 0.0401904 0.0903039 0.30902 0.0868538 0.136838
0.38479 9.9973E-05 0.0547744 9.9973E-05 9.9973E-05 0.350222 0.187738 0.0221756
0.173626 9.9982E-05 0.0248753 0.0220219 9.9982E-05 0.466524 0.20616 0.106593
0.281544 9.9982E-05 9.9982E-05 0.0226012 0.0447891 0.482359 0.0974528 0.0710539
0.152393 0.000101441 0.0780812 9.9991E-05 0.00995035 0.534997 0.191863 0.0325141
0.319616 9.9973E-05 9.9973E-05 9.9973E-05 0.00895174 0.514296 0.0596479 0.0971879
0.22006 9.9964E-05 9.9964E-05 9.9964E-05 9.9964E-05 0.582706 0.13002 0.0668141
0.245857 9.9964E-05 9.9964E-05 9.9964E-05 9.9964E-05 0.71393 0.0016088 0.0382043
0.216082 9.9973E-05 9.9973E-05 9.9973E-05 0.0976296 0.509904 0.127946 0.0481382
0.152431 0.00303451 0.0270838 9.9991E-05 0.047262 0.524821 0.154069 0.091198
0.245604 0.0631307 0.0316328 0.0609393 0.00884418 0.489941 0.0928039 0.00710471
0.319504 9.9982E-05 0.0242977 9.9982E-05 0.00337295 0.484492 0.0897346 0.078398
0.0783197 9.9973E-05 9.9973E-05 9.9973E-05 0.0608443 0.787814 0.0297221 0.0430003
0.114266 9.9982E-05 9.9982E-05 0.0581702 0.0611575 0.412392 0.225483 0.128331
0.146905 0.0559939 9.9991E-05 0.0356094 0.0325512 0.47973 0.103926 0.145185
0.103204 0.0256347 9.9991E-05 0.0156318 0.0758297 0.446292 0.205865 0.127443
0.332121 9.9991E-05 0.102451 0.052011 0.0164901 0.341018 0.135044 0.0207651
0.104014 9.9991E-05 0.0550824 0.0803317 0.0480494 0.467459 0.189757 0.0552072
0.0970271 9.9991E-05 0.0712286 0.0997961 0.0378919 0.464807 0.169202 0.0599475
0.11145 9.9991E-05 0.0591351 0.0829406 0.0253194 0.386368 0.224363 0.110324
0.0554689 9.9982E-05 9.9982E-05 0.0322091 0.0048045 0.797535 0.108401 0.00138104
0.0217279 9.9973E-05 9.9973E-05 0.0148121 9.9973E-05 0.78879 0.14663 0.0277397
0.110335 9.9991E-05 0.0969807 0.105737 0.0164118 0.324103 0.254216 0.0921166
0.14711 9.9991E-05 0.0859422 0.078237 0.00695435 0.350386 0.216859 0.114411
0.240874 0.0301166 0.0486945 0.0296864 0.0499675 0.484175 0.0703614 0.0461247
0.185396 0.0508619 0.0306264 0.0631145 0.090675 0.40799 0.12081 0.0505266
0.283923 0.0127233 9.9982E-05 9.9982E-05 0.0233401 0.566571 0.0558836 0.0573592
0.259315 0.0130753 9.9973E-05 9.9973E-05 9.9973E-05 0.526073 0.107078 0.0941589
0.204028 9.9973E-05 9.9973E-05 9.9973E-05 0.018679 0.628183 0.0989688 0.0498413
0.227585 9.9982E-05 0.0447568 9.9982E-05 0.0249857 0.417213 0.202458 0.0828018
0.214781 0.0300007 9.9982E-05 0.0933177 0.108934 0.461106 0.0916609 9.9982E-05
0.213644 9.9982E-05 0.0389927 9.9982E-05 0.00911532 0.585899 0.127349 0.0248003
0.13624 9.9973E-05 0.0684463 9.9973E-05 9.9973E-05 0.586142 0.0277008 0.181172
0.176236 9.9982E-05 0.0738057 9.9982E-05 0.0202041 0.508949 0.0572085 0.163398
0.251216 0.0113337 0.0618946 9.9991E-05 0.0405063 0.441754 0.0852763 0.107919
0.324427 9.9982E-05 0.00690671 9.9982E-05 0.0476708 0.460596 0.0521253 0.108074
0.305458 9.9982E-05 0.0125461 9.9982E-05 0.0527822 0.394461 0.112795 0.121757
0.187414 9.9982E-05 0.100589 0.0104891 9.9982E-05 0.368137 0.152062 0.181108
0.226388 9.9973E-05 0.0414192 9.9973E-05 9.9973E-05 0.349232 0.20306 0.179601
0.156646 9.9973E-05 0.0505801 9.9973E-05 9.9973E-05 0.422519 0.208611 0.161344
0.282465 0.0126991 9.9991E-05 0.0983412 0.0273619 0.308298 0.20834 0.0623953
0.202494 0.00368217 9.9991E-05 0.0998734 0.0766871 0.445095 0.125854 0.0462147
0.251416 0.00203266 0.0863336 0.0566635 0.0192307 0.441226 0.136497 0.00660071
0.188074 0.00520223 0.0477586 0.0603337 0.0785147 0.401247 0.165088 0.0537811
0.149245 0.0837643 0.00890588 0.0721784 0.0526945 0.522774 0.0694062 0.0410321
0.33947 9.9982E-05 0.00323956 9.9982E-05 0.0349543 0.515033 0.0947534 0.0123494
0.211121 0.000607336 0.0807384 0.0280497 9.9991E-05 0.483534 0.0360577 0.159791
0.197276 9.9973E-05 9.9973E-05 9.9973E-05 0.0148452 0.659966 0.0826186 0.0449944
0.117453 0.00938007 0.118265 9.9991E-05 0.124481 0.536125 0.00867586 0.0855194
0.247516 0.0964191 0.0403149 9.9991E-05 0.0700845 0.354473 0.0369824 0.15411
0.0753514 9.9973E-05 9.9973E-05 0.0801827 0.00587567 0.832868 0.00542196 9.9973E-05
0.059344 9.9964E-05 9.9964E-05 0.120346 9.9964E-05 0.809076 0.0108342 9.9964E-05
0.0547113 9.9982E-05 0.0144063 0.135699 9.9982E-05 0.754014 0.0315788 0.00939065
0.0420025 9.9973E-05 9.9973E-05 0.0739273 9.9973E-05 0.828017 0.0218042 0.0339487
0.0451349 9.9964E-05 9.9964E-05 0.178 0.00732003 0.769146 9.9964E-05 9.9964E-05
0.0336606 9.9964E-05 9.9964E-05 0.134675 9.9964E-05 0.815601 0.0156641 9.9964E-05
0.0479521 0.059092 0.0939695 0.0287967 0.0761247 0.489703 0.0809208 0.123441
0.0509348 9.9964E-05 9.9964E-05 0.13477 9.9964E-05 0.807318 0.00657737 9.9964E-05
0.0423129 9.9991E-05 0.0891772 0.0108028 0.0831106 0.631942 0.0688899 0.0736651
0.0674062 0.0120685 0.00940093 0.150505 0.0531808 0.619603 0.0877361 9.9991E-05
0.00917022 9.9982E-05 0.203242 9.9982E-05 0.117414 0.472849 0.0827383 0.114386
0.013264 9.9991E-05 0.195512 0.0139286 0.117495 0.481681 0.0794593 0.0985597
0.111753 0.0171482 9.9991E-05 0.148766 0.0331307 0.631109 0.0056352 0.0523575
0.0383891 0.00178023 0.0607485 0.0520506 0.0616141 0.704898 0.0446182 0.0359011
0.110139 9.9991E-05 0.0540992 0.0948474 0.0537275 0.613793 0.0413039 0.0319903
0.0760317 9.9991E-05 0.035002 0.102571 0.0532771 0.661222 0.0295133 0.0422824
0.0463776 9.9991E-05 0.0441328 0.128051 0.0650038 0.597489 0.0766026 0.0422431
0.112365 0.00425507 9.99849E-05 0.0488691 0.0113917 0.768145 0.0547737 9.99849E-05
0.0974235 9.9964E-05 9.9964E-05 9.9964E-05 9.9964E-05 0.843405 0.0543513 0.00442001
0.116315 9.9973E-05 9.9973E-05 9.9973E-05 0.0116945 0.827925 0.0413206 0.00244461
0.125327 0.115576 0.115096 0.0141679 0.0387784 0.579807 0.0111479 9.9991E-05
0.00300034 9.9991E-05 0.046252 0.0878074 0.00107152 0.786026 0.0457047 0.0300382
0.0284195 9.9982E-05 0.0338053 0.0859578 9.9982E-05 0.796146 0.0350852 0.0203867
0.0277771 0.0319468 9.9991E-05 0.045825 0.0349068 0.710155 0.0523538 0.0969352
0.00248764 9.9991E-05 0.0446579 0.0433616 0.0211933 0.805345 0.0394529 0.0434021
0.0103938 0.0458507 0.0428137 0.0151472 9.9991E-05 0.819306 0.0344702 0.0319188
0.219592 9.9973E-05 9.9973E-05 9.9973E-05 0.0487857 0.642265 0.0559624 0.0330949
0.144981 9.9955E-05 9.9955E-05 9.9955E-05 9.9955E-05 0.76523 0.0892891 9.9955E-05
0.0600886 0.0388333 0.00929774 0.085093 0.060615 0.667484 0.0716677 0.00692061
0.0728319 0.0593422 0.00499733 0.0552035 0.0967479 0.619839 0.013752 0.0772858
0.0561065 9.9973E-05 0.0529417 0.0963795 9.9973E-05 0.77966 9.9973E-05 0.0146123
9.9991E-05 0.0166805 0.0647808 0.150651 0.00104534 0.690368 0.0512629 0.0251115
0.221523 9.9973E-05 0.00383027 0.0714388 9.9973E-05 0.662036 0.0408713 9.9973E-05
0.151785 9.9955E-05 9.9955E-05 9.9955E-05 9.9955E-05 0.774574 0.0731416 9.9955E-05
0.141098 9.9955E-05 9.9955E-05 9.9955E-05 9.9955E-05 0.796527 0.0618748 9.9955E-05
0.0679306 9.9982E-05 0.069685 0.0813666 0.07007 0.688078 9.9982E-05 0.02267
0.108421 9.9991E-05 0.097265 0.0616494 0.102051 0.528486 0.0754692 0.0265585
0.120119 0.000854463 0.0703215 0.081358 0.0864951 0.521866 0.0411922 0.0777935
9.9964E-05 9.9964E-05 9.9964E-05 9.9964E-05 0.0154454 0.902866 0.0026561 0.078633
0.0119939 9.9991E-05 0.0230099 0.0310159 0.0476962 0.83481 0.0402383 0.0111362
9.9982E-05 0.0600387 9.9982E-05 0.0741145 0.00741763 0.754601 0.0509532 0.0526748
9.9964E-05 0.0824729 9.9964E-05 0.162012 9.9964E-05 0.737167 0.0179485 9.9964E-05
9.9955E-05 9.9955E-05 9.9955E-05 0.102211 9.9955E-05 0.87776 0.0195292 9.9955E-05
0.00959235 9.9955E-05 9.9955E-05 0.132844 9.9955E-05 0.857064 9.9955E-05 9.9955E-05
0.0222354 0.0226945 9.9964E-05 0.0690854 9.9964E-05 0.885585 9.9964E-05 9.9964E-05
0.0388682 0.0225301 9.9964E-05 0.0569653 9.9964E-05 0.881236 9.9964E-05 9.9964E-05
9.9964E-05 9.9964E-05 0.0193652 0.0489585 9.9964E-05 0.909174 0.0221023 9.9964E-05
9.9964E-05 9.9964E-05 9.9964E-05 9.9964E-05 0.0103477 0.859752 0.082775 0.0467255
0.0587756 9.9973E-05 9.9973E-05 0.0983833 0.00122882 0.837514 0.00379797 9.9973E-05
0.0289025 0.0354828 9.9973E-05 0.0818232 0.00263999 0.850852 9.9973E-05 9.9973E-05
9.9955E-05 0.0485039 9.9955E-05 0.0899824 9.9955E-05 0.861014 9.9955E-05 9.9955E-05
0.00412143 9.9955E-05 9.9955E-05 9.9955E-05 9.9955E-05 0.912826 0.0825526 9.9955E-05
0.0287586 9.9955E-05 9.9955E-05 9.9955E-05 9.9955E-05 0.920806 0.0499352 9.9955E-05
0.0149184 9.9955E-05 9.9955E-05 9.9955E-05 9.9955E-05 0.938742 0.0458393 9.9955E-05
0.0478897 9.9955E-05 9.9955E-05 9.9955E-05 9.9955E-05 0.895193 0.0564177 9.9955E-05
0.0109909 9.9955E-05 9.9955E-05 9.9955E-05 9.9955E-05 0.917089 0.0714206 9.9955E-05
0.0316808 0.0111529 9.9964E-05 9.9964E-05 9.9964E-05 0.882655 0.0741118 9.9964E-05
0.0471832 9.9955E-05 9.9955E-05 9.9955E-05 9.9955E-05 0.908113 0.0442044 9.9955E-05
0.0360138 0.1003 9.9991E-05 0.0816396 0.0125385 0.625436 0.026291 0.117681
9.9955E-05 9.9955E-05 9.9955E-05 9.9955E-05 0.0558868 0.875294 9.9955E-05 0.0683193
9.9964E-05 9.9964E-05 9.9964E-05 0.0351441 0.075958 0.823908 9.9964E-05 0.0645905
9.9982E-05 0.0476586 0.0165322 0.0418741 0.0408083 0.768494 9.9982E-05 0.0844327
9.9973E-05 9.9973E-05 0.035101 0.0183257 0.0486115 0.808 9.9973E-05 0.0896618
9.9964E-05 9.9964E-05 9.9964E-05 0.00836078 0.0836192 0.833853 9.9964E-05 0.0737668
9.9964E-05 0.000666486 9.9964E-05 0.121713 9.9964E-05 0.848154 9.9964E-05 0.0290673
0.017112 9.9982E-05 0.10728 9.9982E-05 0.0152893 0.69952 0.045953 0.114646
0.0299987 0.036594 0.103978 0.0408694 0.044122 0.626917 0.0326676 0.0848536
0.0222056 0.0344573 0.0687519 0.0021803 0.0476029 0.684214 0.0545399 0.0860484
0.0181998 0.11317 0.0905563 0.0643846 0.0459947 0.636035 0.0210604 0.0105996
9.9982E-05 0.0104259 0.0422339 0.0194224 0.0522304 0.793401 9.9982E-05 0.0820865
9.9964E-05 9.9964E-05 9.9964E-05 0.0262537 0.0465408 0.88726 9.9964E-05 0.0395461
9.9982E-05 0.0219731 9.9982E-05 0.120568 0.0790545 0.694323 0.0188761 0.0650053
9.9991E-05 0.0860822 0.0467136 0.0624553 0.0107909 0.726091 0.0138276 0.0539393
0.0569686 0.0807386 0.117477 9.9982E-05 9.9982E-05 0.697064 0.0212899 0.0262619
9.9964E-05 9.9964E-05 9.9964E-05 0.0337655 0.0887954 0.824751 9.9964E-05 0.0522884
9.9964E-05 9.9964E-05 9.9964E-05 0.0270617 0.0354595 0.873735 9.9964E-05 0.0633439
9.994E-05 9.994E-05 9.994E-05 9.994E-05 0.9993 9.994E-05 9.994E-05 9.994E-05
9.994E-05 9.994E-05 9.994E-05 9.994E-05 0.9993 9.994E-05 9.994E-05 9.994E-05
9.994E-05 9.994E-05 9.994E-05 9.994E-05 0.9993 9.994E-05 9.994E-05 9.994E-05
9.994E-05 9.994E-05 9.994E-05 9.994E-05 0.9993 9.994E-05 9.994E-05 9.994E-05
9.9955E-05 9.9955E-05 0.00190256 9.9955E-05 0.977811 0.0197865 9.9955E-05 9.9955E-05
9.994E-05 9.994E-05 9.994E-05 9.994E-05 0.9993 9.994E-05 9.994E-05 9.994E-05
0.00159823 0.0328248 9.9964E-05 0.00313374 0.962043 9.9964E-05 9.9964E-05 9.9964E-05
9.9955E-05 0.00552354 0.00543041 9.9955E-05 0.988546 9.9955E-05 9.9955E-05 9.9955E-05
0.135806 0.0277794 0.047011 0.108931 0.0435499 0.518353 0.0375009 0.0810687
0.131468 0.00400989 0.041481 0.133571 0.0707302 0.528041 0.0363299 0.0543689
0.00420003 9.9955E-05 9.9955E-05 9.9955E-05 0.987802 9.9955E-05 9.9955E-05 0.00749805
0.119644 9.9973E-05 0.0517573 9.9973E-05 0.690705 0.118461 0.0191329 9.9973E-05
9.994E-05 9.994E-05 9.994E-05 9.994E-05 0.9993 9.994E-05 9.994E-05 9.994E-05
9.994E-05 9.994E-05 9.994E-05 9.994E-05 0.9993 9.994E-05 9.994E-05 9.994E-05
9.994E-05 9.994E-05 9.994E-05 9.994E-05 0.9993 9.994E-05 9.994E-05 9.994E-05
9.994E-05 9.994E-05 9.994E-05 9.994E-05 0.9993 9.994E-05 9.994E-05 9.994E-05
9.994E-05 9.994E-05 9.994E-05 9.994E-05 0.9993 9.994E-05 9.994E-05 9.994E-05
0.0165902 0.0711902 9.9991E-05 0.0544354 0.0404589 0.711671 0.0487033 0.056851
0.129774 0.0851302 0.03815 0.228581 0.0340351 0.415969 0.0267527 0.0416074
9.9991E-05 0.0521911 0.00779181 0.0579897 0.0366388 0.762332 0.0515293 0.0314268
0.0121473 0.0463419 0.0121005 0.0390948 9.9991E-05 0.804132 0.0515466 0.0345365
9.9973E-05 9.9973E-05 0.0654933 0.197343 0.0310749 0.697199 0.0085893 9.9973E-05
0.00834639 0.0310347 9.9991E-05 0.0321266 0.0185681 0.827632 0.0409809 0.0412117
9.9991E-05 0.0695425 0.0609826 0.0851374 0.0121989 0.702575 0.054198 0.0152651
0.018579 0.0215199 0.0347299 0.0178379 0.0269842 0.811382 0.030392 0.0385749
0.0543085 0.00709712 0.0312843 0.128146 0.041318 0.687786 0.0499608 9.9991E-05
9.994E-05 0.9993 9.994E-05 9.994E-05 9.994E-05 9.994E-05 9.994E-05 9.994E-05
9.994E-05 0.9993 9.994E-05 9.994E-05 9.994E-05 9.994E-05 9.994E-05 9.994E-05
9.994E-05 0.9993 9.994E-05 9.994E-05 9.994E-05 9.994E-05 9.994E-05 9.994E-05
9.994E-05 0.9993 9.994E-05 9.994E-05 9.994E-05 9.994E-05 9.994E-05 9.994E-05
9.994E-05 0.9993 9.994E-05 9.994E-05 9.994E-05 9.994E-05 9.994E-05 9.994E-05
9.9946E-05 0.98402 9.9946E-05 9.9946E-05 9.9946E-05 9.9946E-05 9.9946E-05 0.0153805
9.9973E-05 0.955403 9.9973E-05 0.00395452 9.9973E-05 0.0255198 0.0099681 0.00485423
9.994E-05 0.9993 9.994E-05 9.994E-05 9.994E-05 9.994E-05 9.994E-05 9.994E-05
9.994E-05 0.9993 9.994E-05 9.994E-05 9.994E-05 9.994E-05 9.994E-05 9.994E-05
9.994E-05 0.9993 9.994E-05 9.994E-05 9.994E-05 9.994E-05 9.994E-05 9.994E-05
9.994E-05 0.9993 9.994E-05 9.994E-05 9.994E-05 9.994E-05 9.994E-05 9.994E-05
9.994E-05 0.9993 9.994E-05 9.994E-05 9.994E-05 9.994E-05 9.994E-05 9.994E-05
9.994E-05 0.9993 9.994E-05 9.994E-05 9.994E-05 9.994E-05 9.994E-05 9.994E-05
9.9955E-05 0.956709 9.9955E-05 9.9955E-05 0.0189766 9.9955E-05 9.9955E-05 0.0238145
9.994E-05 0.9993 9.994E-05 9.994E-05 9.994E-05 9.994E-05 9.994E-05 9.994E-05
9.9955E-05 0.957216 0.0308537 9.9955E-05 9.9955E-05 0.0114302 9.9955E-05 9.9955E-05
9.9946E-05 0.993915 0.00548551 9.9946E-05 9.9946E-05 9.9946E-05 9.9946E-05 9.9946E-05
9.9973E-05 0.90589 0.00990078 9.9973E-05 0.0337579 0.0155973 9.9973E-05 0.0345542
9.9955E-05 0.995076 9.9955E-05 9.9955E-05 0.00183619 9.9955E-05 9.9955E-05 0.00258831
9.994E-05 0.9993 9.994E-05 9.994E-05 9.994E-05 9.994E-05 9.994E-05 9.994E-05
0.111448 9.9964E-05 9.9964E-05 9.9964E-05 9.9964E-05 0.837259 0.0446218 0.00627155
0.109331 0.0764372 0.018886 9.9991E-05 0.0347235 0.636881 0.0220875 0.101554
0.0939612 9.9973E-05 9.9973E-05 9.9973E-05 0.043031 0.750909 0.0412771 0.070522
0.0959425 9.9973E-05 9.9973E-05 0.0213574 0.0145631 0.789748 0.0780892 9.9973E-05
0.072983 0.0213249 9.9991E-05 0.00113001 0.0597885 0.784352 0.0272556 0.0330664
0.0160653 0.0373487 0.0510954 0.0392937 0.0417192 0.720885 0.00250875 0.0910844
0.0993507 9.9964E-05 9.9964E-05 9.9964E-05 9.9964E-05 0.837353 0.0523574 0.0105391
0.0498458 0.0299956 0.0580799 0.0834522 0.0289272 0.64222 0.0154724 0.0920069
0.13064 0.0112011 9.9973E-05 9.9973E-05 9.9973E-05 0.786235 0.061798 0.00982639
0.0781552 9.9964E-05 9.9964E-05 9.9964E-05 0.0778244 0.827027 0.016594 9.9964E-05
0.0684322 9.9973E-05 9.9973E-05 0.014076 0.0405196 0.835656 0.0410158 9.9973E-05
0.0538027 0.0522571 0.0636887 0.0586243 9.9991E-05 0.71376 0.0040941 0.0536728
0.0627297 9.9973E-05 9.9973E-05 0.0404577 0.0454362 0.808085 0.0429914 9.9973E-05
0.100716 9.9955E-05 9.9955E-05 9.9955E-05 9.9955E-05 0.84578 0.0530041 9.9955E-05
0.0208585 0.0495519 0.0984918 0.0824999 0.0465863 0.658205 9.9991E-05 0.0437066
9.9982E-05 0.0651232 0.113014 0.0746306 9.9982E-05 0.628861 0.0375544 0.0806161
0.0734819 0.0242272 0.0544377 9.9991E-05 0.0164893 0.722956 0.0375539 0.0707542
0.0521737 9.9973E-05 9.9973E-05 0.0286155 0.0441911 0.84316 0.0315601 9.9973E-05
0.131408 9.9982E-05 0.0193206 9.9982E-05 0.0381477 0.690257 0.0378708 0.0827956
0.110918 0.114511 0.0649294 0.0777084 0.0121435 0.602319 0.0173714 9.9991E-05
0.0370959 0.0181807 0.0166755 0.742736 0.0668435 0.118268 9.9982E-05 9.9982E-05
0.0562777 9.9973E-05 0.0327469 0.634639 0.0511106 0.224926 9.9973E-05 9.9973E-05
0.0258242 9.9982E-05 0.0344089 0.659994 0.107153 0.141957 9.9982E-05 0.030462
9.9973E-05 0.0530422 9.9973E-05 0.721785 0.0574109 0.140375 0.0270872 9.9973E-05
0.0128693 0.0329824 0.010502 0.689942 0.0759402 0.151845 9.9991E-05 0.0258189
9.9973E-05 0.0322946 0.0400227 0.752252 0.0675538 0.107577 9.9973E-05 9.9973E-05
9.9964E-05 0.0590715 9.9964E-05 0.72758 0.0777756 0.135173 9.9964E-05 9.9964E-05
0.124863 0.0521243 0.0328404 0.662546 0.065281 0.0512656 0.01098 9.9991E-05
9.9973E-05 0.0364954 0.0137027 0.700263 0.0190207 0.230218 9.9973E-05 9.9973E-05
9.9973E-05 0.011335 0.0535653 0.652457 0.0545455 0.227797 9.9973E-05 9.9973E-05
9.9964E-05 0.0222228 9.9964E-05 0.74152 0.0528393 0.183018 9.9964E-05 9.9964E-05
0.0593585 0.11279 0.105973 0.0987269 0.0501214 0.482549 9.9991E-05 0.0903817
0.0159534 9.9973E-05 0.014379 0.621824 0.0699467 0.277597 9.9973E-05 9.9973E-05
9.9964E-05 0.0320926 9.9964E-05 0.732153 0.125176 0.110178 9.9964E-05 9.9964E-05
0.0307916 0.0106203 0.0412145 0.650347 0.0609734 0.205853 9.9982E-05 9.9982E-05
9.9964E-05 0.122474 0.00339671 9.9964E-05 9.9964E-05 0.78426 9.9964E-05 0.0894695
9.9964E-05 0.101077 0.0257822 9.9964E-05 9.9964E-05 0.778076 9.9964E-05 0.0946649
9.9955E-05 0.119605 9.9955E-05 9.9955E-05 9.9955E-05 0.790482 9.9955E-05 0.0894137
9.9964E-05 0.125382 9.9964E-05 9.9964E-05 9.9964E-05 0.729842 0.028426 0.11595
9.9955E-05 0.135302 9.9955E-05 9.9955E-05 9.9955E-05 0.778847 9.9955E-05 0.0853505
9.9964E-05 9.9964E-05 9.9964E-05 0.00150667 0.0645408 0.898509 0.0350436 9.9964E-05
9.9955E-05 9.9955E-05 9.9955E-05 9.9955E-05 0.0699276 0.917374 0.0121989 9.9955E-05
9.9964E-05 0.0173192 9.9964E-05 9.9964E-05 0.0751741 0.882309 0.0247979 9.9964E-05
9.9982E-05 0.0106539 9.9982E-05 0.00701966 0.064057 0.871821 0.0434752 0.00277338
9.9964E-05 9.9964E-05 9.9964E-05 0.0348396 0.076991 0.851988 0.0357813 9.9964E-05
9.9973E-05 0.00447602 9.9973E-05 0.00969998 0.0632133 0.894465 0.0278457 9.9973E-05
9.9964E-05 9.9964E-05 9.9964E-05 0.0136307 0.0518407 0.893402 0.0407271 9.9964E-05
9.9964E-05 0.0420634 9.9964E-05 9.9964E-05 0.0926505 0.844674 0.0202126 9.9964E-05
9.9964E-05 9.9964E-05 9.9964E-05 0.00433441 0.0509581 0.926778 0.0175295 9.9964E-05
9.9973E-05 9.9973E-05 9.9973E-05 0.0556615 0.0550706 0.851196 0.0266182 0.0111534
9.9973E-05 0.043964 9.9973E-05 0.0205252 0.0565087 0.874531 9.9973E-05 0.00417166
9.9955E-05 9.9955E-05 9.9955E-05 9.9955E-05 0.0354087 0.950661 0.0134309 9.9955E-05
9.9973E-05 0.00124811 9.9973E-05 0.0496952 0.0754406 0.826788 0.0465277 9.9973E-05
9.9973E-05 0.00484491 9.9973E-05 0.000939874 0.0905111 0.867558 0.0358464 9.9973E-05
9.9973E-05 0.0065426 9.9973E-05 0.013391 0.0832782 0.860864 0.035624 9.9973E-05
9.9955E-05 0.113104 9.9955E-05 0.0627266 9.9955E-05 0.82367 9.9955E-05 9.9955E-05
9.9955E-05 0.124602 9.9955E-05 0.0814275 9.9955E-05 0.79347 9.9955E-05 9.9955E-05
9.9982E-05 0.0931013 9.9982E-05 0.0711807 0.00403696 0.792685 0.0031605 0.0356353
9.9991E-05 0.0887617 0.00559309 0.138525 0.0419204 0.671638 0.0131911 0.0402711
0.0513921 0.0925026 0.0864982 0.0287356 0.0359712 0.683957 9.9991E-05 0.0208429
9.9964E-05 0.163399 9.9964E-05 0.0668969 9.9964E-05 0.714337 9.9964E-05 0.0549672
9.9964E-05 0.149859 0.0244316 0.230914 9.9964E-05 0.594396 9.9964E-05 9.9964E-05
9.9973E-05 0.13272 0.0463052 0.261636 9.9973E-05 0.540177 9.9973E-05 0.0188613
9.9982E-05 0.0871362 9.9982E-05 0.0230223 0.0060356 0.828502 0.0101686 0.0449354
9.9982E-05 0.158358 0.0352706 0.129675 0.073564 0.564793 9.9982E-05 0.0381392
9.9973E-05 0.0650313 9.9973E-05 0.121741 0.0196623 0.781008 0.0122578 9.9973E-05
9.9973E-05 0.200223 9.9973E-05 0.0595531 0.00179713 0.685781 9.9973E-05 0.0523465
9.9973E-05 0.0186701 9.9973E-05 0.0979118 0.032462 0.813988 0.0366677 9.9973E-05
9.9982E-05 0.11066 9.9982E-05 0.0965003 0.00509999 0.67275 0.0734783 0.0413117
9.9973E-05 0.0883896 9.9973E-05 0.0818827 9.9973E-05 0.763775 0.0423275 0.0233257
9.9973E-05 0.0415219 0.0377527 0.206707 9.9973E-05 0.610076 9.9973E-05 0.103641
9.9973E-05 0.122097 9.9973E-05 0.00934085 0.000529307 0.867297 0.00043599 9.9973E-05
9.9991E-05 0.0719674 0.0853017 0.086492 0.0230408 0.671553 0.0063189 0.0552264
0.0103264 0.128777 0.0423071 0.00650997 0.0115691 0.727724 9.9991E-05 0.072687
9.9982E-05 0.0255798 0.0549421 0.0236414 0.0557416 0.780904 9.9982E-05 0.0589909
9.9964E-05 9.9964E-05 9.9964E-05 0.0320117 0.0737937 0.805749 9.9964E-05 0.0880455
9.9982E-05 9.9982E-05 0.0236148 0.0923097 0.0381179 0.78268 0.0136349 0.0494425
9.9973E-05 0.146723 9.9973E-05 0.220812 0.0206444 0.437663 9.9973E-05 0.173858
9.9982E-05 0.023734 0.0288802 0.0287741 0.0645182 0.78069 9.9982E-05 0.0732032
9.9982E-05 0.0480909 0.0691692 0.075077 0.0623137 0.698277 9.9982E-05 0.0468719
9.9973E-05 0.059317 9.9973E-05 0.130397 0.0755038 0.624163 9.9973E-05 0.110319
9.9973E-05 0.00144684 9.9973E-05 0.0682169 0.033917 0.866607 9.9973E-05 0.0295127
9.9973E-05 0.122127 9.9973E-05 0.130371 0.0314333 0.606991 9.9973E-05 0.108777
9.9964E-05 0.034094 9.9964E-05 0.0479245 0.0994587 0.818123 9.9964E-05 9.9964E-05
9.9982E-05 0.122207 0.00278707 0.128082 0.0303084 0.6098 9.9982E-05 0.106615
9.9964E-05 0.0205574 9.9964E-05 0.0813793 0.0764162 0.821247 9.9964E-05 9.9964E-05
9.9973E-05 0.021561 9.9973E-05 0.0975768 0.0948401 0.766984 9.9973E-05 0.0187387
9.9964E-05 0.0995809 9.9964E-05 0.0767827 0.0409393 0.782297 9.9964E-05 9.9964E-05
0.00269075 0.0524048 9.9982E-05 0.128121 0.0398052 0.755795 9.9982E-05 0.0209833
0.0617273 0.0631853 9.9991E-05 0.0526059 0.00316399 0.741319 0.0348559 0.0430424
9.9964E-05 0.0386432 9.9964E-05 0.0294084 0.119853 0.811695 9.9964E-05 9.9964E-05
0.138268 0.0231017 0.00287503 0.0739983 0.0710387 0.690518 9.9982E-05 9.9982E-05
9.9973E-05 0.111243 9.9973E-05 0.124775 0.0361152 0.632921 9.9973E-05 0.0946453
9.9973E-05 0.151899 0.0118856 9.9973E-05 9.9973E-05 0.752765 0.0328134 0.0503379
9.9964E-05 0.10742 9.9964E-05 9.9964E-05 9.9964E-05 0.847122 0.00915629 0.0359018
0.0525915 0.138582 0.0383983 0.00142208 0.0886992 0.651252 9.9991E-05 0.0289545
9.9973E-05 0.0827688 0.00711673 9.9973E-05 0.0108925 0.865241 9.9973E-05 0.0336809
9.9982E-05 0.138584 0.109302 9.9982E-05 0.0271309 0.63098 0.0550643 0.0387383
9.9955E-05 0.150131 9.9955E-05 9.9955E-05 9.9955E-05 0.81585 9.9955E-05 0.033519
9.9964E-05 0.143728 0.0104295 0.0721599 9.9964E-05 0.773283 9.9964E-05 9.9964E-05
0.0290824 0.0852432 9.9973E-05 0.0317005 0.00973112 0.843943 9.9973E-05 9.9973E-05
9.9964E-05 0.0428448 9.9964E-05 0.0645465 0.0203597 0.871849 9.9964E-05 9.9964E-05
0.0024271 0.141165 9.9964E-05 0.0921865 9.9964E-05 0.763822 9.9964E-05 9.9964E-05
9.9955E-05 0.112818 9.9955E-05 0.0212372 9.9955E-05 0.865445 9.9955E-05 9.9955E-05
9.9955E-05 0.110296 9.9955E-05 0.0799641 9.9955E-05 0.80924 9.9955E-05 9.9955E-05
9.9964E-05 0.109785 9.9964E-05 0.0658765 9.9964E-05 0.821894 0.00204478 9.9964E-05
0.0249611 0.114525 9.9991E-05 0.120394 0.0451303 0.653332 0.0270468 0.0145111
0.0246328 0.166173 0.00325911 0.0925326 9.9982E-05 0.685246 9.9982E-05 0.0279558
9.9955E-05 0.119355 9.9955E-05 0.0622794 9.9955E-05 0.817866 9.9955E-05 9.9955E-05
0.00186452 0.00957361 0.0520145 0.141135 0.0579902 0.593482 0.0418305 0.102109
0.00811104 0.102473 0.0534393 9.9982E-05 0.0647445 0.730721 9.9982E-05 0.0403113
9.9973E-05 0.120804 9.9973E-05 0.0103977 0.0270777 0.756315 9.9973E-05 0.0851064
9.9982E-05 0.109715 0.0872869 0.0157773 0.0666635 0.679239 9.9982E-05 0.0411179
0.0307724 0.0562226 9.9982E-05 0.0503216 0.0410208 0.728149 9.9982E-05 0.0933139
0.00280803 0.00916822 0.029453 0.237948 0.00575834 0.707736 9.9991E-05 0.00702852
0.110253 0.0625275 0.0343417 0.186488 0.110202 0.450067 9.9991E-05 0.0460215
0.0995688 0.0283453 0.0609878 0.219537 9.9973E-05 0.591261 9.9973E-05 9.9973E-05
0.0560257 0.0390939 9.9982E-05 0.105235 0.00435837 0.767721 9.9982E-05 0.0273663
9.9973E-05 0.0705672 0.00281144 0.0856901 0.0226769 0.817954 9.9973E-05 9.9973E-05
0.0588253 0.064253 9.9991E-05 0.213959 0.0419603 0.551675 0.00448104 0.0647461
0.0758071 0.0590679 0.0195893 0.182279 0.0596605 0.563913 9.9991E-05 0.0395835
0.0213311 9.9973E-05 0.0246828 0.0662411 0.0837757 0.803669 9.9973E-05 9.9973E-05
0.0731401 0.132776 0.0946824 0.239865 0.00871365 0.428643 9.9991E-05 0.0220803
9.9982E-05 0.0576096 9.9982E-05 0.0876474 0.0588219 0.755201 0.0139702 0.0265503
9.9973E-05 0.0738029 0.0242623 0.0582242 0.00445094 0.83896 9.9973E-05 9.9973E-05
0.0422966 0.0668557 9.9982E-05 0.193348 0.0694126 0.599002 9.9982E-05 0.0288852
9.9964E-05 0.082323 9.9964E-05 0.0577786 0.03407 0.825429 9.9964E-05 9.9964E-05
9.9973E-05 0.087896 9.9973E-05 0.0989955 0.0289395 0.769755 9.9973E-05 0.0141146
