9.98203E-05 0.0757349 9.98203E-05 9.98203E-05 0.00840612 9.98203E-05 9.98203E-05 0.0648561 9.98203E-05 9.98203E-05 9.98203E-05 9.98203E-05 9.98203E-05 9.98203E-05 9.98203E-05 0.796555 9.98203E-05 9.98203E-05 9.98203E-05 9.98203E-05 0.0524516 9.98203E-05 9.98203E-05 9.98203E-05 9.98203E-05
9.9864E-05 9.9864E-05 9.9864E-05 0.0570198 9.9864E-05 9.9864E-05 0.444801 9.9864E-05 9.9864E-05 0.00351269 9.9864E-05 0.0163452 9.9864E-05 9.9864E-05 9.9864E-05 0.348127 0.0322646 0.0282679 9.9864E-05 9.9864E-05 9.9864E-05 9.9864E-05 0.0398829 9.9864E-05 0.0281803
9.97934E-05 9.97934E-05 9.97934E-05 9.97934E-05 9.97934E-05 9.97934E-05 0.994048 9.97934E-05 9.97934E-05 9.97934E-05 9.97934E-05 9.97934E-05 9.97934E-05 9.97934E-05 9.97934E-05 9.97934E-05 9.97934E-05 9.97934E-05 9.97934E-05 9.97934E-05 0.00365706 9.97934E-05 9.97934E-05 9.97934E-05 9.97934E-05
9.98023E-05 9.98023E-05 0.0212436 9.98023E-05 9.98023E-05 9.98023E-05 9.98023E-05 9.98023E-05 9.98023E-05 9.98023E-05 9.98023E-05 9.98023E-05 9.98023E-05 9.98023E-05 9.98023E-05 0.925241 0.0513201 9.98023E-05 9.98023E-05 9.98023E-05 9.98023E-05 9.98023E-05 9.98023E-05 9.98023E-05 9.98023E-05
9.97964E-05 9.97964E-05 9.97964E-05 9.97964E-05 9.97964E-05 9.97964E-05 9.97964E-05 9.97964E-05 9.97964E-05 9.97964E-05 9.97964E-05 9.97964E-05 9.97964E-05 9.97964E-05 9.97964E-05 0.963081 9.97964E-05 9.97964E-05 9.97964E-05 9.97964E-05 9.97964E-05 9.97964E-05 9.97964E-05 9.97964E-05 0.0346236
9.98382E-05 9.98382E-05 9.98382E-05 9.98382E-05 0.0555043 0.0356788 0.538219 9.98382E-05 9.98382E-05 9.98382E-05 0.00823383 9.98382E-05 9.98382E-05 9.98382E-05 9.98382E-05 0.289043 9.98382E-05 9.98382E-05 0.0450668 9.98382E-05 9.98382E-05 9.98382E-05 0.026458 9.98382E-05 9.98382E-05
9.98382E-05 0.12789 9.98382E-05 9.98382E-05 0.217955 9.98382E-05 0.386744 0.0231072 9.98382E-05 9.98382E-05 9.98382E-05 9.98382E-05 0.0078798 9.98382E-05 9.98382E-05 0.0935659 9.98382E-05 9.98382E-05 9.98382E-05 9.98382E-05 9.98382E-05 9.98382E-05 9.98382E-05 0.141061 9.98382E-05
0.00703043 9.98113E-05 9.98113E-05 9.98113E-05 9.98113E-05 9.98113E-05 0.880862 9.98113E-05 9.98113E-05 9.98113E-05 9.98113E-05 9.98113E-05 9.98113E-05 9.98113E-05 0.104535 9.98113E-05 9.98113E-05 9.98113E-05 9.98113E-05 9.98113E-05 9.98113E-05 9.98113E-05 9.98113E-05 0.00547715 9.98113E-05
9.98831E-05 9.98831E-05 0.00181906 0.0025722 9.98831E-05 9.98831E-05 0.696518 9.98831E-05 9.98831E-05 9.98831E-05 0.0287713 0.0188915 9.98831E-05 0.0210309 0.0334236 0.02159 9.98831E-05 9.98831E-05 0.055544 0.00268302 9.98831E-05 0.0697918 9.98831E-05 0.0460659 9.98831E-05
9.98293E-05 9.98293E-05 9.98293E-05 9.98293E-05 9.98293E-05 9.98293E-05 0.9105 0.0138111 0.00706996 9.98293E-05 9.98293E-05 9.98293E-05 9.98293E-05 9.98293E-05 0.0144316 9.98293E-05 9.98293E-05 9.98293E-05 9.98293E-05 9.98293E-05 0.0486684 9.98293E-05 9.98293E-05 9.98293E-05 0.00362266
0.148178 0.018814 9.98472E-05 9.98472E-05 9.98472E-05 0.00330753 0.463951 9.98472E-05 0.000241982 9.98472E-05 9.98472E-05 9.98472E-05 9.98472E-05 0.0618812 9.98472E-05 0.235673 9.98472E-05 9.98472E-05 9.98472E-05 9.98472E-05 9.98472E-05 9.98472E-05 9.98472E-05 9.98472E-05 0.066256
9.97844E-05 9.97844E-05 9.97844E-05 9.97844E-05 9.97844E-05 9.97844E-05 9.97844E-05 9.97844E-05 0.997605 9.97844E-05 9.97844E-05 9.97844E-05 9.97844E-05 9.97844E-05 9.97844E-05 9.97844E-05 9.97844E-05 9.97844E-05 9.97844E-05 9.97844E-05 9.97844E-05 9.97844E-05 9.97844E-05 9.97844E-05 9.97844E-05
9.98651E-05 9.98651E-05 0.0688255 0.146527 9.98651E-05 9.98651E-05 9.98651E-05 9.98651E-05 0.557774 9.98651E-05 9.98651E-05 9.98651E-05 0.0379926 0.0098847 0.0187645 0.0865621 0.00507044 0.0455229 0.0215784 9.98651E-05 9.98651E-05 9.98651E-05 9.98651E-05 9.98651E-05 9.98651E-05
9.98472E-05 0.0730715 9.98472E-05 9.98472E-05 0.00666191 9.98472E-05 0.0168489 9.98472E-05 0.354309 9.98472E-05 9.98472E-05 9.98472E-05 9.98472E-05 9.98472E-05 9.98472E-05 9.98472E-05 0.025696 0.0169502 9.98472E-05 9.98472E-05 0.0835196 9.98472E-05 0.421246 9.98472E-05 9.98472E-05
9.98651E-05 9.98651E-05 0.142128 0.0843785 0.0864724 9.98651E-05 0.0403334 0.063743 0.0963134 9.98651E-05 0.0118156 9.98651E-05 9.98651E-05 9.98651E-05 9.98651E-05 9.98651E-05 9.98651E-05 9.98651E-05 9.98651E-05 9.98651E-05 0.0640368 0.0380385 0.371243 9.98651E-05 9.98651E-05
9.98472E-05 0.0015401 0.410655 9.98472E-05 0.0297034 9.98472E-05 9.98472E-05 9.98472E-05 0.314611 9.98472E-05 0.119649 9.98472E-05 9.98472E-05 9.98472E-05 9.98472E-05 9.98472E-05 9.98472E-05 0.0104432 9.98472E-05 9.98472E-05 0.0459233 9.98472E-05 0.0657776 9.98472E-05 9.98472E-05
9.98382E-05 9.98382E-05 9.98382E-05 9.98382E-05 9.98382E-05 0.00833041 9.98382E-05 0.0507037 0.68141 0.0779472 9.98382E-05 9.98382E-05 9.98382E-05 9.98382E-05 9.98382E-05 0.0888419 9.98382E-05 0.0252829 9.98382E-05 9.98382E-05 9.98382E-05 9.98382E-05 0.065687 9.98382E-05 9.98382E-05
0.0163543 0.0427727 0.0433273 9.98651E-05 9.98651E-05 9.98651E-05 9.98651E-05 9.98651E-05 0.555534 9.98651E-05 9.98651E-05 0.0994949 9.98651E-05 9.98651E-05 0.016161 0.0480884 9.98651E-05 9.98651E-05 0.123948 9.98651E-05 9.98651E-05 9.98651E-05 9.98651E-05 0.0124824 0.0403393
9.98651E-05 9.98651E-05 0.389064 0.0067749 9.98651E-05 9.98651E-05 0.00107565 0.117553 0.274324 9.98651E-05 0.0486434 0.00359423 9.98651E-05 0.0480824 0.0913119 9.98651E-05 9.98651E-05 9.98651E-05 9.98651E-05 9.98651E-05 0.0180789 9.98651E-05 9.98651E-05 9.98651E-05 9.98651E-05
9.98472E-05 0.0143747 0.241039 9.98472E-05 9.98472E-05 9.98472E-05 9.98472E-05 9.98472E-05 0.238505 9.98472E-05 9.98472E-05 0.00537457 9.98472E-05 9.98472E-05 9.98472E-05 0.0044798 9.98472E-05 9.98472E-05 0.0319537 0.0226583 9.98472E-05 9.98472E-05 0.439918 9.98472E-05 9.98472E-05
9.98651E-05 9.98651E-05 9.98651E-05 0.00229796 0.108232 9.98651E-05 0.0877506 9.98651E-05 0.319641 9.98651E-05 0.0565764 0.0973633 0.0235479 9.98651E-05 9.98651E-05 9.98651E-05 0.0425562 9.98651E-05 9.98651E-05 9.98651E-05 0.172951 9.98651E-05 9.98651E-05 9.98651E-05 0.0875858
0.0812717 9.98382E-05 0.0176653 9.98382E-05 9.98382E-05 9.98382E-05 0.00676465 9.98382E-05 9.98382E-05 9.98382E-05 9.98382E-05 9.98382E-05 9.98382E-05 9.98382E-05 9.98382E-05 9.98382E-05 0.595404 9.98382E-05 0.104453 9.98382E-05 0.173748 0.0188955 9.98382E-05 9.98382E-05 9.98382E-05
9.98651E-05 9.98651E-05 0.143221 9.98651E-05 0.0981758 9.98651E-05 9.98651E-05 9.98651E-05 9.98651E-05 0.0422199 9.98651E-05 0.0126859 9.98651E-05 9.98651E-05 9.98651E-05 9.98651E-05 0.324066 0.233163 0.0478661 9.98651E-05 0.0064459 9.98651E-05 0.0302234 0.0604347 9.98651E-05
9.98651E-05 9.98651E-05 9.98651E-05 9.98651E-05 9.98651E-05 9.98651E-05 9.98651E-05 9.98651E-05 0.039352 9.98651E-05 9.98651E-05 0.0285897 0.0056871 0.230096 0.0734989 0.000476233 0.227705 0.341959 9.98651E-05 9.98651E-05 0.0111921 0.0399459 9.98651E-05 9.98651E-05 9.98651E-05
9.97844E-05 9.97844E-05 9.97844E-05 9.97844E-05 9.97844E-05 9.97844E-05 9.97844E-05 9.97844E-05 9.97844E-05 9.97844E-05 9.97844E-05 9.97844E-05 9.97844E-05 9.97844E-05 9.97844E-05 9.97844E-05 0.997605 9.97844E-05 9.97844E-05 9.97844E-05 9.97844E-05 9.97844E-05 9.97844E-05 9.97844E-05 9.97844E-05
9.98472E-05 0.079728 9.98472E-05 9.98472E-05 0.0544722 9.98472E-05 9.98472E-05 0.0837613 9.98472E-05 9.98472E-05 9.98472E-05 0.0753315 9.98472E-05 9.98472E-05 9.98472E-05 9.98472E-05 0.500261 0.0349557 9.98472E-05 9.98472E-05 0.00851729 9.98472E-05 0.161276 9.98472E-05 9.98472E-05
0.00861696 9.98562E-05 9.98562E-05 9.98562E-05 0.0940516 0.0284102 9.98562E-05 9.98562E-05 0.146212 9.98562E-05 0.00204109 9.98562E-05 9.98562E-05 9.98562E-05 9.98562E-05 9.98562E-05 0.445066 9.98562E-05 9.98562E-05 0.0749231 9.98562E-05 9.98562E-05 9.98562E-05 0.0764837 0.122598
9.97933E-05 9.97933E-05 9.97933E-05 9.97933E-05 9.97933E-05 9.97933E-05 9.97933E-05 9.97933E-05 9.97933E-05 9.97933E-05 9.97933E-05 9.97933E-05 9.97933E-05 9.97933E-05 9.97933E-05 9.97933E-05 0.939244 0.0584609 9.97933E-05 9.97933E-05 9.97933E-05 9.97933E-05 9.97933E-05 9.97933E-05 9.97933E-05
9.97934E-05 9.97934E-05 9.97934E-05 9.97934E-05 9.97934E-05 9.97934E-05 9.97934E-05 0.000815404 9.97934E-05 9.97934E-05 9.97934E-05 9.97934E-05 9.97934E-05 9.97934E-05 9.97934E-05 9.97934E-05 9.97934E-05 0.996889 9.97934E-05 9.97934E-05 9.97934E-05 9.97934E-05 9.97934E-05 9.97934E-05 9.97934E-05
9.97934E-05 9.97934E-05 9.97934E-05 9.97934E-05 9.97934E-05 9.97934E-05 9.97934E-05 9.97934E-05 9.97934E-05 9.97934E-05 9.97934E-05 9.97934E-05 9.97934E-05 9.97934E-05 9.97934E-05 9.97934E-05 0.0142198 0.983485 9.97934E-05 9.97934E-05 9.97934E-05 9.97934E-05 9.97934E-05 9.97934E-05 9.97934E-05
9.97844E-05 9.97844E-05 9.97844E-05 9.97844E-05 9.97844E-05 9.97844E-05 9.97844E-05 9.97844E-05 9.97844E-05 0.997605 9.97844E-05 9.97844E-05 9.97844E-05 9.97844E-05 9.97844E-05 9.97844E-05 9.97844E-05 9.97844E-05 9.97844E-05 9.97844E-05 9.97844E-05 9.97844E-05 9.97844E-05 9.97844E-05 9.97844E-05
9.97934E-05 9.97934E-05 9.97934E-05 9.97934E-05 9.97934E-05 9.97934E-05 9.97934E-05 9.97934E-05 9.97934E-05 0.992409 9.97934E-05 9.97934E-05 9.97934E-05 9.97934E-05 0.00529605 9.97934E-05 9.97934E-05 9.97934E-05 9.97934E-05 9.97934E-05 9.97934E-05 9.97934E-05 9.97934E-05 9.97934E-05 9.97934E-05
0.0391262 9.98293E-05 0.683142 9.98293E-05 9.98293E-05 0.00929612 9.98293E-05 9.98293E-05 9.98293E-05 9.98293E-05 0.0327116 9.98293E-05 9.98293E-05 0.0327586 9.98293E-05 9.98293E-05 9.98293E-05 9.98293E-05 9.98293E-05 9.98293E-05 9.98293E-05 9.98293E-05 9.98293E-05 9.98293E-05 0.201068
9.98113E-05 9.98113E-05 9.98113E-05 9.98113E-05 9.98113E-05 0.0547072 9.98113E-05 9.98113E-05 9.98113E-05 9.98113E-05 9.98113E-05 0.909764 9.98113E-05 9.98113E-05 9.98113E-05 9.98113E-05 9.98113E-05 0.028819 9.98113E-05 9.98113E-05 9.98113E-05 9.98113E-05 0.00461357 9.98113E-05 9.98113E-05
9.98831E-05 9.98831E-05 0.0359597 9.98831E-05 0.223602 0.13495 0.107587 9.98831E-05 9.98831E-05 9.98831E-05 0.0418958 0.146863 0.0574457 9.98831E-05 9.98831E-05 9.98831E-05 0.0909922 0.0114551 0.0556592 9.98831E-05 0.0235163 0.0687752 9.98831E-05 9.98831E-05 9.98831E-05
9.97844E-05 9.97844E-05 9.97844E-05 9.97844E-05 9.97844E-05 9.97844E-05 9.97844E-05 9.97844E-05 9.97844E-05 9.97844E-05 9.97844E-05 0.997605 9.97844E-05 9.97844E-05 9.97844E-05 9.97844E-05 9.97844E-05 9.97844E-05 9.97844E-05 9.97844E-05 9.97844E-05 9.97844E-05 9.97844E-05 9.97844E-05 9.97844E-05
9.98561E-05 9.98561E-05 0.729848 9.98561E-05 0.0260823 0.00719823 9.98561E-05 9.98561E-05 9.98561E-05 9.98561E-05 9.98561E-05 0.0765686 9.98561E-05 0.00918057 9.98561E-05 0.0675904 0.052442 9.98561E-05 9.98561E-05 9.98561E-05 9.98561E-05 9.98561E-05 0.0196963 0.0097964 9.98561E-05
9.98651E-05 0.0525805 0.262497 9.98651E-05 9.98651E-05 9.98651E-05 9.98651E-05 0.045175 0.13124 9.98651E-05 0.031759 0.219236 0.0538671 9.98651E-05 0.0123594 9.98651E-05 0.0608235 9.98651E-05 9.98651E-05 9.98651E-05 9.98651E-05 9.98651E-05 9.98651E-05 0.128965 9.98651E-05
9.97844E-05 9.97844E-05 9.97844E-05 9.97844E-05 9.97844E-05 0.997605 9.97844E-05 9.97844E-05 9.97844E-05 9.97844E-05 9.97844E-05 9.97844E-05 9.97844E-05 9.97844E-05 9.97844E-05 9.97844E-05 9.97844E-05 9.97844E-05 9.97844E-05 9.97844E-05 9.97844E-05 9.97844E-05 9.97844E-05 9.97844E-05 9.97844E-05
9.98382E-05 0.0115972 9.98382E-05 9.98382E-05 0.016208 0.713989 0.0611399 9.98382E-05 9.98382E-05 9.98382E-05 9.98382E-05 9.98382E-05 9.98382E-05 9.98382E-05 9.98382E-05 9.98382E-05 9.98382E-05 9.98382E-05 9.98382E-05 9.98382E-05 0.0984885 9.98382E-05 0.036733 0.0600472 9.98382E-05
9.97844E-05 9.97844E-05 9.97844E-05 9.97844E-05 9.97844E-05 9.97844E-05 9.97844E-05 9.97844E-05 9.97844E-05 9.97844E-05 9.97844E-05 9.97844E-05 9.97844E-05 9.97844E-05 9.97844E-05 9.97844E-05 9.97844E-05 9.97844E-05 9.97844E-05 9.97844E-05 0.997605 9.97844E-05 9.97844E-05 9.97844E-05 9.97844E-05
9.98472E-05 0.0944345 0.221976 9.98472E-05 9.98472E-05 0.248729 9.98472E-05 9.98472E-05 9.98472E-05 0.00214547 0.0666412 9.98472E-05 9.98472E-05 9.98472E-05 9.98472E-05 9.98472E-05 9.98472E-05 0.0565679 0.0169952 9.98472E-05 0.290813 9.98472E-05 9.98472E-05 9.98472E-05 9.98472E-05
9.97844E-05 9.97844E-05 9.97844E-05 9.97844E-05 9.97844E-05 9.97844E-05 9.97844E-05 9.97844E-05 9.97844E-05 9.97844E-05 9.97844E-05 9.97844E-05 9.97844E-05 9.97844E-05 9.97844E-05 9.97844E-05 9.97844E-05 9.97844E-05 9.97844E-05 9.97844E-05 0.997605 9.97844E-05 9.97844E-05 9.97844E-05 9.97844E-05
9.97843E-05 9.97843E-05 0.997605 9.97843E-05 9.97843E-05 9.97843E-05 9.97843E-05 9.97843E-05 9.97843E-05 9.97843E-05 9.97843E-05 9.97843E-05 9.97843E-05 9.97843E-05 9.97843E-05 9.97843E-05 9.97843E-05 9.97843E-05 9.97843E-05 9.97843E-05 9.97843E-05 9.97843E-05 9.97843E-05 9.97843E-05 9.97843E-05
9.98561E-05 0.0705818 0.143013 9.98561E-05 9.98561E-05 0.380049 9.98561E-05 0.00524132 9.98561E-05 0.149004 9.98561E-05 9.98561E-05 9.98561E-05 9.98561E-05 9.98561E-05 9.98561E-05 9.98561E-05 9.98561E-05 9.98561E-05 9.98561E-05 0.0205469 0.126638 0.0144187 9.98561E-05 0.08891
0.021196 0.109973 0.0339977 9.98741E-05 0.0033256 9.98741E-05 9.98741E-05 9.98741E-05 9.98741E-05 0.206369 9.98741E-05 9.98741E-05 9.98741E-05 9.98741E-05 9.98741E-05 9.98741E-05 0.0495273 0.0374105 0.36972 0.103266 0.00436695 9.98741E-05 9.98741E-05 9.98741E-05 0.0594506
0.112992 0.159078 9.98472E-05 9.98472E-05 9.98472E-05 0.0108368 9.98472E-05 0.00525735 9.98472E-05 9.98472E-05 0.133939 9.98472E-05 0.0327698 9.98472E-05 9.98472E-05 9.98472E-05 9.98472E-05 9.98472E-05 0.529727 9.98472E-05 9.98472E-05 9.98472E-05 9.98472E-05 0.0137022 9.98472E-05
9.98382E-05 0.778831 9.98382E-05 9.98382E-05 0.0380597 0.002047 0.0679238 9.98382E-05 0.0295313 0.0174466 9.98382E-05 9.98382E-05 9.98382E-05 9.98382E-05 9.98382E-05 9.98382E-05 9.98382E-05 9.98382E-05 9.98382E-05 9.98382E-05 9.98382E-05 9.98382E-05 9.98382E-05 0.0643637 9.98382E-05
0.0683574 0.0192254 9.98471E-05 9.98471E-05 9.98471E-05 9.98471E-05 9.98471E-05 0.0264448 0.141775 0.350389 9.98471E-05 0.119667 9.98471E-05 9.98471E-05 9.98471E-05 9.98471E-05 9.98471E-05 9.98471E-05 0.245654 9.98471E-05 0.0267902 9.98471E-05 9.98471E-05 9.98471E-05 9.98471E-05
9.98472E-05 9.98472E-05 0.0337299 9.98472E-05 9.98472E-05 0.011432 9.98472E-05 0.0591796 9.98472E-05 9.98472E-05 9.98472E-05 9.98472E-05 9.98472E-05 9.98472E-05 9.98472E-05 9.98472E-05 9.98472E-05 9.98472E-05 0.782302 0.0563332 9.98472E-05 0.00459192 0.0255615 0.0251725 9.98472E-05
9.98561E-05 0.252965 9.98561E-05 0.0165732 9.98561E-05 9.98561E-05 9.98561E-05 9.98561E-05 9.98561E-05 0.0747214 0.0608424 0.309407 9.98561E-05 0.0899973 9.98561E-05 9.98561E-05 9.98561E-05 0.0424492 0.112635 9.98561E-05 0.0388122 9.98561E-05 9.98561E-05 9.98561E-05 9.98561E-05
0.0137161 9.98651E-05 9.98651E-05 9.98651E-05 9.98651E-05 9.98651E-05 9.98651E-05 0.00792597 9.98651E-05 9.98651E-05 9.98651E-05 0.0305816 9.98651E-05 0.110634 9.98651E-05 0.0959214 0.0364358 9.98651E-05 0.51998 9.98651E-05 0.0139973 0.105668 9.98651E-05 9.98651E-05 0.0636418
9.97844E-05 9.97844E-05 9.97844E-05 9.97844E-05 9.97844E-05 9.97844E-05 9.97844E-05 9.97844E-05 9.97844E-05 9.97844E-05 9.97844E-05 9.97844E-05 9.97844E-05 9.97844E-05 9.97844E-05 9.97844E-05 9.97844E-05 9.97844E-05 0.997605 9.97844E-05 9.97844E-05 9.97844E-05 9.97844E-05 9.97844E-05 9.97844E-05
0.0813722 0.0637984 9.98741E-05 0.0161821 0.0138515 9.98741E-05 0.018368 9.98741E-05 9.98741E-05 9.98741E-05 0.0284154 9.98741E-05 9.98741E-05 0.0839565 9.98741E-05 9.98741E-05 9.98741E-05 0.212734 0.283369 9.98741E-05 9.98741E-05 0.0550742 9.98741E-05 9.98741E-05 0.14148
9.9883E-05 9.9883E-05 9.9883E-05 9.9883E-05 0.00437016 9.9883E-05 9.9883E-05 0.00697916 0.0447541 0.0786345 9.9883E-05 9.9883E-05 0.00498487 0.0839028 0.0231076 0.0857668 9.9883E-05 0.109476 0.458699 0.00830193 0.0897245 9.9883E-05 9.9883E-05 9.9883E-05 9.9883E-05
9.98562E-05 9.98562E-05 9.98562E-05 9.98562E-05 0.246803 9.98562E-05 9.98562E-05 9.98562E-05 9.98562E-05 0.0659168 0.0084878 9.98562E-05 9.98562E-05 9.98562E-05 9.98562E-05 0.0137629 9.98562E-05 9.98562E-05 0.515898 0.0633944 0.0413697 0.0338606 0.00891007 9.98562E-05 9.98562E-05
9.98112E-05 0.88831 9.98112E-05 9.98112E-05 9.98112E-05 9.98112E-05 9.98112E-05 9.98112E-05 9.98112E-05 9.98112E-05 9.98112E-05 9.98112E-05 9.98112E-05 0.0467475 9.98112E-05 9.98112E-05 9.98112E-05 9.98112E-05 0.0286957 9.98112E-05 9.98112E-05 0.0341508 9.98112E-05 9.98112E-05 9.98112E-05
9.98292E-05 0.00355234 0.0104111 9.98292E-05 0.148492 9.98292E-05 9.98292E-05 9.98292E-05 9.98292E-05 9.98292E-05 9.98292E-05 9.98292E-05 9.98292E-05 9.98292E-05 0.0095693 9.98292E-05 9.98292E-05 0.130828 0.69525 9.98292E-05 9.98292E-05 9.98292E-05 9.98292E-05 9.98292E-05 9.98292E-05
0.29259 0.0115114 0.0160882 9.98651E-05 9.98651E-05 0.0686527 9.98651E-05 9.98651E-05 0.0368083 9.98651E-05 9.98651E-05 0.000330706 9.98651E-05 9.98651E-05 0.00675319 0.0809688 9.98651E-05 0.0696155 0.415183 9.98651E-05 9.98651E-05 9.98651E-05 9.98651E-05 9.98651E-05 9.98651E-05
9.98471E-05 9.98471E-05 9.98471E-05 0.0192583 9.98471E-05 9.98471E-05 0.0198489 9.98471E-05 0.0630743 9.98471E-05 9.98471E-05 9.98471E-05 9.98471E-05 9.98471E-05 9.98471E-05 0.0252547 0.141892 9.98471E-05 0.576997 9.98471E-05 0.0928128 9.98471E-05 0.0591648 9.98471E-05 9.98471E-05
9.98472E-05 9.98472E-05 0.0152564 0.120456 9.98472E-05 0.000837045 9.98472E-05 9.98472E-05 0.0400255 9.98472E-05 9.98472E-05 0.175651 9.98472E-05 9.98472E-05 0.0524201 9.98472E-05 9.98472E-05 9.98472E-05 0.560136 0.0335201 9.98472E-05 9.98472E-05 9.98472E-05 9.98472E-05 9.98472E-05
0.083644 0.73909 0.125579 9.98203E-05 9.98203E-05 9.98203E-05 9.98203E-05 9.98203E-05 9.98203E-05 9.98203E-05 9.98203E-05 9.98203E-05 9.98203E-05 9.98203E-05 9.98203E-05 9.98203E-05 9.98203E-05 9.98203E-05 9.98203E-05 0.0315615 0.018129 9.98203E-05 9.98203E-05 9.98203E-05 9.98203E-05
9.98651E-05 9.98651E-05 9.98651E-05 9.98651E-05 0.359214 9.98651E-05 9.98651E-05 0.0224415 9.98651E-05 0.169539 0.0385069 9.98651E-05 0.0081633 0.151638 9.98651E-05 9.98651E-05 9.98651E-05 0.120662 0.016084 0.0798433 9.98651E-05 0.0324097 9.98651E-05 9.98651E-05 9.98651E-05
9.98024E-05 9.98024E-05 9.98024E-05 9.98024E-05 0.946704 0.0187196 9.98024E-05 9.98024E-05 9.98024E-05 9.98024E-05 9.98024E-05 9.98024E-05 9.98024E-05 9.98024E-05 9.98024E-05 9.98024E-05 9.98024E-05 9.98024E-05 9.98024E-05 9.98024E-05 9.98024E-05 9.98024E-05 9.98024E-05 0.0323805 9.98024E-05
0.0468487 9.98561E-05 9.98561E-05 9.98561E-05 0.57527 0.0056029 9.98561E-05 9.98561E-05 0.101629 9.98561E-05 9.98561E-05 9.98561E-05 9.98561E-05 0.146449 9.98561E-05 9.98561E-05 9.98561E-05 0.0736131 0.0288641 9.98561E-05 0.00856655 0.0115603 9.98561E-05 9.98561E-05 9.98561E-05
9.98561E-05 9.98561E-05 9.98561E-05 9.98561E-05 0.329125 9.98561E-05 9.98561E-05 0.14956 9.98561E-05 9.98561E-05 9.98561E-05 9.98561E-05 0.00172843 0.305969 0.142322 0.00806857 9.98561E-05 9.98561E-05 9.98561E-05 9.98561E-05 0.0524651 0.00547059 9.98561E-05 9.98561E-05 0.00369417
9.98382E-05 9.98382E-05 0.0469638 9.98382E-05 0.647521 9.98382E-05 9.98382E-05 0.162504 9.98382E-05 9.98382E-05 9.98382E-05 9.98382E-05 0.00994346 9.98382E-05 9.98382E-05 0.00404831 0.10803 9.98382E-05 9.98382E-05 9.98382E-05 9.98382E-05 0.0191932 9.98382E-05 9.98382E-05 9.98382E-05
0.0269209 9.98471E-05 9.98471E-05 0.0886101 0.259368 9.98471E-05 9.98471E-05 0.204783 9.98471E-05 0.258694 9.98471E-05 0.070948 9.98471E-05 0.059096 9.98471E-05 9.98471E-05 0.0298829 9.98471E-05 9.98471E-05 9.98471E-05 9.98471E-05 9.98471E-05 9.98471E-05 9.98471E-05 9.98471E-05
0.0401056 9.98202E-05 9.98202E-05 9.98202E-05 0.126417 9.98202E-05 9.98202E-05 9.98202E-05 9.98202E-05 9.98202E-05 9.98202E-05 9.98202E-05 9.98202E-05 0.80802 9.98202E-05 9.98202E-05 9.98202E-05 0.0212756 9.98202E-05 9.98202E-05 9.98202E-05 9.98202E-05 0.0021858 9.98202E-05 9.98202E-05
9.98188E-05 9.98188E-05 9.98188E-05 9.98188E-05 9.98188E-05 9.98188E-05 9.98188E-05 0.833688 9.98188E-05 9.98188E-05 9.98188E-05 9.98188E-05 9.98188E-05 9.98188E-05 9.98188E-05 0.0250442 9.98188E-05 9.98188E-05 9.98188E-05 9.98188E-05 9.98188E-05 9.98188E-05 0.0662037 9.98188E-05 0.0729676
0.139741 0.070427 9.98381E-05 9.98381E-05 0.438773 9.98381E-05 9.98381E-05 0.217834 9.98381E-05 9.98381E-05 9.98381E-05 9.98381E-05 0.0069792 9.98381E-05 0.05793 9.98381E-05 9.98381E-05 9.98381E-05 9.98381E-05 9.98381E-05 9.98381E-05 9.98381E-05 9.98381E-05 0.066519 9.98381E-05
9.97933E-05 9.97933E-05 9.97933E-05 9.97933E-05 9.97933E-05 9.97933E-05 9.97933E-05 0.986603 9.97933E-05 9.97933E-05 9.97933E-05 9.97933E-05 9.97933E-05 9.97933E-05 9.97933E-05 9.97933E-05 9.97933E-05 0.0111021 9.97933E-05 9.97933E-05 9.97933E-05 9.97933E-05 9.97933E-05 9.97933E-05 9.97933E-05
9.98471E-05 9.98471E-05 9.98471E-05 0.0757875 0.175578 0.0527927 9.98471E-05 0.222383 9.98471E-05 9.98471E-05 0.0164211 9.98471E-05 9.98471E-05 0.295526 9.98471E-05 9.98471E-05 9.98471E-05 9.98471E-05 9.98471E-05 9.98471E-05 9.98471E-05 9.98471E-05 9.98471E-05 0.115814 0.0440006
9.98651E-05 9.98651E-05 0.121655 0.0269558 9.98651E-05 9.98651E-05 0.0194058 0.0613229 9.98651E-05 0.553639 9.98651E-05 9.98651E-05 0.00147514 0.100101 9.98651E-05 9.98651E-05 9.98651E-05 9.98651E-05 9.98651E-05 9.98651E-05 0.00593121 9.98651E-05 0.0289301 9.98651E-05 0.079087
9.97844E-05 9.97844E-05 9.97844E-05 9.97844E-05 9.97844E-05 9.97844E-05 9.97844E-05 9.97844E-05 9.97844E-05 9.97844E-05 9.97844E-05 9.97844E-05 9.97844E-05 0.997605 9.97844E-05 9.97844E-05 9.97844E-05 9.97844E-05 9.97844E-05 9.97844E-05 9.97844E-05 9.97844E-05 9.97844E-05 9.97844E-05 9.97844E-05
0.0381915 9.98561E-05 9.98561E-05 9.98561E-05 9.98561E-05 9.98561E-05 9.98561E-05 9.98561E-05 9.98561E-05 9.98561E-05 0.00259927 0.0781228 9.98561E-05 0.621244 0.0640623 9.98561E-05 9.98561E-05 0.0156089 9.98561E-05 9.98561E-05 9.98561E-05 0.0567619 9.98561E-05 0.105799 0.0160131
9.98382E-05 9.98382E-05 9.98382E-05 9.98382E-05 0.635422 9.98382E-05 9.98382E-05 0.157539 9.98382E-05 0.00708979 9.98382E-05 9.98382E-05 9.98382E-05 9.98382E-05 0.0869431 9.98382E-05 9.98382E-05 9.98382E-05 9.98382E-05 0.0753682 0.0172608 0.0185806 9.98382E-05 9.98382E-05 9.98382E-05
0.101723 0.12814 9.9883E-05 9.9883E-05 0.267605 0.0175011 9.9883E-05 9.9883E-05 0.034394 9.9883E-05 9.9883E-05 0.0176946 9.9883E-05 0.106721 9.9883E-05 9.9883E-05 0.0133229 9.9883E-05 0.0237502 9.9883E-05 9.9883E-05 0.00975142 9.9883E-05 0.101378 0.176721
9.98203E-05 9.98203E-05 9.98203E-05 0.686458 0.117339 9.98203E-05 9.98203E-05 9.98203E-05 9.98203E-05 9.98203E-05 9.98203E-05 0.0281275 9.98203E-05 9.98203E-05 9.98203E-05 9.98203E-05 9.98203E-05 9.98203E-05 9.98203E-05 9.98203E-05 0.00154914 9.98203E-05 0.16453 9.98203E-05 9.98203E-05
9.98113E-05 9.98113E-05 9.98113E-05 0.832602 9.98113E-05 9.98113E-05 9.98113E-05 9.98113E-05 9.98113E-05 9.98113E-05 9.98113E-05 9.98113E-05 9.98113E-05 9.98113E-05 0.132892 9.98113E-05 9.98113E-05 0.0183276 9.98113E-05 9.98113E-05 0.014082 9.98113E-05 9.98113E-05 9.98113E-05 9.98113E-05
9.98292E-05 0.159781 9.98292E-05 0.560534 9.98292E-05 9.98292E-05 9.98292E-05 0.13244 9.98292E-05 9.98292E-05 0.00129928 9.98292E-05 9.98292E-05 9.98292E-05 9.98292E-05 9.98292E-05 9.98292E-05 9.98292E-05 9.98292E-05 9.98292E-05 9.98292E-05 9.98292E-05 0.0297258 9.98292E-05 0.114323
9.98471E-05 9.98471E-05 9.98471E-05 0.640716 9.98471E-05 0.037527 9.98471E-05 0.024625 9.98471E-05 9.98471E-05 9.98471E-05 9.98471E-05 9.98471E-05 0.00748237 9.98471E-05 9.98471E-05 9.98471E-05 9.98471E-05 0.0620768 0.0462763 9.98471E-05 9.98471E-05 0.0196659 0.159933 9.98471E-05
0.135511 9.98112E-05 9.98112E-05 0.693686 9.98112E-05 9.98112E-05 0.0725747 9.98112E-05 9.98112E-05 9.98112E-05 9.98112E-05 9.98112E-05 9.98112E-05 9.98112E-05 9.98112E-05 9.98112E-05 0.0961326 9.98112E-05 9.98112E-05 9.98112E-05 9.98112E-05 9.98112E-05 9.98112E-05 9.98112E-05 9.98112E-05
0.050083 9.98651E-05 0.0699683 0.115807 0.328722 9.98651E-05 9.98651E-05 9.98651E-05 9.98651E-05 9.98651E-05 0.0120335 9.98651E-05 9.98651E-05 9.98651E-05 0.0313985 0.0886332 9.98651E-05 9.98651E-05 9.98651E-05 0.251424 9.98651E-05 9.98651E-05 0.0293581 0.0210748 9.98651E-05
9.98023E-05 9.98023E-05 9.98023E-05 9.98023E-05 0.037862 9.98023E-05 9.98023E-05 9.98023E-05 9.98023E-05 9.98023E-05 9.98023E-05 9.98023E-05 0.00918015 9.98023E-05 9.98023E-05 9.98023E-05 9.98023E-05 9.98023E-05 9.98023E-05 0.950762 9.98023E-05 9.98023E-05 9.98023E-05 9.98023E-05 9.98023E-05
0.0341789 9.98382E-05 0.171308 0.378713 9.98382E-05 9.98382E-05 0.0750074 9.98382E-05 9.98382E-05 9.98382E-05 9.98382E-05 9.98382E-05 9.98382E-05 0.0313616 9.98382E-05 9.98382E-05 9.98382E-05 9.98382E-05 9.98382E-05 0.296011 9.98382E-05 0.0116229 9.98382E-05 9.98382E-05 9.98382E-05
9.97844E-05 9.97844E-05 9.97844E-05 9.97844E-05 9.97844E-05 9.97844E-05 9.97844E-05 9.97844E-05 9.97844E-05 9.97844E-05 9.97844E-05 9.97844E-05 9.97844E-05 9.97844E-05 9.97844E-05 9.97844E-05 9.97844E-05 9.97844E-05 9.97844E-05 0.997605 9.97844E-05 9.97844E-05 9.97844E-05 9.97844E-05 9.97844E-05
0.515521 9.98741E-05 9.98741E-05 9.98741E-05 0.088018 9.98741E-05 9.98741E-05 9.98741E-05 9.98741E-05 0.00102201 0.0296669 9.98741E-05 0.00223013 9.98741E-05 0.0703338 9.98741E-05 9.98741E-05 0.1986 0.0333825 0.00279511 0.036968 9.98741E-05 9.98741E-05 9.98741E-05 0.0200643
0.907291 9.98112E-05 9.98112E-05 9.98112E-05 9.98112E-05 9.98112E-05 9.98112E-05 9.98112E-05 9.98112E-05 9.98112E-05 9.98112E-05 0.0717611 9.98112E-05 9.98112E-05 9.98112E-05 0.0148944 9.98112E-05 9.98112E-05 9.98112E-05 9.98112E-05 0.00395753 9.98112E-05 9.98112E-05 9.98112E-05 9.98112E-05
0.689641 9.98472E-05 0.0316491 9.98472E-05 9.98472E-05 9.98472E-05 0.00301382 9.98472E-05 9.98472E-05 9.98472E-05 9.98472E-05 9.98472E-05 0.0153258 9.98472E-05 9.98472E-05 9.98472E-05 9.98472E-05 0.00823232 9.98472E-05 0.189095 9.98472E-05 9.98472E-05 9.98472E-05 0.0308741 0.0304721
0.726424 0.0170231 0.147376 9.98203E-05 9.98203E-05 9.98203E-05 9.98203E-05 0.00293864 9.98203E-05 9.98203E-05 9.98203E-05 9.98203E-05 9.98203E-05 9.98203E-05 0.104241 9.98203E-05 9.98203E-05 9.98203E-05 9.98203E-05 9.98203E-05 9.98203E-05 9.98203E-05 9.98203E-05 9.98203E-05 9.98203E-05
0.657336 9.98382E-05 9.98382E-05 0.163273 9.98382E-05 9.98382E-05 0.0196152 9.98382E-05 9.98382E-05 9.98382E-05 9.98382E-05 9.98382E-05 9.98382E-05 9.98382E-05 0.0847739 0.0246807 9.98382E-05 0.0344418 0.0140822 9.98382E-05 9.98382E-05 9.98382E-05 9.98382E-05 9.98382E-05 9.98382E-05
0.383409 9.98561E-05 0.0819805 9.98561E-05 9.98561E-05 0.0756894 0.00040905 0.0259707 9.98561E-05 9.98561E-05 9.98561E-05 9.98561E-05 0.0257433 9.98561E-05 0.0424951 9.98561E-05 9.98561E-05 9.98561E-05 0.279138 9.98561E-05 0.0835668 9.98561E-05 9.98561E-05 9.98561E-05 9.98561E-05
0.426665 0.0438082 9.98651E-05 0.0270311 9.98651E-05 9.98651E-05 9.98651E-05 9.98651E-05 9.98651E-05 0.228693 9.98651E-05 0.0556732 9.98651E-05 9.98651E-05 9.98651E-05 9.98651E-05 0.0624301 9.98651E-05 0.0504973 0.0702021 9.98651E-05 0.0155119 9.98651E-05 0.0179906 9.98651E-05
0.619308 9.98382E-05 9.98382E-05 9.98382E-05 9.98382E-05 0.0239608 9.98382E-05 9.98382E-05 9.98382E-05 9.98382E-05 0.0277986 9.98382E-05 9.98382E-05 0.102512 9.98382E-05 0.0677578 0.10149 9.98382E-05 9.98382E-05 9.98382E-05 9.98382E-05 0.0553752 9.98382E-05 9.98382E-05 9.98382E-05
0.494513 9.98203E-05 0.160543 9.98203E-05 0.310844 0.0248474 9.98203E-05 9.98203E-05 9.98203E-05 9.98203E-05 9.98203E-05 9.98203E-05 9.98203E-05 9.98203E-05 9.98203E-05 9.98203E-05 9.98203E-05 9.98203E-05 9.98203E-05 9.98203E-05 0.00725684 9.98203E-05 9.98203E-05 9.98203E-05 9.98203E-05
0.607283 9.98562E-05 9.98562E-05 0.0178302 9.98562E-05 9.98562E-05 9.98562E-05 9.98562E-05 0.0426318 9.98562E-05 0.0213898 9.98562E-05 9.98562E-05 0.0701776 9.98562E-05 0.00327725 0.03938 9.98562E-05 9.98562E-05 9.98562E-05 0.0401461 9.98562E-05 9.98562E-05 9.98562E-05 0.156286
0.422877 0.122362 9.98921E-05 0.0600815 0.0258097 0.0361609 0.0433079 0.0735909 0.0411398 9.98921E-05 9.98921E-05 9.98921E-05 9.98921E-05 9.98921E-05 0.0232507 9.98921E-05 9.98921E-05 0.0698524 9.98921E-05 0.00837902 0.00984076 9.98921E-05 9.98921E-05 9.98921E-05 0.0621495
0.494668 9.98651E-05 9.98651E-05 9.98651E-05 9.98651E-05 0.0289878 0.06416 9.98651E-05 9.98651E-05 9.98651E-05 0.0710712 9.98651E-05 0.0142715 0.114557 9.98651E-05 0.106848 9.98651E-05 0.0360911 9.98651E-05 9.98651E-05 9.98651E-05 0.0333074 9.98651E-05 9.98651E-05 0.0345396
0.508944 9.98651E-05 0.0720208 9.98651E-05 9.98651E-05 9.98651E-05 9.98651E-05 9.98651E-05 9.98651E-05 0.0431037 9.98651E-05 9.98651E-05 9.98651E-05 0.0284042 9.98651E-05 0.104906 9.98651E-05 0.0529897 9.98651E-05 0.107772 0.0312662 9.98651E-05 0.00957179 0.039524 9.98651E-05
0.462342 0.110093 9.98472E-05 9.98472E-05 0.123972 9.98472E-05 0.00930047 9.98472E-05 9.98472E-05 0.148616 9.98472E-05 9.98472E-05 9.98472E-05 9.98472E-05 9.98472E-05 9.98472E-05 0.0380052 9.98472E-05 9.98472E-05 9.98472E-05 9.98472E-05 0.00327784 0.102697 9.98472E-05 9.98472E-05
0.374944 9.9883E-05 9.9883E-05 9.9883E-05 0.31984 9.9883E-05 0.057721 0.00584835 9.9883E-05 0.000502173 0.0043154 0.0283439 0.013582 0.060228 9.9883E-05 9.9883E-05 9.9883E-05 0.00797851 9.9883E-05 9.9883E-05 0.0159102 9.9883E-05 0.109488 9.9883E-05 9.9883E-05
0.332149 0.0144481 0.0241958 9.98741E-05 9.98741E-05 0.0401745 9.98741E-05 0.0793561 9.98741E-05 9.98741E-05 9.98741E-05 9.98741E-05 9.98741E-05 9.98741E-05 9.98741E-05 9.98741E-05 0.0787241 9.98741E-05 0.186306 0.120141 9.98741E-05 0.0353016 0.0724977 0.015308 9.98741E-05
0.761698 9.98651E-05 0.0353994 0.0223096 9.98651E-05 9.98651E-05 9.98651E-05 9.98651E-05 0.0293097 9.98651E-05 0.00609419 9.98651E-05 0.0150738 0.051401 9.98651E-05 9.98651E-05 0.064381 9.98651E-05 9.98651E-05 0.00438899 9.98651E-05 0.00844623 9.98651E-05 9.98651E-05 9.98651E-05
0.413192 9.98472E-05 9.98472E-05 9.98472E-05 0.166478 9.98472E-05 9.98472E-05 0.112117 9.98472E-05 9.98472E-05 9.98472E-05 9.98472E-05 9.98472E-05 9.98472E-05 9.98472E-05 9.98472E-05 9.98472E-05 9.98472E-05 9.98472E-05 0.0936093 0.0149274 0.0259611 0.0894184 0.0825991 9.98472E-05
0.28083 0.232216 0.0304524 9.98472E-05 9.98472E-05 9.98472E-05 9.98472E-05 0.127811 9.98472E-05 9.98472E-05 9.98472E-05 9.98472E-05 9.98472E-05 9.98472E-05 9.98472E-05 9.98472E-05 0.0276684 9.98472E-05 9.98472E-05 0.198811 0.0833392 9.98472E-05 0.0171743 9.98472E-05 9.98472E-05
9.98741E-05 9.98741E-05 0.0392125 9.98741E-05 0.562743 9.98741E-05 9.98741E-05 0.0237932 9.98741E-05 0.0143055 0.105495 0.00302145 0.00152858 9.98741E-05 9.98741E-05 9.98741E-05 9.98741E-05 0.0708817 9.98741E-05 9.98741E-05 9.98741E-05 0.0104158 0.15282 9.98741E-05 0.0143852
0.00404549 0.0394925 0.0101295 0.0345031 0.572216 9.98561E-05 9.98561E-05 9.98561E-05 9.98561E-05 9.98561E-05 9.98561E-05 9.98561E-05 9.98561E-05 9.98561E-05 9.98561E-05 0.0107955 9.98561E-05 9.98561E-05 9.98561E-05 0.0611369 0.00314673 9.98561E-05 9.98561E-05 9.98561E-05 0.262937
9.98382E-05 0.0403062 9.98382E-05 9.98382E-05 0.709829 9.98382E-05 0.0379899 9.98382E-05 9.98382E-05 9.98382E-05 9.98382E-05 0.0101754 9.98382E-05 9.98382E-05 0.00249295 9.98382E-05 0.0336037 9.98382E-05 9.98382E-05 9.98382E-05 9.98382E-05 9.98382E-05 9.98382E-05 9.98382E-05 0.163805
9.98292E-05 9.98292E-05 9.98292E-05 9.98292E-05 0.697141 9.98292E-05 9.98292E-05 9.98292E-05 9.98292E-05 0.0241052 0.0514247 9.98292E-05 9.98292E-05 9.98292E-05 9.98292E-05 9.98292E-05 0.0830109 9.98292E-05 9.98292E-05 0.00129251 9.98292E-05 9.98292E-05 9.98292E-05 9.98292E-05 0.141129
9.98113E-05 9.98113E-05 9.98113E-05 9.98113E-05 9.98113E-05 9.98113E-05 9.98113E-05 9.98113E-05 9.98113E-05 9.98113E-05 0.130506 9.98113E-05 9.98113E-05 9.98113E-05 9.98113E-05 9.98113E-05 9.98113E-05 9.98113E-05 9.98113E-05 0.04716 9.98113E-05 9.98113E-05 0.619679 9.98113E-05 0.200559
0.0394831 0.0178232 9.98831E-05 0.000401208 9.98831E-05 0.000939574 9.98831E-05 0.0785579 0.0288229 9.98831E-05 0.109696 0.0449594 9.98831E-05 9.98831E-05 9.98831E-05 9.98831E-05 0.0389641 9.98831E-05 0.0162277 9.98831E-05 9.98831E-05 9.98831E-05 0.477709 9.98831E-05 0.145118
9.98382E-05 9.98382E-05 9.98382E-05 9.98382E-05 0.0103086 9.98382E-05 9.98382E-05 9.98382E-05 9.98382E-05 9.98382E-05 0.115157 9.98382E-05 9.98382E-05 9.98382E-05 0.0651162 0.0117812 9.98382E-05 9.98382E-05 9.98382E-05 9.98382E-05 9.98382E-05 9.98382E-05 0.674618 0.0359957 0.0852264
9.9883E-05 0.00122209 0.0182698 9.9883E-05 9.9883E-05 9.9883E-05 9.9883E-05 9.9883E-05 9.9883E-05 9.9883E-05 0.157809 0.012541 9.9883E-05 0.00715835 0.0572059 0.0990795 9.9883E-05 9.9883E-05 0.0410804 9.9883E-05 0.0531616 0.0618825 0.381037 0.108254 9.9883E-05
9.98112E-05 9.98112E-05 9.98112E-05 9.98112E-05 0.0669766 9.98112E-05 9.98112E-05 9.98112E-05 9.98112E-05 9.98112E-05 9.98112E-05 9.98112E-05 9.98112E-05 0.0701678 9.98112E-05 9.98112E-05 9.98112E-05 9.98112E-05 9.98112E-05 0.0494303 9.98112E-05 9.98112E-05 0.811329 9.98112E-05 9.98112E-05
9.98382E-05 9.98382E-05 9.98382E-05 9.98382E-05 9.98382E-05 9.98382E-05 9.98382E-05 9.98382E-05 9.98382E-05 0.00566607 9.98382E-05 9.98382E-05 9.98382E-05 9.98382E-05 0.156623 0.156302 9.98382E-05 9.98382E-05 9.98382E-05 9.98382E-05 0.0177523 9.98382E-05 0.644432 0.00419772 0.0132295
9.98651E-05 9.98651E-05 9.98651E-05 9.98651E-05 9.98651E-05 9.98651E-05 0.166567 0.0048742 0.0774047 0.0497734 9.98651E-05 9.98651E-05 9.98651E-05 9.98651E-05 0.00113833 9.98651E-05 0.0652715 9.98651E-05 9.98651E-05 0.0196004 9.98651E-05 0.0551788 0.463697 0.094997 9.98651E-05
0.0468263 9.98651E-05 9.98651E-05 9.98651E-05 0.0819564 9.98651E-05 9.98651E-05 9.98651E-05 9.98651E-05 0.068552 0.0365012 9.98651E-05 9.98651E-05 0.0507742 0.158089 0.142275 9.98651E-05 9.98651E-05 9.98651E-05 9.98651E-05 9.98651E-05 9.98651E-05 0.264625 0.0532607 0.0956423
9.98561E-05 9.98561E-05 9.98561E-05 9.98561E-05 9.98561E-05 0.00996417 9.98561E-05 0.0147901 9.98561E-05 9.98561E-05 0.100394 9.98561E-05 9.98561E-05 9.98561E-05 0.0202652 9.98561E-05 9.98561E-05 9.98561E-05 0.0587802 9.98561E-05 0.00654733 0.0125722 0.685877 9.98561E-05 0.0892123
9.98651E-05 9.98651E-05 9.98651E-05 9.98651E-05 0.0877286 9.98651E-05 0.12742 0.00506038 9.98651E-05 0.0014436 0.0324231 0.0459803 9.98651E-05 9.98651E-05 9.98651E-05 9.98651E-05 9.98651E-05 9.98651E-05 9.98651E-05 0.0707279 9.98651E-05 0.049313 0.306233 9.98651E-05 0.272173
9.97934E-05 9.97934E-05 9.97934E-05 9.97934E-05 9.97934E-05 9.97934E-05 9.97934E-05 9.97934E-05 9.97934E-05 9.97934E-05 9.97934E-05 9.97934E-05 9.97934E-05 9.97934E-05 0.217007 9.97934E-05 9.97934E-05 9.97934E-05 9.97934E-05 9.97934E-05 9.97934E-05 9.97934E-05 0.780698 9.97934E-05 9.97934E-05
9.98741E-05 9.98741E-05 0.106405 0.083936 0.0217349 9.98741E-05 0.022052 0.00926349 9.98741E-05 9.98741E-05 9.98741E-05 9.98741E-05 9.98741E-05 9.98741E-05 0.0226799 9.98741E-05 0.0431831 9.98741E-05 9.98741E-05 0.0227392 9.98741E-05 9.98741E-05 0.0153875 0.498489 0.152732
0.0631769 9.98202E-05 9.98202E-05 9.98202E-05 9.98202E-05 9.98202E-05 9.98202E-05 9.98202E-05 9.98202E-05 9.98202E-05 9.98202E-05 9.98202E-05 9.98202E-05 9.98202E-05 9.98202E-05 9.98202E-05 9.98202E-05 9.98202E-05 0.00711099 9.98202E-05 9.98202E-05 0.0113513 0.76836 9.98202E-05 0.148004
9.98796E-05 9.98796E-05 9.98796E-05 9.98796E-05 0.111271 9.98796E-05 9.98796E-05 9.98796E-05 9.98796E-05 0.0127682 0.127729 0.00841475 0.0541805 9.98796E-05 0.035161 0.180318 9.98796E-05 9.98796E-05 9.98796E-05 9.98796E-05 0.00517002 0.0662957 0.179696 0.217598 9.98796E-05
9.97844E-05 9.97844E-05 9.97844E-05 9.97844E-05 9.97844E-05 9.97844E-05 9.97844E-05 9.97844E-05 9.97844E-05 9.97844E-05 9.97844E-05 9.97844E-05 9.97844E-05 9.97844E-05 9.97844E-05 9.97844E-05 9.97844E-05 9.97844E-05 9.97844E-05 9.97844E-05 9.97844E-05 0.997605 9.97844E-05 9.97844E-05 9.97844E-05
9.98562E-05 9.98562E-05 9.98562E-05 9.98562E-05 0.0706613 0.00494617 9.98562E-05 9.98562E-05 9.98562E-05 9.98562E-05 0.170848 9.98562E-05 0.0173683 9.98562E-05 9.98562E-05 9.98562E-05 9.98562E-05 9.98562E-05 0.0150522 9.98562E-05 0.0252672 9.98562E-05 0.146409 0.428683 0.119167
9.98203E-05 9.98203E-05 9.98203E-05 9.98203E-05 9.98203E-05 9.98203E-05 9.98203E-05 9.98203E-05 9.98203E-05 9.98203E-05 0.553417 0.145534 9.98203E-05 9.98203E-05 0.0545376 9.98203E-05 9.98203E-05 9.98203E-05 9.98203E-05 9.98203E-05 9.98203E-05 9.98203E-05 0.202971 9.98203E-05 0.0415441
9.97934E-05 9.97934E-05 9.97934E-05 9.97934E-05 9.97934E-05 9.97934E-05 9.97934E-05 9.97934E-05 9.97934E-05 9.97934E-05 9.97934E-05 9.97934E-05 9.97934E-05 9.97934E-05 9.97934E-05 0.02321 9.97934E-05 9.97934E-05 9.97934E-05 9.97934E-05 9.97934E-05 0.974495 9.97934E-05 9.97934E-05 9.97934E-05
9.98292E-05 9.98292E-05 9.98292E-05 9.98292E-05 9.98292E-05 9.98292E-05 0.0305524 9.98292E-05 9.98292E-05 9.98292E-05 0.423941 9.98292E-05 9.98292E-05 9.98292E-05 9.98292E-05 0.117806 9.98292E-05 9.98292E-05 9.98292E-05 9.98292E-05 9.98292E-05 9.98292E-05 0.206227 0.0168221 0.202755
0.0186315 0.0915756 0.00360675 9.98651E-05 0.0491749 9.98651E-05 9.98651E-05 0.00647893 9.98651E-05 9.98651E-05 0.0844126 9.98651E-05 9.98651E-05 9.98651E-05 9.98651E-05 9.98651E-05 9.98651E-05 0.00132302 9.98651E-05 9.98651E-05 9.98651E-05 0.00220005 0.320135 0.420963 9.98651E-05
9.98561E-05 9.98561E-05 9.98561E-05 9.98561E-05 9.98561E-05 9.98561E-05 0.143002 9.98561E-05 0.00883504 9.98561E-05 0.0987983 9.98561E-05 9.98561E-05 9.98561E-05 9.98561E-05 9.98561E-05 9.98561E-05 9.98561E-05 0.0587268 9.98561E-05 0.0187393 0.191882 0.279782 0.0253414 0.173295
9.98292E-05 9.98292E-05 9.98292E-05 9.98292E-05 9.98292E-05 9.98292E-05 9.98292E-05 0.192877 9.98292E-05 9.98292E-05 0.519498 9.98292E-05 9.98292E-05 9.98292E-05 0.0316957 0.077793 9.98292E-05 9.98292E-05 9.98292E-05 9.98292E-05 9.98292E-05 9.98292E-05 9.98292E-05 0.0398776 0.136362
9.98472E-05 9.98472E-05 9.98472E-05 9.98472E-05 9.98472E-05 9.98472E-05 9.98472E-05 0.0297991 0.037038 9.98472E-05 0.551015 9.98472E-05 9.98472E-05 9.98472E-05 0.0991849 9.98472E-05 9.98472E-05 9.98472E-05 0.0310104 9.98472E-05 9.98472E-05 0.0168193 0.00706099 0.226375 9.98472E-05
9.98382E-05 9.98382E-05 9.98382E-05 0.00347003 9.98382E-05 9.98382E-05 9.98382E-05 9.98382E-05 0.0492065 0.0734979 0.527567 9.98382E-05 9.98382E-05 9.98382E-05 0.0111825 9.98382E-05 9.98382E-05 9.98382E-05 9.98382E-05 9.98382E-05 9.98382E-05 0.0305685 9.98382E-05 9.98382E-05 0.30271
9.98741E-05 0.00241245 9.98741E-05 9.98741E-05 9.98741E-05 9.98741E-05 9.98741E-05 0.000142637 9.98741E-05 9.98741E-05 0.468055 9.98741E-05 9.98741E-05 0.0286226 0.0237358 0.124193 9.98741E-05 0.0305701 9.98741E-05 0.0693381 9.98741E-05 0.108622 0.0812176 9.98741E-05 0.061692
9.98382E-05 9.98382E-05 9.98382E-05 9.98382E-05 9.98382E-05 0.0223082 9.98382E-05 9.98382E-05 9.98382E-05 9.98382E-05 0.580806 0.0175679 9.98382E-05 9.98382E-05 0.0289178 0.0249826 9.98382E-05 9.98382E-05 9.98382E-05 9.98382E-05 9.98382E-05 9.98382E-05 0.194234 0.129386 9.98382E-05
9.98292E-05 9.98292E-05 9.98292E-05 0.0496123 9.98292E-05 0.00963189 9.98292E-05 9.98292E-05 9.98292E-05 9.98292E-05 0.792528 0.0469367 0.0457645 9.98292E-05 9.98292E-05 9.98292E-05 9.98292E-05 9.98292E-05 9.98292E-05 9.98292E-05 9.98292E-05 9.98292E-05 9.98292E-05 0.0536303 9.98292E-05
9.98562E-05 0.0612693 9.98562E-05 0.0194876 0.0846526 9.98562E-05 9.98562E-05 9.98562E-05 9.98562E-05 0.0395974 0.494343 9.98562E-05 9.98562E-05 9.98562E-05 0.0192571 9.98562E-05 9.98562E-05 9.98562E-05 9.98562E-05 9.98562E-05 0.021028 9.98562E-05 0.122286 0.136481 9.98562E-05
9.98293E-05 9.98293E-05 9.98293E-05 9.98293E-05 0.0408619 9.98293E-05 9.98293E-05 9.98293E-05 9.98293E-05 9.98293E-05 0.578031 9.98293E-05 9.98293E-05 9.98293E-05 0.00417171 9.98293E-05 9.98293E-05 9.98293E-05 9.98293E-05 0.011241 9.98293E-05 9.98293E-05 9.98293E-05 0.117833 0.245965
9.98023E-05 9.98023E-05 9.98023E-05 9.98023E-05 9.98023E-05 9.98023E-05 9.98023E-05 9.98023E-05 9.98023E-05 9.98023E-05 0.462002 9.98023E-05 9.98023E-05 9.98023E-05 9.98023E-05 9.98023E-05 9.98023E-05 9.98023E-05 9.98023E-05 0.0289212 9.98023E-05 9.98023E-05 9.98023E-05 0.506882 9.98023E-05
0.0785339 9.98741E-05 9.98741E-05 9.98741E-05 9.98741E-05 9.98741E-05 9.98741E-05 9.98741E-05 9.98741E-05 9.98741E-05 0.408706 0.0700464 0.0380604 0.0023091 9.98741E-05 9.98741E-05 0.0200537 0.0156319 9.98741E-05 9.98741E-05 0.0285973 0.0547708 0.0888175 0.193075 9.98741E-05
