0.551694 0.0947244 0.175581 0.0109722 0.0789385 0.0801391 0.00795106
0.611537 0.0951918 0.139862 0.0190011 0.117929 9.9991E-05 0.0163796
0.521202 0.0666779 0.222945 0.0489795 0.00864142 0.131454 9.9991E-05
0.557852 9.9982E-05 0.189149 0.0120767 0.122235 0.118488 9.9982E-05
0.570166 0.0332315 0.260091 0.0946992 0.0329787 0.00873384 9.9991E-05
0.734441 9.9982E-05 0.0818063 0.00546708 0.0755922 0.102494 9.9982E-05
0.713281 9.9973E-05 0.081841 9.9973E-05 0.103234 0.101343 9.9973E-05
0.441729 0.0552814 0.289802 0.0885625 0.0400375 0.0331916 0.0513963
0.640606 9.9982E-05 0.305389 0.00649483 0.011497 0.0358128 9.9982E-05
0.51185 0.0168105 0.0930072 0.0348492 0.136684 0.123302 0.0834977
0.527403 0.0553606 0.279002 0.0424937 0.0821689 0.0134719 9.9991E-05
0.554467 9.9964E-05 0.35484 9.9964E-05 9.9964E-05 0.090294 9.9964E-05
0.567939 0.0496071 0.142158 0.0278689 0.122427 0.0898999 9.9991E-05
0.586124 0.0240795 0.162397 0.0432917 0.0821478 0.10186 9.9991E-05
0.615416 0.0488461 0.148497 0.0306552 0.0336631 0.122822 9.9991E-05
0.479492 0.034866 0.305871 0.0299577 0.055928 0.0937851 9.9991E-05
0.473457 9.9982E-05 0.138509 0.103858 0.10481 0.179165 9.9982E-05
0.467176 9.9982E-05 0.136036 0.129145 0.105586 0.161856 9.9982E-05
0.492911 9.9982E-05 0.260943 0.0740934 0.0618245 0.110028 9.9982E-05
0.9994 9.995E-05 9.995E-05 9.995E-05 9.995E-05 9.995E-05 9.995E-05
0.826021 0.0506452 0.0256811 9.9973E-05 0.0973531 9.9973E-05 9.9973E-05
0.788089 0.0703673 0.0494841 9.9973E-05 0.0917592 9.9973E-05 9.9973E-05
0.693818 0.0208548 9.9982E-05 0.207011 0.063811 0.0143052 9.9982E-05
0.5769 0.0604767 0.0875159 0.134048 0.0109797 0.0582452 0.071835
0.743531 9.9973E-05 0.178448 0.0308953 9.9973E-05 9.9973E-05 0.046825
0.924215 9.9964E-05 9.9964E-05 0.0704264 9.9964E-05 0.00495873 9.9964E-05
0.895603 9.9964E-05 0.0181535 9.9964E-05 0.0858434 9.9964E-05 9.9964E-05
0.787501 0.029621 0.0781822 0.0249187 0.0384742 0.0235013 0.0178018
0.853493 0.0553167 9.9991E-05 0.0152942 0.0265278 0.0436879 0.00558066
0.989001 9.9964E-05 9.9964E-05 9.9964E-05 0.00900119 0.00159783 9.9964E-05
0.979802 9.9955E-05 9.9955E-05 9.9955E-05 9.9955E-05 0.0196977 9.9955E-05
0.971124 9.9964E-05 9.9964E-05 0.0109978 0.0174785 9.9964E-05 9.9964E-05
0.980986 0.00575294 9.9964E-05 9.9964E-05 0.0128613 9.9964E-05 9.9964E-05
0.950065 0.00895816 9.9964E-05 9.9964E-05 9.9964E-05 9.9964E-05 0.0405773
0.983765 0.00262101 9.9973E-05 0.00955599 9.9973E-05 0.0037584 9.9973E-05
0.668463 0.0618961 0.115962 0.110028 9.9982E-05 0.0434508 9.9982E-05
0.561044 0.0469699 0.00854428 0.030451 0.163933 0.139065 0.0499931
0.625927 0.00733506 9.9982E-05 0.24971 0.100299 0.0165294 9.9982E-05
0.877849 9.9955E-05 9.9955E-05 9.9955E-05 9.9955E-05 0.121651 9.9955E-05
0.798292 0.00835587 0.140344 0.0250252 9.9982E-05 9.9982E-05 0.0277823
0.942789 0.0167657 9.9973E-05 9.9973E-05 0.0109467 9.9973E-05 0.0291989
0.77393 0.00881658 9.9982E-05 9.9982E-05 0.141473 0.0702788 0.00530202
0.805728 0.0620748 9.9982E-05 9.9982E-05 0.0813051 0.0363849 0.0143068
0.718076 9.9982E-05 0.0896941 0.036588 9.9982E-05 0.0927083 0.0627333
0.6299 0.067408 0.0179088 0.0227339 0.0677238 0.194226 9.9991E-05
0.774386 0.0461713 0.0111783 0.0435522 0.0450133 0.0758012 0.00389782
0.848262 0.0127655 0.0303992 0.0175245 0.0881034 9.9991E-05 0.00284521
0.78298 0.00709795 0.00460285 0.138824 0.0656988 9.9991E-05 0.000696577
0.9994 9.995E-05 9.995E-05 9.995E-05 9.995E-05 9.995E-05 9.995E-05
0.997376 9.9955E-05 9.9955E-05 9.9955E-05 9.9955E-05 9.9955E-05 0.0021238
0.9994 9.995E-05 9.995E-05 9.995E-05 9.995E-05 9.995E-05 9.995E-05
0.9994 9.995E-05 9.995E-05 9.995E-05 9.995E-05 9.995E-05 9.995E-05
0.987219 0.00891817 0.00346327 9.9964E-05 9.9964E-05 9.9964E-05 9.9964E-05
0.972924 9.9955E-05 9.9955E-05 9.9955E-05 9.9955E-05 9.9955E-05 0.0265766
0.970605 0.023705 9.9964E-05 9.9964E-05 9.9964E-05 9.9964E-05 0.00529014
0.9994 9.995E-05 9.995E-05 9.995E-05 9.995E-05 9.995E-05 9.995E-05
0.9994 9.995E-05 9.995E-05 9.995E-05 9.995E-05 9.995E-05 9.995E-05
0.978559 0.00539278 0.00150089 9.9973E-05 9.9973E-05 9.9973E-05 0.0142478
0.687319 9.9955E-05 0.312181 9.9955E-05 9.9955E-05 9.9955E-05 9.9955E-05
0.837202 0.0403306 0.0435679 9.9991E-05 0.0252329 0.00421422 0.0493525
0.722574 9.9973E-05 0.179234 0.013694 9.9973E-05 9.9973E-05 0.0841977
0.840212 9.9973E-05 0.11983 9.9973E-05 0.00628963 0.033369 9.9973E-05
0.802224 0.08907 9.9973E-05 0.053969 0.054437 9.9973E-05 9.9973E-05
0.648473 0.101671 0.110068 0.0320371 9.9982E-05 9.9982E-05 0.107551
0.9994 9.995E-05 9.995E-05 9.995E-05 9.995E-05 9.995E-05 9.995E-05
0.872634 9.9982E-05 0.0445836 0.0395819 0.0055647 0.0374356 9.9982E-05
0.684845 9.9964E-05 0.288912 9.9964E-05 9.9964E-05 9.9964E-05 0.0258423
0.880817 9.9982E-05 0.0341621 0.0319294 0.0247828 0.028109 9.9982E-05
0.880232 9.9973E-05 9.9973E-05 0.0109913 0.0102724 0.0982046 9.9973E-05
0.882667 9.9964E-05 9.9964E-05 0.0199372 9.9964E-05 0.0969965 9.9964E-05
0.871492 9.9955E-05 9.9955E-05 9.9955E-05 9.9955E-05 0.128008 9.9955E-05
0.84987 9.9973E-05 0.0822859 0.0346831 9.9973E-05 9.9973E-05 0.0328609
0.831238 9.9973E-05 0.0157141 9.9973E-05 0.00772137 0.145026 9.9973E-05
0.942226 0.0572738 9.9955E-05 9.9955E-05 9.9955E-05 9.9955E-05 9.9955E-05
0.799557 9.9982E-05 0.0839315 0.0304429 0.0650226 9.9982E-05 0.0208462
0.764681 9.9982E-05 0.111651 0.0431171 0.0610606 9.9982E-05 0.0192904
0.740269 9.9982E-05 0.138177 0.0538916 0.0503068 9.9982E-05 0.0171552
0.778966 9.9982E-05 0.163943 9.9982E-05 0.0351694 0.0154372 0.00628498
0.83291 9.9964E-05 0.101212 9.9964E-05 9.9964E-05 0.065479 9.9964E-05
0.831317 9.9973E-05 0.0489148 9.9973E-05 9.9973E-05 0.00985138 0.109617
0.795188 0.0319884 0.116071 9.9991E-05 0.00384383 0.0208983 0.0319106
0.98126 0.0182405 9.9955E-05 9.9955E-05 9.9955E-05 9.9955E-05 9.9955E-05
0.951801 0.0112248 0.0365746 9.9964E-05 9.9964E-05 9.9964E-05 9.9964E-05
0.884464 9.9982E-05 0.0571349 0.0195204 0.0234016 0.0152792 9.9982E-05
0.793214 9.9982E-05 0.0855916 0.0514342 9.9982E-05 0.0080635 0.0614968
0.835401 9.9955E-05 0.164099 9.9955E-05 9.9955E-05 9.9955E-05 9.9955E-05
0.984525 9.9955E-05 0.0149753 9.9955E-05 9.9955E-05 9.9955E-05 9.9955E-05
0.686745 9.9982E-05 0.236765 9.9982E-05 0.0568384 0.0142093 0.00524252
0.918609 0.000476614 9.9973E-05 9.9973E-05 9.9973E-05 0.0337927 0.0468217
0.862671 9.9973E-05 9.9973E-05 9.9973E-05 0.024336 0.052176 0.0605173
0.787572 0.10254 0.0850592 0.0211816 9.9982E-05 9.9982E-05 0.00344724
0.820088 0.0842868 0.0527185 0.0308808 9.9982E-05 9.9982E-05 0.0118263
0.729011 0.0331256 0.0675628 0.0539777 9.9991E-05 0.0782442 0.0379785
0.905833 0.0542396 9.9973E-05 0.0139937 9.9973E-05 9.9973E-05 0.0256338
0.92289 9.9964E-05 0.03876 9.9964E-05 9.9964E-05 9.9964E-05 0.0379498
0.898591 9.9955E-05 9.9955E-05 9.9955E-05 9.9955E-05 0.100909 9.9955E-05
0.938655 0.00439206 9.9964E-05 9.9964E-05 9.9964E-05 0.0565535 9.9964E-05
0.8523 0.0662351 9.9973E-05 0.0114678 9.9973E-05 0.0696977 9.9973E-05
0.76924 0.0404608 0.0249385 0.0311415 0.0597679 0.0144667 0.0599842
0.693435 0.0736635 0.0738362 0.00636509 0.0486483 0.017431 0.0866209
0.796412 9.9991E-05 0.0431291 0.00912344 0.0923995 0.0542075 0.00462803
0.606268 0.0155108 0.213729 9.9991E-05 0.0589496 0.0598876 0.0455543
0.650158 0.0609947 0.0452769 0.0131448 0.117921 9.9991E-05 0.112405
0.743079 0.0299419 0.181946 9.9973E-05 9.9973E-05 9.9973E-05 0.0447332
0.849191 9.9982E-05 0.0901451 9.9982E-05 0.00880156 0.0105224 0.0411398
0.51444 0.00753801 0.236257 0.121355 9.9991E-05 0.0662569 0.0540527
0.640053 0.0240439 0.094018 0.0674271 0.00125784 0.0495398 0.123661
0.541527 9.9982E-05 0.214222 0.140685 9.9982E-05 0.0576389 0.0457274
0.75791 9.9973E-05 0.0807977 0.108881 9.9973E-05 9.9973E-05 0.0521108
0.664122 0.00950716 0.167736 0.031786 0.0499258 9.9991E-05 0.0768227
0.73668 9.9964E-05 0.228512 0.0344081 9.9964E-05 9.9964E-05 9.9964E-05
0.770148 9.9973E-05 0.158364 9.9973E-05 0.0118239 9.9973E-05 0.059364
0.641167 0.0426155 0.176452 9.9982E-05 0.0323451 0.10722 9.9982E-05
0.628329 9.9982E-05 0.252959 9.9982E-05 0.0123833 0.0841088 0.0220207
0.564143 9.9982E-05 0.379602 0.0276142 0.00978523 0.0186554 9.9982E-05
0.609022 0.0846904 0.0298138 0.052082 0.039272 0.00781574 0.177304
0.567531 9.9982E-05 0.350292 0.0352444 0.0359415 0.010791 9.9982E-05
0.773275 9.9982E-05 0.180026 0.0110017 9.9982E-05 0.0176374 0.0178604
0.740647 0.00200184 0.170602 0.086449 9.9973E-05 9.9973E-05 9.9973E-05
0.687625 0.0148274 0.109376 0.158585 9.9982E-05 0.0293866 9.9982E-05
0.679421 0.070615 0.180159 0.00129058 9.9982E-05 0.0683149 9.9982E-05
0.710848 0.0675863 0.11011 9.9973E-05 9.9973E-05 0.111155 9.9973E-05
0.583271 0.000327178 0.193801 0.18941 9.9982E-05 0.0329914 9.9982E-05
0.702226 9.9982E-05 0.16908 0.0839156 0.00995889 0.0346202 9.9982E-05
0.669015 0.0276065 0.0865431 0.147888 9.9982E-05 0.0687474 9.9982E-05
0.793195 0.0461735 0.13239 0.0227926 0.00524805 9.9982E-05 9.9982E-05
0.610106 0.0565048 0.130246 0.123537 0.0597803 9.9991E-05 0.0197254
0.584394 0.100123 0.0815343 0.0908226 0.0512598 0.0351791 0.0566865
0.561904 0.13616 0.126961 0.0930487 0.00672072 0.0266757 0.0485288
0.797331 0.0164509 0.053254 0.0960579 0.00277156 0.0340342 9.9991E-05
0.638136 0.0875129 0.142758 0.0672974 0.034475 0.00266411 0.0271567
0.761051 0.0541448 0.117249 9.9991E-05 0.00958221 0.030872 0.0270003
0.808934 0.057065 0.0652867 0.0117968 0.0299646 0.00595645 0.0209968
0.752871 9.9991E-05 0.155891 0.00574572 0.0490545 0.018757 0.0175804
0.780647 0.0589456 0.0073232 0.103585 0.0492991 9.9982E-05 9.9982E-05
0.802772 0.0554908 0.000270304 0.0699712 0.0667094 0.00468659 9.9991E-05
0.894522 0.058757 9.9982E-05 9.9982E-05 0.0136446 0.00039346 0.0324826
0.866893 9.9964E-05 0.111834 9.9964E-05 9.9964E-05 9.9964E-05 0.0208734
0.77226 0.0585783 0.0325007 0.0318865 9.9991E-05 0.104435 0.000239901
0.79431 0.00292482 0.199805 9.9973E-05 0.00265992 9.9973E-05 9.9973E-05
0.743119 9.9973E-05 0.0766195 9.9973E-05 0.0318331 0.148128 9.9973E-05
0.701989 9.9973E-05 9.9973E-05 0.148951 0.0541847 0.0945747 9.9973E-05
0.674532 9.9982E-05 0.198492 0.0655727 0.0344046 9.9982E-05 0.026799
0.767321 0.00460776 0.120901 0.10442 0.00255075 9.9982E-05 9.9982E-05
0.762401 0.000358198 9.9991E-05 0.0530906 0.0387033 0.0613167 0.0840306
0.754161 9.9991E-05 0.0225481 0.00996504 0.0791679 0.0672051 0.0668529
0.788996 0.0576799 0.0552539 0.035479 0.00202963 0.0604618 9.9991E-05
0.868781 9.9982E-05 0.0707536 0.019835 0.0244759 9.9982E-05 0.0159551
0.626748 0.026333 0.0983455 0.153403 0.05086 0.0442098 9.9991E-05
0.681432 0.0511616 0.112836 0.0543444 0.012152 0.0879739 9.9991E-05
0.459705 0.0742827 0.22711 0.144556 0.0446385 0.000936704 0.0487709
0.48428 0.0326717 0.357237 0.0347943 9.9991E-05 0.0435764 0.0473399
0.530117 0.0301749 0.194115 0.0496469 0.0583414 0.0820258 0.0555792
0.446449 9.9991E-05 0.356735 0.0396072 0.0152305 0.0884285 0.0534502
9.9964E-05 9.9964E-05 0.0422928 0.93768 0.0196276 9.9964E-05 9.9964E-05
9.995E-05 9.995E-05 9.995E-05 0.9994 9.995E-05 9.995E-05 9.995E-05
9.995E-05 9.995E-05 9.995E-05 0.9994 9.995E-05 9.995E-05 9.995E-05
9.995E-05 9.995E-05 9.995E-05 0.9994 9.995E-05 9.995E-05 9.995E-05
0.0683783 9.9982E-05 0.129058 0.736423 9.9982E-05 0.0488873 0.0170534
9.995E-05 9.995E-05 9.995E-05 0.9994 9.995E-05 9.995E-05 9.995E-05
9.995E-05 9.995E-05 9.995E-05 0.9994 9.995E-05 9.995E-05 9.995E-05
9.9955E-05 9.9955E-05 9.9955E-05 0.994321 9.9955E-05 9.9955E-05 0.00517971
9.995E-05 9.995E-05 9.995E-05 0.9994 9.995E-05 9.995E-05 9.995E-05
9.995E-05 9.995E-05 9.995E-05 0.9994 9.995E-05 9.995E-05 9.995E-05
9.995E-05 9.995E-05 9.995E-05 0.9994 9.995E-05 9.995E-05 9.995E-05
9.995E-05 9.995E-05 9.995E-05 0.9994 9.995E-05 9.995E-05 9.995E-05
9.995E-05 9.995E-05 9.995E-05 0.9994 9.995E-05 9.995E-05 9.995E-05
9.9973E-05 0.000980376 0.00337599 0.986346 0.00899785 9.9973E-05 9.9973E-05
9.995E-05 9.995E-05 9.995E-05 0.9994 9.995E-05 9.995E-05 9.995E-05
0.231637 9.9973E-05 0.205719 0.556675 0.00566922 9.9973E-05 9.9973E-05
9.9955E-05 9.9955E-05 9.9955E-05 0.986659 0.0128415 9.9955E-05 9.9955E-05
9.995E-05 9.995E-05 9.995E-05 0.9994 9.995E-05 9.995E-05 9.995E-05
0.282062 0.0550458 0.393157 0.182076 9.9982E-05 0.0874599 9.9982E-05
0.414678 0.0825539 0.273257 0.0958598 9.9991E-05 0.119293 0.0142575
0.389223 0.0624042 0.345772 0.0926333 9.9982E-05 0.109767 9.9982E-05
0.394141 0.0391557 0.307831 0.146052 9.9991E-05 0.0659681 0.0467518
0.326938 0.121019 0.226457 0.178918 9.9982E-05 0.146468 9.9982E-05
0.508505 9.9982E-05 0.311555 0.0890047 0.0664298 9.9982E-05 0.0243054
0.372049 0.124116 0.316132 0.146031 0.0414716 9.9982E-05 9.9982E-05
0.4135 0.0826035 0.273336 0.0960146 9.9991E-05 0.119868 0.014578
0.368643 0.0253851 0.413866 0.111971 9.9991E-05 0.00271899 0.0773147
0.321475 9.9982E-05 0.403964 0.0952004 9.9982E-05 0.143167 0.0359935
0.291082 0.108365 0.517164 0.0112043 9.9991E-05 0.0419123 0.0301729
0.311407 0.0921533 0.579398 9.9973E-05 9.9973E-05 9.9973E-05 0.016742
0.29285 0.0729406 0.372391 0.240644 9.9982E-05 0.0209745 9.9982E-05
0.341958 0.0367543 0.297742 0.102517 0.0488883 0.131289 0.0408504
0.334627 0.0120567 0.280379 0.0894556 0.139503 0.0964614 0.0475182
0.364069 0.103251 0.298628 0.0910152 9.9991E-05 0.0842638 0.0586723
0.270863 0.126023 0.330945 0.102582 0.113113 9.9991E-05 0.0563742
0.346259 0.0523946 0.292099 0.0483868 0.0356934 0.168742 0.0564254
0.2651 9.9991E-05 0.539019 0.119256 0.060612 0.00370331 0.0122095
0.247359 0.0122664 0.254272 0.174538 0.10796 0.148189 0.0554151
0.220713 0.0503323 0.492291 0.0830769 9.9991E-05 0.108492 0.0449945
0.319799 0.0243351 0.615579 0.0288363 0.0112512 9.9982E-05 9.9982E-05
0.236865 0.0369805 0.364049 0.201476 9.9991E-05 0.0949808 0.0655484
0.166657 0.0266016 0.45762 0.162485 9.9991E-05 0.0541242 0.132413
0.104465 0.0862308 0.584984 0.165769 9.9982E-05 0.0583512 9.9982E-05
0.240669 0.0545574 0.383722 0.131982 0.0149222 0.0329836 0.141164
0.365596 9.9982E-05 0.336192 0.226227 9.9982E-05 0.0585094 0.0132759
0.190124 0.0183838 0.485927 0.194183 9.9991E-05 0.0384455 0.0728365
0.356152 0.0237441 0.437775 0.122971 0.0591575 9.9982E-05 9.9982E-05
0.180103 0.000565242 0.528866 0.180107 9.9982E-05 9.9982E-05 0.110158
0.360335 0.000781224 0.497664 0.0929576 9.9991E-05 0.0397043 0.00845804
0.214562 0.0033536 0.506136 0.156957 9.9982E-05 0.118791 9.9982E-05
0.221582 9.9982E-05 0.693334 0.0122101 9.9982E-05 0.035821 0.0368536
0.232624 0.100005 0.399928 0.158413 9.9991E-05 0.0762169 0.0327122
0.184816 0.0317068 0.489205 0.174866 9.9982E-05 9.9982E-05 0.119207
0.190525 0.000893104 0.644442 0.0935628 9.9982E-05 9.9982E-05 0.0703771
0.352681 0.0104406 0.482979 0.102673 9.9991E-05 0.0028803 0.0482463
0.158427 0.10226 0.669427 0.0695859 9.9973E-05 9.9973E-05 9.9973E-05
0.170558 0.072281 0.544487 0.196662 0.0158117 9.9982E-05 9.9982E-05
0.140841 0.0260577 0.71656 0.114344 0.00199699 9.9982E-05 9.9982E-05
0.168944 0.0401691 0.558045 0.216643 0.0159987 9.9982E-05 9.9982E-05
0.369259 0.0530489 0.19851 0.126297 0.0382262 0.0806794 0.13398
0.118052 0.0358973 0.429378 0.211342 0.0666304 0.0427618 0.0959384
0.102317 0.0869335 0.40241 0.194786 0.105945 9.9991E-05 0.107509
0.190202 0.00821814 0.395838 0.211822 0.0565473 0.00207967 0.135293
0.059848 0.0139233 0.715751 0.135899 0.0237534 0.0507248 9.9991E-05
0.0839843 0.0176576 0.601484 0.166731 0.0221517 0.089114 0.0188773
0.162966 0.0258968 0.374474 0.218805 0.0817548 9.9991E-05 0.136003
0.172969 0.00338822 0.385037 0.211381 0.0833965 9.9991E-05 0.143728
0.20938 0.0641733 0.535459 0.0581827 9.9982E-05 9.9982E-05 0.132605
0.195814 0.0782189 0.469869 0.145207 0.0321054 9.9991E-05 0.078686
0.301537 0.0128003 0.603832 0.0815314 9.9973E-05 9.9973E-05 9.9973E-05
0.256591 9.9964E-05 0.627844 0.115165 9.9964E-05 9.9964E-05 9.9964E-05
0.256262 0.0262681 0.625523 0.0916476 9.9973E-05 9.9973E-05 9.9973E-05
0.274501 0.0628044 0.356168 0.242352 9.9982E-05 9.9982E-05 0.0639748
0.207651 0.124831 0.511181 0.0889104 0.0317238 9.9991E-05 0.0356018
0.237261 0.00196013 0.533831 0.118521 9.9991E-05 0.103129 0.0051977
0.221126 9.9982E-05 0.576877 0.0550386 9.9982E-05 0.0395264 0.107232
0.182437 0.0380783 0.555059 0.0695614 9.9991E-05 0.0449761 0.109788
0.235256 0.0603093 0.477555 0.102337 9.9991E-05 0.0645453 0.0598967
0.372592 0.0420441 0.487619 0.0673194 9.9982E-05 9.9982E-05 0.030225
0.352524 0.0637959 0.418874 0.118917 9.9991E-05 0.00136806 0.0444208
0.217085 9.9973E-05 0.467866 0.177339 9.9973E-05 9.9973E-05 0.13741
0.271205 9.9973E-05 0.375117 0.244856 9.9973E-05 9.9973E-05 0.108523
0.217487 9.9973E-05 0.466334 0.213827 9.9973E-05 9.9973E-05 0.102052
0.308385 0.0430414 0.298504 0.190497 0.0816978 0.0777738 9.9991E-05
0.215774 0.0970963 0.472845 0.13463 0.0644705 0.00234741 0.0128373
0.190008 0.0446925 0.499068 0.15996 0.0236545 0.0210737 0.061543
0.228521 0.0731178 0.386631 0.197761 0.044151 9.9991E-05 0.0697188
0.181701 0.0507617 0.586975 0.0622119 0.0461623 9.9991E-05 0.0720879
0.354651 0.0438236 0.423448 0.127717 9.9982E-05 9.9982E-05 0.0501613
0.199119 9.9991E-05 0.462451 0.0606601 0.0434945 0.154928 0.0792471
0.226161 0.0262737 0.571412 0.0971362 9.9982E-05 0.0788171 9.9982E-05
0.127834 0.095908 0.561772 0.0407788 9.9982E-05 9.9982E-05 0.173507
0.304463 0.0459641 0.482201 0.0567668 9.9991E-05 0.0729333 0.0375725
0.125534 9.9991E-05 0.573684 0.0383296 0.134734 0.120271 0.00734763
0.0710278 9.9982E-05 0.623318 0.0455211 0.140908 0.119025 9.9982E-05
0.0698519 9.9991E-05 0.63926 0.0386455 0.154821 0.0952203 0.00210131
0.0959184 9.9982E-05 0.685044 0.0119076 0.112532 0.0943979 9.9982E-05
0.027668 0.0223297 0.601619 0.0235335 0.218943 0.105806 9.9991E-05
0.0617569 9.9982E-05 0.637529 0.0424541 0.146803 0.111257 9.9982E-05
0.0767896 0.0667199 0.63189 0.0907133 0.00795518 0.023853 0.10208
0.0693268 9.9982E-05 0.637345 0.045644 0.152192 0.0952917 9.9982E-05
0.0619125 0.0534679 0.676203 0.0802124 9.9982E-05 9.9982E-05 0.128004
0.0686319 0.043136 0.615242 0.11658 0.118071 9.9991E-05 0.0382395
0.0432238 0.110821 0.551555 0.100503 9.9982E-05 9.9982E-05 0.193697
0.0482107 0.107143 0.539668 0.0995068 9.9991E-05 0.00789472 0.197476
0.113276 9.9982E-05 0.738512 0.0403411 0.0810672 9.9982E-05 0.0266044
0.0503947 0.0754024 0.650487 0.0505695 0.0445789 0.0108435 0.117724
0.151352 0.0674719 0.527366 0.0530678 0.0741491 0.0362244 0.0903683
0.105077 0.0940126 0.545604 0.0207519 0.0611919 0.0666288 0.106734
0.0674537 0.0752733 0.577936 0.0702624 0.0623516 0.0350261 0.111697
0.0853959 0.0149262 0.8068 0.0484015 0.0261469 9.9991E-05 0.0182298
0.147806 9.9973E-05 0.699673 0.1175 9.9973E-05 9.9973E-05 0.0347205
0.131932 0.00172805 0.739696 0.0896887 9.9982E-05 9.9982E-05 0.0367554
0.128087 9.9991E-05 0.741238 0.00471494 0.00111803 0.0308474 0.0938946
0.013869 9.9991E-05 0.77098 0.0591911 0.0460095 0.015536 0.0943144
0.0191334 0.00489431 0.785427 0.043783 0.0345362 0.0376703 0.074556
0.0508654 9.9991E-05 0.814138 0.0333199 0.0166549 0.0468111 0.038111
0.0427107 0.0157292 0.781526 0.0332195 0.0207747 0.0230183 0.0830214
0.00732147 9.9982E-05 0.794871 0.0695192 9.9982E-05 0.0356864 0.0924016
0.306779 0.00778609 0.423861 0.125005 9.9991E-05 0.132127 0.00434302
0.181097 9.9982E-05 0.662891 0.126784 9.9982E-05 0.027299 0.00172828
0.0849599 0.0584372 0.630449 0.0891748 0.0304776 0.0376622 0.0688392
0.075348 0.125657 0.673406 0.0231017 0.0227319 0.0748349 0.00492056
0.0806008 9.9982E-05 0.711238 9.9982E-05 0.0706833 0.0355814 0.101696
0.015031 9.9991E-05 0.752656 0.039853 0.072859 0.0402259 0.0792749
0.233761 0.0113073 0.516855 0.0494718 0.0857469 0.083196 0.0196617
0.179932 0.00253909 0.600397 0.0945174 0.00305972 0.119455 9.9991E-05
0.180143 0.00611343 0.655144 0.0749939 9.9982E-05 0.0834058 9.9982E-05
0.0900191 0.0338124 0.652791 0.00543377 0.0367092 0.101143 0.0800909
0.131759 0.114336 0.472244 0.0620725 0.0604203 0.070772 0.0883962
0.180436 0.0859222 0.461784 0.0500649 0.0645595 0.0567008 0.100533
0.0709486 9.9982E-05 0.861163 0.0418561 9.9982E-05 0.0241293 0.00170285
0.00739015 0.0647773 0.731308 0.0553248 0.0208416 0.0407373 0.0796209
0.0426298 0.0137269 0.841758 0.0604651 0.0083267 0.00348801 0.0296053
9.9982E-05 9.9982E-05 0.689467 0.0408953 0.118102 0.0819142 0.0694222
0.0299064 9.9991E-05 0.741402 0.0103404 0.0960059 0.0882507 0.0339949
0.0318902 9.9982E-05 0.786336 9.9982E-05 0.0859491 0.0371465 0.058478
0.00990774 9.9991E-05 0.838106 0.0172785 0.0455979 0.0711588 0.0178506
0.0137728 9.9991E-05 0.836119 0.00311124 0.0617864 0.0744563 0.0106542
9.9982E-05 9.9982E-05 0.854289 0.0271191 0.0244286 0.0573272 0.0366363
0.0327471 0.005187 0.825276 0.107116 9.9991E-05 0.00692277 0.0226509
0.0475726 0.0205153 0.836494 9.9991E-05 0.0200077 0.0639303 0.0113806
0.0223477 0.000818722 0.81614 0.0304116 0.0504456 0.0608102 0.019026
9.9982E-05 9.9982E-05 0.873937 0.00624162 0.0624545 0.0505743 0.00659253
0.032586 9.9973E-05 0.798656 0.102045 9.9973E-05 0.0664135 9.9973E-05
0.0793551 9.9973E-05 0.720705 0.104851 9.9973E-05 0.0947891 9.9973E-05
0.0310684 9.9973E-05 0.80146 0.0907087 9.9973E-05 0.0764632 9.9973E-05
0.0478083 9.9973E-05 0.793857 0.0783061 9.9973E-05 0.0797286 9.9973E-05
0.0706435 9.9973E-05 0.688953 0.102901 9.9973E-05 0.137202 9.9973E-05
0.0233627 9.9973E-05 0.754952 0.0986372 9.9973E-05 0.122748 9.9973E-05
0.0504973 9.9973E-05 0.79066 0.104162 9.9973E-05 0.0543804 9.9973E-05
0.0585856 0.00390742 0.79045 0.0110046 0.0505039 0.0751616 0.0103871
9.9964E-05 0.0435669 0.944484 0.011549 9.9964E-05 9.9964E-05 9.9964E-05
9.9964E-05 0.107443 0.844689 9.9964E-05 9.9964E-05 0.0474678 9.9964E-05
9.9982E-05 0.0319324 0.877402 9.9982E-05 0.00640542 0.0322813 0.0517788
9.9982E-05 0.0504328 0.867416 9.9982E-05 0.0176028 0.0447333 0.0196155
9.9982E-05 0.0860005 0.872474 0.00446866 0.00834421 0.0285131 9.9982E-05
9.9964E-05 0.00764865 0.885884 9.9964E-05 0.106068 9.9964E-05 9.9964E-05
0.0388145 0.0322169 0.586713 0.0709495 9.9991E-05 0.237566 0.0336399
0.0471774 0.0653978 0.556563 0.0700727 0.0156675 0.211995 0.0331262
0.08543 0.0347002 0.609651 0.0806284 9.9991E-05 0.166212 0.0232785
0.0509066 0.0302996 0.783093 0.0120054 0.00780344 9.9991E-05 0.115792
9.9964E-05 0.0829407 0.8816 9.9964E-05 9.9964E-05 9.9964E-05 0.0350599
9.9973E-05 0.0492804 0.936071 9.9973E-05 9.9973E-05 0.0105968 0.00375201
0.0402325 0.0778636 0.681368 0.0348764 0.113529 0.0231648 0.0289656
0.0013305 9.9982E-05 0.872999 0.0176276 0.0102872 9.9982E-05 0.097556
0.0713571 9.9982E-05 0.768721 0.0198539 9.9982E-05 0.0210238 0.118844
9.9973E-05 0.0957443 0.895844 9.9973E-05 0.00633451 9.9973E-05 0.00177681
9.9955E-05 0.0358273 0.963673 9.9955E-05 9.9955E-05 9.9955E-05 9.9955E-05
9.995E-05 0.9994 9.995E-05 9.995E-05 9.995E-05 9.995E-05 9.995E-05
9.995E-05 0.9994 9.995E-05 9.995E-05 9.995E-05 9.995E-05 9.995E-05
9.99574E-05 0.998007 9.99574E-05 0.00149358 9.99574E-05 9.99574E-05 9.99574E-05
9.995E-05 0.9994 9.995E-05 9.995E-05 9.995E-05 9.995E-05 9.995E-05
9.9955E-05 0.989524 9.9955E-05 9.9955E-05 9.9955E-05 0.00997661 9.9955E-05
9.995E-05 0.9994 9.995E-05 9.995E-05 9.995E-05 9.995E-05 9.995E-05
0.00832738 0.963674 9.9973E-05 9.9973E-05 0.0185789 0.00911996 9.9973E-05
9.9982E-05 0.97535 0.0166732 9.9982E-05 0.0013601 0.00112019 0.00529696
0.164939 0.0437503 0.566078 0.0558193 0.0575802 0.0776787 0.0341543
0.172164 0.0329372 0.54295 0.0684603 0.0595057 0.0967374 0.0272454
9.9964E-05 0.989397 9.9964E-05 0.00734176 9.9964E-05 9.9964E-05 0.00286161
0.0529608 0.715381 0.162966 0.0392305 0.0162371 0.00887956 0.00434548
9.995E-05 0.9994 9.995E-05 9.995E-05 9.995E-05 9.995E-05 9.995E-05
9.9955E-05 0.996613 9.9955E-05 9.9955E-05 0.0028871 9.9955E-05 9.9955E-05
9.9955E-05 0.999176 0.000324072 9.9955E-05 9.9955E-05 9.9955E-05 9.9955E-05
9.995E-05 0.9994 9.995E-05 9.995E-05 9.995E-05 9.995E-05 9.995E-05
9.995E-05 0.9994 9.995E-05 9.995E-05 9.995E-05 9.995E-05 9.995E-05
0.0355653 0.0345203 0.824423 0.0579697 9.9982E-05 9.9982E-05 0.0473215
0.0395654 0.044082 0.669943 0.0662979 0.125158 0.0244558 0.0304979
0.0107567 0.00915487 0.811043 0.0453045 0.0198589 0.0202643 0.0836182
0.0234908 9.9982E-05 0.843612 0.0596334 9.9982E-05 0.0119044 0.0611595
0.0012735 0.0347893 0.655476 0.0279102 0.126045 9.9991E-05 0.154406
0.0221685 0.00332798 0.839815 0.0496748 9.9991E-05 0.0128852 0.0720282
0.0360155 9.9991E-05 0.656725 0.067923 0.0791122 0.0720061 0.0881185
0.0330776 0.0302101 0.786221 0.036296 9.9991E-05 0.0231545 0.0909408
0.0946338 0.0192349 0.715117 0.047306 0.0540667 9.9991E-05 0.0695417
9.995E-05 9.995E-05 0.9994 9.995E-05 9.995E-05 9.995E-05 9.995E-05
9.9955E-05 9.9955E-05 0.997402 9.9955E-05 0.00209834 9.9955E-05 9.9955E-05
9.995E-05 9.995E-05 0.9994 9.995E-05 9.995E-05 9.995E-05 9.995E-05
9.9955E-05 9.9955E-05 0.993513 9.9955E-05 0.00598715 9.9955E-05 9.9955E-05
9.995E-05 9.995E-05 0.9994 9.995E-05 9.995E-05 9.995E-05 9.995E-05
9.9955E-05 9.9955E-05 0.991074 9.9955E-05 0.0084259 9.9955E-05 9.9955E-05
9.9955E-05 9.9955E-05 0.988763 9.9955E-05 0.0107375 9.9955E-05 9.9955E-05
9.9955E-05 9.9955E-05 0.998293 9.9955E-05 0.00120731 9.9955E-05 9.9955E-05
9.995E-05 9.995E-05 0.9994 9.995E-05 9.995E-05 9.995E-05 9.995E-05
9.9955E-05 9.9955E-05 0.980491 9.9955E-05 0.0190092 9.9955E-05 9.9955E-05
9.9955E-05 9.9955E-05 0.98642 9.9955E-05 0.0130805 9.9955E-05 9.9955E-05
9.995E-05 9.995E-05 0.9994 9.995E-05 9.995E-05 9.995E-05 9.995E-05
9.995E-05 9.995E-05 0.9994 9.995E-05 9.995E-05 9.995E-05 9.995E-05
9.9955E-05 9.9955E-05 0.981386 9.9955E-05 0.0181145 9.9955E-05 9.9955E-05
9.9955E-05 9.9955E-05 0.978888 9.9955E-05 0.0206124 9.9955E-05 9.9955E-05
9.9955E-05 9.9955E-05 0.977268 9.9955E-05 9.9955E-05 0.0222325 9.9955E-05
9.995E-05 9.995E-05 0.9994 9.995E-05 9.995E-05 9.995E-05 9.995E-05
9.9964E-05 9.9964E-05 0.992338 9.9964E-05 0.00649892 0.000763151 9.9964E-05
9.9955E-05 9.9955E-05 0.998356 9.9955E-05 0.0011446 9.9955E-05 9.9955E-05
9.995E-05 9.995E-05 0.9994 9.995E-05 9.995E-05 9.995E-05 9.995E-05
0.113283 9.9973E-05 0.74708 0.068879 9.9973E-05 0.0704584 9.9973E-05
0.160799 0.0253071 0.752997 9.9982E-05 0.0107459 0.0499512 9.9982E-05
0.156898 0.039054 0.665502 0.0496544 9.9982E-05 0.0886916 9.9982E-05
0.133033 0.0586648 0.716245 0.0508196 0.00848609 0.0214442 0.0113069
0.0863878 0.0402944 0.819462 0.0535561 9.9973E-05 9.9973E-05 9.9973E-05
0.0630983 0.029131 0.724831 0.0212134 0.00826253 0.0938155 0.0596479
0.127265 9.9982E-05 0.729534 0.0601448 9.9982E-05 0.0737084 0.00914796
0.0749092 0.021862 0.719904 0.0263641 0.0433412 0.0253854 0.0882338
0.136385 9.9982E-05 0.713075 0.0940147 9.9982E-05 0.0053819 0.0509429
0.125268 0.0783133 0.779704 0.016415 9.9973E-05 9.9973E-05 9.9973E-05
0.103698 0.0660818 0.746959 0.0550158 0.013452 9.9991E-05 0.0146935
0.0564981 0.00249881 0.801053 0.0137889 0.0101375 0.0607094 0.0553139
0.0818523 0.0507008 0.7399 0.0764182 0.0459099 0.00511884 9.9991E-05
0.113713 0.0288694 0.766909 0.0574207 0.00212203 0.0308661 9.9991E-05
0.0279151 0.0246475 0.70271 0.00247192 0.0658429 0.113794 0.0626187
0.00300579 9.9991E-05 0.772396 0.0214833 0.0295337 0.093435 0.0800457
0.13337 9.9982E-05 0.724606 0.0510506 9.9982E-05 0.0459026 0.0448706
0.11663 0.065667 0.693079 0.05385 0.0535821 0.0170924 9.9991E-05
0.144475 0.0417055 0.664884 0.0747053 9.9982E-05 0.0740309 9.9982E-05
0.121585 9.9991E-05 0.630575 0.0404536 0.0482666 0.0763941 0.0826249
0.0132029 0.060136 0.312116 9.9982E-05 0.511652 9.9982E-05 0.102693
0.0965904 9.9973E-05 0.315658 9.9973E-05 0.43858 9.9973E-05 0.148872
0.0304439 0.105231 0.294078 9.9982E-05 0.457484 9.9982E-05 0.112563
9.9973E-05 0.0347917 0.399834 9.9973E-05 0.500175 9.9973E-05 0.0648995
9.9973E-05 0.0848114 0.376206 9.9973E-05 0.462681 9.9973E-05 0.0760012
9.9973E-05 0.071871 0.357296 9.9973E-05 0.51684 9.9973E-05 0.0536927
9.9973E-05 0.0674683 0.35003 9.9973E-05 0.510078 9.9973E-05 0.0721239
0.0989189 0.0184178 0.285906 9.9982E-05 0.442558 9.9982E-05 0.153999
0.00272231 0.0219898 0.374049 9.9982E-05 0.495293 9.9982E-05 0.105745
9.9973E-05 0.0477798 0.401797 9.9973E-05 0.452795 9.9973E-05 0.0973286
9.9973E-05 0.0371832 0.344897 9.9973E-05 0.521792 9.9973E-05 0.0958285
0.0627221 0.0332378 0.697349 0.0142521 0.0435173 0.0274672 0.121455
9.9973E-05 0.0876186 0.349387 9.9973E-05 0.448893 9.9973E-05 0.113802
9.9973E-05 0.0900207 0.342475 9.9973E-05 0.526067 9.9973E-05 0.0411371
9.9973E-05 0.0620553 0.326196 9.9973E-05 0.46532 9.9973E-05 0.146128
9.9964E-05 9.9964E-05 0.929048 9.9964E-05 9.9964E-05 0.0578419 0.0127098
9.9973E-05 9.9973E-05 0.874643 0.000236443 9.9973E-05 0.0774766 0.0473443
9.9955E-05 9.9955E-05 0.915427 9.9955E-05 9.9955E-05 0.084073 9.9955E-05
9.9973E-05 9.9973E-05 0.915504 0.0216323 9.9973E-05 0.0604699 0.00209348
9.9964E-05 9.9964E-05 0.909967 9.9964E-05 9.9964E-05 0.0585448 0.031088
9.9964E-05 0.0503806 0.896744 0.0524759 9.9964E-05 9.9964E-05 9.9964E-05
9.9964E-05 0.0545331 0.917676 0.0273911 9.9964E-05 9.9964E-05 9.9964E-05
9.9964E-05 0.0503562 0.910134 0.0391097 9.9964E-05 9.9964E-05 9.9964E-05
9.9973E-05 0.0740665 0.870175 0.0499609 9.9973E-05 9.9973E-05 0.0054979
9.9973E-05 0.0526358 0.895898 0.0454704 9.9973E-05 9.9973E-05 0.00569626
9.9964E-05 0.0546244 0.892256 0.0527197 9.9964E-05 9.9964E-05 9.9964E-05
9.9973E-05 0.0476207 0.876121 0.0538538 0.0221049 9.9973E-05 9.9973E-05
9.9964E-05 0.0726522 0.865987 0.0609612 9.9964E-05 9.9964E-05 9.9964E-05
9.9964E-05 0.0338821 0.908894 0.0568239 9.9964E-05 9.9964E-05 9.9964E-05
9.9982E-05 0.0192014 0.877232 0.0661349 0.0219155 9.9982E-05 0.0153164
9.9982E-05 0.0444093 0.912087 0.0185167 0.00730895 9.9982E-05 0.0174781
9.9973E-05 0.069137 0.837564 0.0538607 9.9973E-05 9.9973E-05 0.0391387
9.9964E-05 0.0276464 0.905968 0.0659853 9.9964E-05 9.9964E-05 9.9964E-05
9.9964E-05 0.0803744 0.870451 0.0487745 9.9964E-05 9.9964E-05 9.9964E-05
9.9973E-05 0.0673162 0.884452 0.0436325 0.00429906 9.9973E-05 9.9973E-05
9.9964E-05 9.9964E-05 0.90447 9.9964E-05 0.0173166 0.0778138 9.9964E-05
9.9964E-05 9.9964E-05 0.961077 9.9964E-05 0.00164191 0.0368807 9.9964E-05
9.9982E-05 0.0120681 0.849392 0.0400483 0.0345515 0.0637397 9.9982E-05
9.9982E-05 0.0245505 0.800304 0.00362706 0.0891055 0.0822134 9.9982E-05
0.0444695 0.0372463 0.706306 0.00648899 0.0140747 0.125162 0.066252
0.000540803 9.9982E-05 0.902947 9.9982E-05 0.025077 0.0599586 0.0112771
9.9973E-05 9.9973E-05 0.686152 9.9973E-05 0.19021 0.119213 0.00412467
9.9964E-05 9.9964E-05 0.793921 9.9964E-05 0.179914 0.0257652 9.9964E-05
0.0643077 0.00114729 0.901239 9.9973E-05 9.9973E-05 0.0330065 9.9973E-05
0.0559125 0.0223406 0.707699 9.9991E-05 0.104638 0.0802433 0.0290667
9.9991E-05 0.020612 0.810213 0.0228539 0.0847173 0.00928847 0.052215
9.9991E-05 0.00391276 0.901083 0.0028916 0.0213758 0.0522638 0.018373
9.9982E-05 0.000623032 0.780774 0.0254919 0.0910542 0.101857 9.9982E-05
9.9982E-05 0.0118593 0.769842 0.0885139 0.0583065 0.0712785 9.9982E-05
9.9982E-05 0.00286047 0.759791 0.046108 0.0742085 0.116832 9.9982E-05
9.9964E-05 9.9964E-05 0.777211 9.9964E-05 0.121352 9.9964E-05 0.101038
9.9964E-05 9.9964E-05 0.944196 0.00725344 9.9964E-05 0.0481509 9.9964E-05
0.0181351 0.0419735 0.614138 9.9991E-05 0.0702886 0.169527 0.0858381
0.0326956 0.0196304 0.807262 9.9982E-05 9.9982E-05 0.0823601 0.0578521
9.9973E-05 0.0547684 0.875591 9.9973E-05 9.9973E-05 0.010183 0.0591572
9.9991E-05 0.0417559 0.885149 0.00407132 0.00600323 0.0179712 0.0449498
9.9991E-05 0.0364542 0.810612 0.0264263 0.0493131 0.0254487 0.0516458
9.9973E-05 0.0301291 0.795326 9.9973E-05 0.161185 9.9973E-05 0.0130599
9.9982E-05 0.0584435 0.849661 0.0272053 0.00309552 9.9982E-05 0.0613944
9.9982E-05 0.0344952 0.766492 9.9982E-05 0.0715442 0.0758201 0.0514487
9.9964E-05 0.0682719 0.80666 9.9964E-05 0.124668 9.9964E-05 9.9964E-05
9.9973E-05 0.0419523 0.935728 9.9973E-05 0.00887497 9.9973E-05 0.0131447
9.9982E-05 9.9982E-05 0.851498 0.0081403 0.076368 0.00369606 0.0600979
9.9964E-05 0.0883251 0.885213 9.9964E-05 0.0260625 9.9964E-05 9.9964E-05
9.9982E-05 0.0215793 0.807827 9.9982E-05 0.108236 0.00913925 0.0530179
9.9973E-05 0.0636994 0.847633 9.9973E-05 0.0649014 0.0234661 9.9973E-05
0.0294148 0.100637 0.729878 9.9991E-05 0.0787853 0.0113698 0.0498152
9.9973E-05 0.0466149 0.871431 9.9973E-05 0.0577893 0.0238648 9.9973E-05
0.0204591 0.0564788 0.819824 0.00744107 0.0864707 0.00922608 9.9991E-05
0.0495805 0.0190445 0.831931 9.9973E-05 0.0991445 9.9973E-05 9.9973E-05
9.9964E-05 0.0713236 0.904822 9.9964E-05 0.0234544 9.9964E-05 9.9964E-05
0.1437 0.0497481 0.645661 9.9982E-05 0.11812 0.0425709 9.9982E-05
9.9964E-05 0.0503438 0.909705 9.9964E-05 0.0395518 9.9964E-05 9.9964E-05
9.9964E-05 9.9964E-05 0.819245 0.0317076 9.9964E-05 0.148647 9.9964E-05
9.9964E-05 9.9964E-05 0.974109 0.0173308 9.9964E-05 0.00816059 9.9964E-05
0.0278198 0.0137689 0.83691 0.0308371 9.9991E-05 0.0470041 0.0435602
9.9964E-05 9.9964E-05 0.91866 9.9964E-05 9.9964E-05 0.0424108 0.0385289
9.9973E-05 9.9973E-05 0.77027 0.0926872 9.9973E-05 0.0378565 0.0988861
9.9964E-05 9.9964E-05 0.96985 0.00907478 9.9964E-05 0.0206757 9.9964E-05
9.9973E-05 9.9973E-05 0.924416 0.00714386 0.0508514 0.0172888 9.9973E-05
0.0211292 0.00821684 0.872297 9.9982E-05 0.0466275 9.9982E-05 0.051529
9.9964E-05 0.0179803 0.938688 9.9964E-05 0.0429322 9.9964E-05 9.9964E-05
0.0108925 9.9973E-05 0.929679 9.9973E-05 0.0360029 0.0231261 9.9973E-05
9.9955E-05 9.9955E-05 0.952527 9.9955E-05 0.0469734 9.9955E-05 9.9955E-05
9.9964E-05 9.9964E-05 0.875422 9.9964E-05 0.0965609 0.0276177 9.9964E-05
0.0345359 9.9964E-05 0.901614 9.9964E-05 0.0634498 9.9964E-05 9.9964E-05
0.0184976 0.0747359 0.772769 0.0162941 0.0941457 0.0200248 0.00353289
0.0225641 9.9964E-05 0.938094 9.9964E-05 0.0389425 9.9964E-05 9.9964E-05
9.9964E-05 9.9964E-05 0.925205 9.9964E-05 0.0734098 0.000985324 9.9964E-05
0.0426806 0.0455015 0.686236 0.0334827 0.0880171 0.0512796 0.0528025
0.0070489 0.0322038 0.874154 9.9973E-05 9.9973E-05 9.9973E-05 0.0862931
0.00725059 0.0226496 0.906402 9.9982E-05 9.9982E-05 0.0558062 0.00769175
0.0119691 0.0643519 0.835656 9.9973E-05 9.9973E-05 9.9973E-05 0.0877236
0.0317478 0.0548974 0.877959 9.9982E-05 0.0150816 9.9982E-05 0.0201147
9.9973E-05 9.9973E-05 0.77061 9.9973E-05 0.174246 0.031586 0.0232582
0.0953803 0.0332914 0.576543 9.9982E-05 0.176053 9.9982E-05 0.118533
0.155147 9.9982E-05 0.525032 9.9982E-05 0.19901 0.00750355 0.113107
0.0855093 9.9982E-05 0.723716 9.9982E-05 0.0499308 0.0780029 0.0626416
9.9982E-05 0.013614 0.858409 9.9982E-05 0.048693 0.0352043 0.0438801
0.0558315 0.0269417 0.680964 9.9982E-05 0.177043 9.9982E-05 0.0590203
0.0610377 0.0362975 0.680235 9.9982E-05 0.168573 9.9982E-05 0.0536566
0.0143995 0.0850038 0.761038 9.9991E-05 0.0375788 0.061778 0.0401018
0.0680566 0.0165864 0.690436 9.9982E-05 0.123505 9.9982E-05 0.101216
9.9991E-05 0.041513 0.767431 0.0288191 0.0870919 0.0537349 0.0213099
0.00538836 9.9982E-05 0.852012 9.9982E-05 0.0317484 0.0718481 0.038803
0.0632013 0.0272094 0.717173 9.9982E-05 0.118036 9.9982E-05 0.0741804
0.000915341 0.0505245 0.85752 9.9982E-05 0.0579038 0.0329364 9.9982E-05
0.0152965 0.0752123 0.821932 0.00387057 0.0632358 0.0203525 9.9991E-05
0.00186382 0.0963368 0.648825 0.039314 9.9991E-05 0.0795608 0.134
9.9982E-05 0.0430642 0.883567 9.9982E-05 0.0239228 0.0325902 0.0166562
0.0164388 0.0515963 0.689578 0.0860843 0.00572313 0.0588616 0.0917175
9.9955E-05 9.9955E-05 0.99843 9.9955E-05 0.00107045 9.9955E-05 9.9955E-05
9.9955E-05 9.9955E-05 0.959329 9.9955E-05 0.0401717 9.9955E-05 9.9955E-05
9.9964E-05 9.9964E-05 0.947776 9.9964E-05 0.00797471 0.0438498 9.9964E-05
9.995E-05 9.995E-05 0.9994 9.995E-05 9.995E-05 9.995E-05 9.995E-05
9.9964E-05 0.00240649 0.993367 9.9964E-05 0.00382649 9.9964E-05 9.9964E-05
9.9955E-05 9.9955E-05 0.990864 9.9955E-05 0.00863592 9.9955E-05 9.9955E-05
9.9955E-05 9.9955E-05 0.977879 9.9955E-05 0.0216208 9.9955E-05 9.9955E-05
9.9964E-05 0.0337454 0.950897 0.0149582 9.9964E-05 9.9964E-05 9.9964E-05
0.0134835 0.113593 0.672623 0.0241809 9.9991E-05 0.0730131 0.103006
9.9964E-05 9.9964E-05 0.991626 0.00183225 0.00614185 9.9964E-05 9.9964E-05
9.9955E-05 9.9955E-05 0.949505 9.9955E-05 0.0499948 9.9955E-05 9.9955E-05
9.9973E-05 9.9973E-05 0.686167 0.0944309 0.125384 9.9973E-05 0.0937178
9.9955E-05 9.9955E-05 0.961485 9.9955E-05 0.0380155 9.9955E-05 9.9955E-05
9.9973E-05 0.0112783 0.798766 0.0680103 9.9973E-05 9.9973E-05 0.121645
0.148194 0.0313186 0.737446 0.0169671 9.9982E-05 9.9982E-05 0.0658743
0.0686461 9.9973E-05 0.817086 9.9973E-05 0.0944862 9.9973E-05 0.0194817
0.173786 9.9973E-05 0.758785 0.0177466 9.9973E-05 9.9973E-05 0.0493824
0.171263 9.9973E-05 0.731329 0.0320329 9.9973E-05 9.9973E-05 0.0650748
0.206821 0.0989607 0.529787 9.9973E-05 9.9973E-05 9.9973E-05 0.164132
0.212237 9.9982E-05 0.665594 0.00357905 9.9982E-05 0.0261708 0.0922191
0.171094 0.0172953 0.7257 0.0180249 9.9991E-05 0.00648499 0.0613007
0.181301 0.0140842 0.627769 0.0290088 9.9982E-05 9.9982E-05 0.147637
0.170883 9.9973E-05 0.720799 0.0275675 9.9973E-05 9.9973E-05 0.0804503
0.171559 0.0381032 0.699042 0.0351464 9.9991E-05 0.030698 0.0253509
0.207084 9.9973E-05 0.657926 0.0295907 9.9973E-05 9.9973E-05 0.105099
0.187158 9.9982E-05 0.707455 0.0451465 9.9982E-05 0.0152134 0.0448267
0.162158 0.0328775 0.711495 0.0148964 9.9982E-05 9.9982E-05 0.0783736
0.184793 0.00933634 0.721393 9.9982E-05 9.9982E-05 0.0477574 0.0365202
0.203173 0.0190914 0.613424 0.0553812 9.9982E-05 9.9982E-05 0.10873
0.120538 0.0308222 0.708017 0.0375478 9.9982E-05 9.9982E-05 0.102875
0.130363 9.9991E-05 0.654776 0.0242847 0.0296094 0.0352241 0.125643
0.152738 0.0260207 0.506121 0.0784713 0.0620398 0.0532082 0.121401
0.16639 0.00219878 0.764821 0.0123632 0.00380678 9.9991E-05 0.0503197
9.995E-05 9.995E-05 9.995E-05 9.995E-05 0.9994 9.995E-05 9.995E-05
9.9973E-05 9.9973E-05 0.0148043 0.00249042 0.980179 0.0022265 9.9973E-05
9.995E-05 9.995E-05 9.995E-05 9.995E-05 0.9994 9.995E-05 9.995E-05
9.995E-05 9.995E-05 9.995E-05 9.995E-05 0.9994 9.995E-05 9.995E-05
9.995E-05 9.995E-05 9.995E-05 9.995E-05 0.9994 9.995E-05 9.995E-05
9.995E-05 9.995E-05 9.995E-05 9.995E-05 0.9994 9.995E-05 9.995E-05
9.995E-05 9.995E-05 9.995E-05 9.995E-05 0.9994 9.995E-05 9.995E-05
9.995E-05 9.995E-05 9.995E-05 9.995E-05 0.9994 9.995E-05 9.995E-05
0.154071 0.0489853 0.646076 0.0427546 9.9991E-05 0.105299 0.00271328
9.995E-05 9.995E-05 9.995E-05 9.995E-05 0.9994 9.995E-05 9.995E-05
9.995E-05 9.995E-05 9.995E-05 9.995E-05 0.9994 9.995E-05 9.995E-05
9.9964E-05 9.9964E-05 9.9964E-05 0.0206849 0.958407 9.9964E-05 0.0205088
9.995E-05 9.995E-05 9.995E-05 9.995E-05 0.9994 9.995E-05 9.995E-05
9.995E-05 9.995E-05 9.995E-05 9.995E-05 0.9994 9.995E-05 9.995E-05
9.995E-05 9.995E-05 9.995E-05 9.995E-05 0.9994 9.995E-05 9.995E-05
9.995E-05 9.995E-05 9.995E-05 9.995E-05 0.9994 9.995E-05 9.995E-05
9.995E-05 9.995E-05 9.995E-05 9.995E-05 0.9994 9.995E-05 9.995E-05
9.995E-05 9.995E-05 9.995E-05 9.995E-05 0.9994 9.995E-05 9.995E-05
9.995E-05 9.995E-05 9.995E-05 9.995E-05 0.9994 9.995E-05 9.995E-05
9.995E-05 9.995E-05 9.995E-05 9.995E-05 0.9994 9.995E-05 9.995E-05
0.0623702 0.0557915 0.157204 0.116656 0.0494337 0.353097 0.205448
0.0661676 0.0778135 0.171497 0.0982499 0.0508259 0.357958 0.177488
0.010438 0.0725767 0.161853 0.101762 0.0822962 0.38312 0.187954
9.9991E-05 0.0561642 0.207238 0.0905852 0.0997436 0.384609 0.16156
0.0206941 0.057205 0.175456 0.125615 0.0670548 0.372514 0.181461
0.0683593 0.0120283 0.319771 0.0928957 9.9991E-05 0.290389 0.216456
0.0163081 0.0392334 0.173004 0.0921568 0.0917994 0.375828 0.211671
0.0724639 0.0633819 0.112265 0.130357 0.0325722 0.356944 0.232016
0.0675666 0.0613428 0.13317 0.118683 0.0407231 0.363801 0.214713
0.0318552 0.0683694 9.9973E-05 9.9973E-05 0.107088 9.9973E-05 0.792388
9.99551E-05 0.0101445 9.99551E-05 9.99551E-05 9.99551E-05 9.99551E-05 0.989356
9.9964E-05 0.0529321 9.9964E-05 9.9964E-05 0.0428717 9.9964E-05 0.903796
9.9955E-05 0.0315251 9.9955E-05 9.9955E-05 9.9955E-05 9.9955E-05 0.967975
9.9955E-05 0.0451612 9.9955E-05 9.9955E-05 9.9955E-05 9.9955E-05 0.954339
9.9964E-05 0.0347242 9.9964E-05 9.9964E-05 0.0117825 9.9964E-05 0.953093
9.9964E-05 0.0477309 9.9964E-05 9.9964E-05 0.0326453 9.9964E-05 0.919224
9.9973E-05 0.0490834 0.0222895 9.9973E-05 0.0557893 9.9973E-05 0.872538
9.9964E-05 0.0236206 9.9964E-05 9.9964E-05 0.022985 9.9964E-05 0.952995
