9.9946E-05 9.9946E-05 0.12704 9.9946E-05 0.0251281 9.9946E-05 9.9946E-05 0.0239604 0.694069 0.129203 9.9946E-05
9.9946E-05 0.0770067 9.9946E-05 9.9946E-05 9.9946E-05 0.0408442 0.0986655 0.0293394 0.753544 9.9946E-05 9.9946E-05
9.99101E-05 9.99101E-05 9.99101E-05 9.99101E-05 9.99101E-05 9.99101E-05 9.99101E-05 9.99101E-05 0.999001 9.99101E-05 9.99101E-05
9.9937E-05 0.0492926 9.9937E-05 9.9937E-05 9.9937E-05 0.0594628 9.9937E-05 0.144974 0.745571 9.9937E-05 9.9937E-05
9.9946E-05 9.9946E-05 9.9946E-05 0.000317544 9.9946E-05 9.9946E-05 0.0223837 0.130945 0.768832 0.0769217 9.9946E-05
9.9928E-05 9.9928E-05 9.9928E-05 9.9928E-05 0.0650253 9.9928E-05 9.9928E-05 0.101355 0.83282 9.9928E-05 9.9928E-05
9.9955E-05 9.9955E-05 0.224543 0.0778364 9.9955E-05 9.9955E-05 0.00224109 0.0857909 0.607096 9.9955E-05 0.00199278
0.000441662 9.9937E-05 9.9937E-05 9.9937E-05 9.9937E-05 9.9937E-05 0.0717777 0.0124362 0.914645 9.9937E-05 9.9937E-05
9.9937E-05 9.9937E-05 9.9937E-05 9.9937E-05 0.0349018 9.9937E-05 9.9937E-05 9.9937E-05 0.833924 0.0532684 0.0772067
9.9946E-05 0.0471486 9.9946E-05 9.9946E-05 9.9946E-05 0.0113295 0.0493748 9.9946E-05 0.873227 9.9946E-05 0.01832
0.168759 9.9928E-05 9.9928E-05 9.9928E-05 9.9928E-05 9.9928E-05 0.101065 9.9928E-05 0.729377 9.9928E-05 9.9928E-05
9.99101E-05 9.99101E-05 9.99101E-05 9.99101E-05 9.99101E-05 0.999001 9.99101E-05 9.99101E-05 9.99101E-05 9.99101E-05 9.99101E-05
9.9937E-05 9.9937E-05 9.9937E-05 0.0086609 0.0799005 0.794611 0.116128 9.9937E-05 9.9937E-05 9.9937E-05 9.9937E-05
9.9946E-05 0.000562217 9.9946E-05 9.9946E-05 9.9946E-05 0.666106 9.9946E-05 0.156743 0.0476775 9.9946E-05 0.128311
9.9937E-05 9.9937E-05 0.172213 0.0483607 9.9937E-05 0.532525 9.9937E-05 0.246202 9.9937E-05 9.9937E-05 9.9937E-05
9.9946E-05 0.0512532 9.9946E-05 9.9946E-05 0.103648 0.645179 9.9946E-05 0.0636319 9.9946E-05 0.135687 9.9946E-05
0.0359911 9.9937E-05 0.119367 9.9937E-05 9.9937E-05 0.813496 9.9937E-05 9.9937E-05 0.0304469 9.9937E-05 9.9937E-05
0.0647994 9.9955E-05 9.9955E-05 0.00597926 0.22479 0.620796 0.0544666 0.0286682 9.9955E-05 9.9955E-05 9.9955E-05
0.059892 0.0270807 9.9982E-05 0.00524555 0.0863604 0.649415 0.0272081 0.0192321 9.9982E-05 0.103245 0.0221219
0.148325 0.00683823 0.00304463 9.9973E-05 0.0174005 0.503919 0.0218918 0.267669 9.9973E-05 0.030612 9.9973E-05
9.9982E-05 0.0815016 0.0653743 0.0584118 0.0490193 0.524717 0.0624327 0.0506823 0.00274826 0.104913 9.9982E-05
0.175992 0.668437 9.9937E-05 9.9937E-05 0.113695 9.9937E-05 9.9937E-05 9.9937E-05 9.9937E-05 9.9937E-05 0.0411756
9.9955E-05 0.755228 9.9955E-05 0.00931203 0.0745905 9.9955E-05 9.9955E-05 0.1377 0.00782107 0.014849 9.9955E-05
9.9973E-05 0.655045 0.0360402 0.0298435 9.9973E-05 0.125227 0.045722 0.0159071 0.0397559 9.9973E-05 0.0521595
9.9928E-05 0.978057 9.9928E-05 0.00108185 9.9928E-05 9.9928E-05 9.9928E-05 9.9928E-05 9.9928E-05 0.0200617 9.9928E-05
0.0351611 0.652441 0.0669513 9.9946E-05 9.9946E-05 9.9946E-05 9.9946E-05 0.211157 9.9946E-05 9.9946E-05 0.0336893
0.147495 0.44856 9.9973E-05 9.9973E-05 0.0596451 0.0185263 0.127715 0.106448 9.9973E-05 0.0708334 0.020477
9.9919E-05 0.986138 9.9919E-05 9.9919E-05 9.9919E-05 9.9919E-05 9.9919E-05 9.9919E-05 9.9919E-05 9.9919E-05 0.0129624
9.9937E-05 0.768122 0.206651 9.9937E-05 0.0203598 9.9937E-05 9.9937E-05 9.9937E-05 9.9937E-05 0.00416801 9.9937E-05
9.9928E-05 0.975724 9.9928E-05 9.9928E-05 9.9928E-05 9.9928E-05 9.9928E-05 0.0018494 9.9928E-05 0.0216271 9.9928E-05
0.0645874 0.156724 0.356899 9.9964E-05 0.291358 0.0345264 0.0583564 9.9964E-05 9.9964E-05 0.0371486 9.9964E-05
0.0668194 9.9955E-05 0.504948 9.9955E-05 0.315759 0.0334474 9.9955E-05 0.00776944 0.0707573 9.9955E-05 9.9955E-05
0.22676 0.103294 9.9964E-05 9.9964E-05 0.23849 0.0806326 0.223473 9.9964E-05 0.0436941 0.0832566 9.9964E-05
9.9937E-05 0.135494 9.9937E-05 9.9937E-05 0.636143 0.0331171 9.9937E-05 0.194547 9.9937E-05 9.9937E-05 9.9937E-05
9.9973E-05 0.14557 9.9973E-05 0.0558454 0.455659 9.9973E-05 0.0351384 0.159875 0.0164592 0.0903998 0.0407539
9.9937E-05 9.9937E-05 0.083362 9.9937E-05 0.638837 0.159367 0.117735 9.9937E-05 9.9937E-05 9.9937E-05 9.9937E-05
0.102389 0.244453 9.9955E-05 9.9955E-05 0.169615 0.18199 9.9955E-05 0.213255 0.0877984 9.9955E-05 9.9955E-05
0.0593276 0.187883 9.9964E-05 0.055135 0.0977317 0.340025 0.047045 0.212453 9.9964E-05 9.9964E-05 9.9964E-05
9.99101E-05 9.99101E-05 9.99101E-05 9.99101E-05 0.999001 9.99101E-05 9.99101E-05 9.99101E-05 9.99101E-05 9.99101E-05 9.99101E-05
9.9928E-05 9.9928E-05 9.9928E-05 9.9928E-05 0.75931 9.9928E-05 9.9928E-05 0.175843 0.0640482 9.9928E-05 9.9928E-05
0.0973863 0.147023 0.0534673 9.9964E-05 0.421718 0.126706 0.0603767 9.9964E-05 0.0929233 9.9964E-05 9.9964E-05
9.9955E-05 0.00764452 0.0532552 9.9955E-05 0.649566 0.0897875 9.9955E-05 9.9955E-05 0.0102538 0.188993 9.9955E-05
9.9955E-05 0.0461789 0.128708 9.9955E-05 0.326399 0.345046 0.139153 9.9955E-05 0.0140147 9.9955E-05 9.9955E-05
0.227373 0.197559 9.9946E-05 9.9946E-05 0.189371 0.308676 9.9946E-05 0.0764212 9.9946E-05 9.9946E-05 9.9946E-05
0.00172775 9.9964E-05 0.0263249 9.9964E-05 0.590395 0.0477511 0.155985 0.00626106 9.9964E-05 9.9964E-05 0.171155
0.173054 0.186908 9.9937E-05 9.9937E-05 0.495592 9.9937E-05 0.143746 9.9937E-05 9.9937E-05 9.9937E-05 9.9937E-05
0.170661 0.0386593 9.9946E-05 0.0384638 0.570159 9.9946E-05 9.9946E-05 9.9946E-05 9.9946E-05 0.181457 9.9946E-05
0.1952 0.0459289 0.130992 0.0164779 0.220418 0.165236 9.9973E-05 0.108439 0.117008 9.9973E-05 9.9973E-05
0.0988004 9.9946E-05 0.152599 9.9946E-05 0.495143 0.231328 9.9946E-05 9.9946E-05 9.9946E-05 9.9946E-05 0.0215298
0.0687599 0.0772525 0.00677256 9.9973E-05 0.693207 9.9973E-05 9.9973E-05 0.00680122 0.00410445 0.0528628 0.0899394
9.9946E-05 9.9946E-05 0.328531 9.9946E-05 0.455026 0.0614095 9.9946E-05 9.9946E-05 9.9946E-05 0.126657 0.0277769
0.0205936 0.144966 0.0761745 9.9964E-05 0.49426 9.9964E-05 0.14509 9.9964E-05 0.0253568 9.9964E-05 0.093159
9.9946E-05 0.00999104 0.0203 0.000946096 0.955843 9.9946E-05 9.9946E-05 9.9946E-05 9.9946E-05 0.0123205 9.9946E-05
0.0603337 0.223185 0.14629 9.9964E-05 0.28079 9.9964E-05 0.141958 9.9964E-05 9.9964E-05 0.10219 0.0448534
9.9964E-05 0.105821 0.226838 0.0573099 0.469573 0.071008 9.9964E-05 9.9964E-05 0.0601994 9.9964E-05 0.00885083
9.9982E-05 0.0409356 0.425331 0.0180041 0.370307 0.00815802 0.0105034 0.00526354 9.9982E-05 0.0471252 0.0741716
9.9955E-05 0.100867 0.334861 9.9955E-05 0.410291 9.9955E-05 0.122532 9.9955E-05 9.9955E-05 0.0267895 0.00415967
9.99327E-05 0.301476 0.0991516 9.99327E-05 0.598573 9.99327E-05 9.99327E-05 9.99327E-05 9.99327E-05 9.99327E-05 9.99327E-05
0.274527 0.00206093 0.0647097 9.9964E-05 0.4926 0.0676012 9.9964E-05 9.9964E-05 0.0602139 0.0378876 9.9964E-05
9.9964E-05 0.286371 0.0404526 9.9964E-05 0.540154 0.0128097 9.9964E-05 0.0247272 0.0731201 9.9964E-05 0.0219651
0.0181073 9.9946E-05 0.0647255 9.9946E-05 0.759681 0.0708138 9.9946E-05 0.0860731 9.9946E-05 9.9946E-05 9.9946E-05
0.462688 0.0812633 9.9973E-05 0.0442363 0.330729 0.00917923 0.0116081 0.00641195 0.0535841 9.9973E-05 9.9973E-05
0.0631924 0.166466 0.598441 0.00400149 0.0343172 9.9964E-05 9.9964E-05 9.9964E-05 9.9964E-05 0.0849905 0.0481921
0.120585 9.9946E-05 0.672736 0.000309796 0.0223593 9.9946E-05 9.9946E-05 0.183411 9.9946E-05 9.9946E-05 9.9946E-05
0.239171 0.111033 0.39409 9.9964E-05 0.0630874 0.100846 0.0336404 9.9964E-05 9.9964E-05 9.9964E-05 0.0577322
9.9955E-05 9.9955E-05 0.750435 0.0300449 9.9955E-05 0.0748193 0.0928423 0.0318959 9.9955E-05 0.0194629 9.9955E-05
9.9955E-05 0.195638 0.598609 0.0500664 9.9955E-05 0.0375943 0.0686232 9.9955E-05 9.9955E-05 0.0489693 9.9955E-05
0.0419487 0.0836811 0.833091 9.9937E-05 0.0405792 9.9937E-05 9.9937E-05 9.9937E-05 9.9937E-05 9.9937E-05 9.9937E-05
0.0216508 0.097838 0.805252 9.9946E-05 0.0326728 9.9946E-05 9.9946E-05 9.9946E-05 0.0419866 9.9946E-05 9.9946E-05
0.0104283 9.9946E-05 0.703769 9.9946E-05 9.9946E-05 9.9946E-05 0.0162545 0.247365 9.9946E-05 0.0215837 9.9946E-05
0.201713 9.9937E-05 0.539603 0.0253748 9.9937E-05 9.9937E-05 9.9937E-05 0.23261 9.9937E-05 9.9937E-05 9.9937E-05
0.0654457 9.9964E-05 0.725956 9.9964E-05 0.0533635 0.0774114 9.9964E-05 0.0255803 9.9964E-05 0.0272149 0.0246285
9.9946E-05 9.9946E-05 0.761755 9.9946E-05 9.9946E-05 0.0253588 0.0337173 9.9946E-05 0.026765 0.151805 9.9946E-05
0.000485583 0.0596391 0.648463 0.00444561 0.0387625 0.122498 0.0965848 9.9982E-05 0.0231546 0.00576732 9.9982E-05
0.00404866 0.0268372 0.917087 0.0220294 0.0209764 9.9955E-05 9.9955E-05 9.9955E-05 0.00852167 9.9955E-05 9.9955E-05
9.9955E-05 0.0173351 0.696817 9.9955E-05 0.0664409 9.9955E-05 0.107236 0.0708278 9.9955E-05 9.9955E-05 0.0408444
9.9946E-05 9.9946E-05 0.802837 0.0184153 9.9946E-05 9.9946E-05 0.0752372 0.0448627 9.9946E-05 9.9946E-05 0.0580485
0.144112 9.9955E-05 0.391119 9.9955E-05 0.125287 9.9955E-05 0.191848 0.0993754 9.9955E-05 9.9955E-05 0.0477592
0.0245496 9.9964E-05 0.609825 9.9964E-05 0.0332374 0.178538 9.9964E-05 0.0885245 0.0598363 0.00508912 9.9964E-05
0.0359256 9.9955E-05 0.374861 9.9955E-05 0.0894136 0.287187 0.150975 9.9955E-05 0.0611382 9.9955E-05 9.9955E-05
0.0811851 9.9946E-05 0.64717 9.9946E-05 9.9946E-05 0.0234966 0.154225 9.9946E-05 0.0933233 9.9946E-05 9.9946E-05
0.230214 9.9946E-05 0.376772 9.9946E-05 0.0553578 0.0950998 9.9946E-05 0.241956 9.9946E-05 9.9946E-05 9.9946E-05
0.364088 0.0866497 0.249216 9.9964E-05 9.9964E-05 0.114891 0.0343594 9.9964E-05 0.14766 9.9964E-05 0.00273631
0.366579 0.0179154 0.300641 9.9964E-05 9.9964E-05 0.0238094 0.00883423 0.244563 0.0372585 9.9964E-05 9.9964E-05
0.413014 9.9955E-05 0.342018 0.0360635 9.9955E-05 9.9955E-05 0.0545235 0.0899373 9.9955E-05 9.9955E-05 0.0639435
0.393243 0.0331355 0.209558 9.9955E-05 9.9955E-05 0.104267 9.9955E-05 9.9955E-05 0.145981 9.9955E-05 0.113316
0.554137 0.0327162 0.200554 9.9955E-05 9.9955E-05 9.9955E-05 0.116163 9.9955E-05 0.0298995 9.9955E-05 0.0660305
0.629963 0.0750849 0.0719708 0.00395445 0.0436504 9.9973E-05 0.105127 0.0373253 9.9973E-05 0.0326241 9.9973E-05
0.99346 9.9928E-05 9.9928E-05 9.9928E-05 0.00204749 9.9928E-05 9.9928E-05 0.00369285 9.9928E-05 9.9928E-05 9.9928E-05
0.921514 9.99191E-05 9.99191E-05 9.99191E-05 9.99191E-05 9.99191E-05 0.077587 9.99191E-05 9.99191E-05 9.99191E-05 9.99191E-05
0.943349 9.99281E-05 9.99281E-05 9.99281E-05 9.99281E-05 0.011911 9.99281E-05 0.0439407 9.99281E-05 9.99281E-05 9.99281E-05
0.788942 0.00547286 9.9955E-05 0.00616835 9.9955E-05 9.9955E-05 9.9955E-05 0.0768771 0.121375 9.9955E-05 0.000664628
0.465223 9.9946E-05 9.9946E-05 0.025513 0.463747 0.00739856 9.9946E-05 9.9946E-05 0.0375189 9.9946E-05 9.9946E-05
0.637548 0.0128141 0.0382834 0.0528862 0.209766 0.0303927 9.9973E-05 0.00664329 9.9973E-05 9.9973E-05 0.0113659
0.711762 0.104182 9.9955E-05 0.013451 9.9955E-05 9.9955E-05 9.9955E-05 9.9955E-05 0.0186322 0.0608759 0.0905973
0.731367 9.9946E-05 0.0416493 9.9946E-05 0.0968459 0.0931072 0.0364305 9.9946E-05 9.9946E-05 9.9946E-05 9.9946E-05
0.594515 9.9955E-05 0.139233 9.9955E-05 9.9955E-05 0.0879807 0.0864534 9.9955E-05 0.0261331 0.0651853 9.9955E-05
0.550618 0.0446468 0.124116 9.9964E-05 0.0951389 0.024371 0.133935 9.9964E-05 0.0267743 9.9964E-05 9.9964E-05
0.503136 0.0527314 0.00553153 0.0189608 0.0771082 9.9973E-05 9.9973E-05 9.9973E-05 0.142894 0.137872 0.0614657
0.700385 0.0292575 0.0466311 9.9973E-05 9.9973E-05 0.0793612 0.0130442 0.0507237 0.0351954 9.9973E-05 0.0451025
0.618053 0.00732584 0.209292 0.0204754 0.0235921 9.9982E-05 9.9982E-05 0.0225935 0.0345498 0.0406358 0.0232828
0.431281 0.0403732 0.31185 0.00939684 0.0414155 9.9973E-05 9.9973E-05 0.077355 0.078569 0.0094597 9.9973E-05
0.562489 0.0176033 0.0511003 9.9973E-05 0.141203 9.9973E-05 9.9973E-05 0.159687 0.0332928 0.00662031 0.027704
0.806203 0.0873743 0.00632583 9.9955E-05 9.9955E-05 0.045018 9.9955E-05 9.9955E-05 9.9955E-05 0.0299764 0.0246026
0.724154 9.9946E-05 0.0603371 9.9946E-05 9.9946E-05 9.9946E-05 9.9946E-05 0.116379 9.9946E-05 0.0489214 0.0496085
0.802278 9.9946E-05 0.0911224 9.9946E-05 9.9946E-05 9.9946E-05 0.0961651 0.00183606 9.9946E-05 9.9946E-05 0.00799882
9.9964E-05 0.108993 0.473182 0.00316573 0.0452086 9.9964E-05 0.073171 0.15751 9.9964E-05 0.13837 9.9964E-05
0.228074 0.0235492 0.263274 0.0270875 9.9973E-05 0.0683372 0.318477 9.9973E-05 0.0266804 0.0442217 9.9973E-05
0.168736 0.0765562 0.412397 0.0187943 9.9964E-05 9.9964E-05 0.192934 0.0811637 0.0490191 9.9964E-05 9.9964E-05
0.0526549 0.185776 0.418579 9.9946E-05 9.9946E-05 9.9946E-05 0.197477 9.9946E-05 9.9946E-05 0.144913 9.9946E-05
0.00839572 0.0371805 9.9955E-05 9.9955E-05 9.9955E-05 9.9955E-05 0.172879 0.592374 9.9955E-05 0.110138 0.0785333
0.0744227 0.0312787 0.0809657 0.000492303 0.0263685 0.104249 0.14077 0.351796 9.9991E-05 0.10842 0.0811374
9.9955E-05 0.00575386 0.0392169 9.9955E-05 9.9955E-05 9.9955E-05 0.0879736 0.838459 0.0165031 0.0115938 9.9955E-05
9.9964E-05 0.0259636 0.0555653 9.9964E-05 0.0725242 9.9964E-05 9.9964E-05 0.689221 0.0243451 0.0281267 0.103855
9.9946E-05 9.9946E-05 0.372441 0.0196481 9.9946E-05 9.9946E-05 0.000647144 0.570906 9.9946E-05 9.9946E-05 0.0357583
9.9982E-05 0.0223813 0.0182852 0.0103998 0.0313119 0.00233575 0.0398281 0.700276 0.167337 9.9982E-05 0.00764458
9.9955E-05 0.0481222 0.0175138 9.9955E-05 9.9955E-05 0.120045 9.9955E-05 0.502048 0.213357 9.9955E-05 0.0984148
0.0320648 0.0507068 0.220401 9.9964E-05 9.9964E-05 9.9964E-05 0.10897 0.462364 0.0582768 0.0668169 9.9964E-05
9.9973E-05 0.00561372 0.143315 0.000600797 0.0580362 9.9973E-05 0.0696147 0.562554 9.9973E-05 0.0537481 0.106217
9.9973E-05 0.119497 0.109288 9.9973E-05 9.9973E-05 0.0258855 0.316317 0.144998 0.159879 0.07653 0.0473056
9.99281E-05 0.00451879 9.99281E-05 9.99281E-05 9.99281E-05 9.99281E-05 9.99281E-05 0.981708 9.99281E-05 9.99281E-05 0.0129739
0.0668314 0.0870064 0.0427044 0.0131647 9.9973E-05 9.9973E-05 0.165503 0.592571 0.0251352 0.00678307 9.9973E-05
0.0150019 9.9964E-05 0.105805 0.00579785 9.9964E-05 0.0183844 0.226015 0.558602 9.9964E-05 9.9964E-05 0.0699942
9.9973E-05 0.00899271 0.0716592 0.0160694 0.0314988 9.9973E-05 9.9973E-05 0.610546 0.104686 0.136155 0.0200926
9.99101E-05 9.99101E-05 9.99101E-05 9.99101E-05 9.99101E-05 9.99101E-05 9.99101E-05 9.99101E-05 9.99101E-05 9.99101E-05 0.999001
0.0517075 9.9964E-05 0.0150164 0.0156544 0.0388616 9.9964E-05 0.0736196 0.589206 9.9964E-05 0.215535 9.9964E-05
9.9946E-05 9.9946E-05 9.9946E-05 9.9946E-05 0.0577317 9.9946E-05 0.0620266 0.521899 9.9946E-05 0.33417 0.0235732
9.99101E-05 9.99101E-05 9.99101E-05 9.99101E-05 9.99101E-05 9.99101E-05 9.99101E-05 9.99101E-05 9.99101E-05 9.99101E-05 0.999001
9.9946E-05 9.9946E-05 9.9946E-05 9.9946E-05 9.9946E-05 9.9946E-05 0.15555 0.351349 0.128043 0.358271 0.0061866
0.0473465 9.9946E-05 0.0602093 9.9946E-05 9.9946E-05 0.00285762 9.9946E-05 0.774574 9.9946E-05 0.114413 9.9946E-05
9.9964E-05 9.9964E-05 0.0920947 9.9964E-05 0.0410708 0.0381046 0.203987 0.319236 0.0230852 9.9964E-05 0.282022
0.0118818 9.9946E-05 0.0454811 9.9946E-05 9.9946E-05 9.9946E-05 9.9946E-05 0.171033 0.0798462 0.691158 9.9946E-05
9.9946E-05 9.9946E-05 9.9946E-05 9.9946E-05 0.017293 0.0303491 9.9946E-05 0.425104 9.9946E-05 0.511754 0.0149001
9.9955E-05 9.9955E-05 0.0112155 9.9955E-05 9.9955E-05 0.0626572 0.275277 9.9955E-05 0.0184309 0.598788 0.0331318
9.9946E-05 0.0674859 9.9946E-05 9.9946E-05 9.9946E-05 9.9946E-05 0.0313331 0.30312 9.9946E-05 0.47343 0.124031
9.9937E-05 9.9937E-05 9.9937E-05 9.9937E-05 0.0115367 9.9937E-05 9.9937E-05 0.568561 0.00839699 0.410806 9.9937E-05
9.9937E-05 9.9937E-05 9.9937E-05 0.0254812 0.0553516 0.0206465 9.9937E-05 9.9937E-05 9.9937E-05 0.897821 9.9937E-05
9.9937E-05 9.9937E-05 0.223513 9.9937E-05 9.9937E-05 9.9937E-05 9.9937E-05 0.295956 9.9937E-05 0.469629 0.0102028
0.0237154 9.99371E-05 9.99371E-05 9.99371E-05 9.99371E-05 9.99371E-05 0.120891 0.226015 9.99371E-05 0.628679 9.99371E-05
0.0609284 9.9928E-05 9.9928E-05 9.9928E-05 9.9928E-05 9.9928E-05 9.9928E-05 0.477318 9.9928E-05 0.460954 9.9928E-05
0.132444 0.0495757 9.9964E-05 0.0403258 0.0203341 9.9964E-05 9.9964E-05 0.306762 9.9964E-05 0.445412 0.00474662
0.0060274 9.9946E-05 9.9946E-05 0.0568045 9.9946E-05 9.9946E-05 0.0706899 0.392678 9.9946E-05 0.4732 9.9946E-05
9.9937E-05 9.9937E-05 9.9937E-05 0.0163411 9.9937E-05 9.9937E-05 0.195118 0.127447 9.9937E-05 0.660395 9.9937E-05
9.9955E-05 9.9955E-05 9.9955E-05 0.0132784 0.0820616 0.00387482 0.0113784 9.9955E-05 9.9955E-05 0.874141 0.0147658
0.0045903 9.9928E-05 9.9928E-05 9.9928E-05 9.9928E-05 9.9928E-05 9.9928E-05 0.0753802 9.9928E-05 0.91923 9.9928E-05
9.9973E-05 0.033755 0.0228162 9.9973E-05 0.00808092 0.0314555 0.18677 0.472338 0.0340803 0.210404 9.9973E-05
0.0403078 9.9946E-05 9.9946E-05 9.9946E-05 9.9946E-05 0.00349202 9.9946E-05 0.278121 9.9946E-05 0.651355 0.0261241
0.0338284 9.9946E-05 9.9946E-05 9.9946E-05 9.9946E-05 9.9946E-05 9.9946E-05 0.313562 0.0684285 0.49682 0.0867621
9.9937E-05 9.9937E-05 9.9937E-05 9.9937E-05 0.107746 9.9937E-05 9.9937E-05 0.795816 9.9937E-05 0.0941433 0.00159534
0.0296475 0.0310573 9.9973E-05 0.00498625 0.0312518 9.9973E-05 0.0717132 0.030998 9.9973E-05 0.745507 0.0545394
9.99281E-05 9.99281E-05 9.99281E-05 9.99281E-05 9.99281E-05 0.0143303 9.99281E-05 0.975477 0.00939337 9.99281E-05 9.99281E-05
9.9946E-05 9.9946E-05 9.9946E-05 0.0241495 0.0199925 9.9946E-05 0.192678 0.686369 9.9946E-05 0.0762116 9.9946E-05
9.9928E-05 9.9928E-05 9.9928E-05 9.9928E-05 9.9928E-05 9.9928E-05 0.0414023 0.933634 9.9928E-05 0.0241643 9.9928E-05
0.0822493 9.9946E-05 9.9946E-05 9.9946E-05 0.0166464 9.9946E-05 9.9946E-05 0.569135 0.00276373 0.328606 9.9946E-05
9.9955E-05 0.0632725 9.9955E-05 9.9955E-05 0.0467272 9.9955E-05 0.0941651 0.703466 0.00466266 0.0872072 9.9955E-05
0.0823215 0.0505455 9.9946E-05 9.9946E-05 0.039288 9.9946E-05 0.19264 0.634606 9.9946E-05 9.9946E-05 9.9946E-05
0.0401808 9.996E-05 9.996E-05 0.0205547 9.996E-05 0.0368904 0.190075 0.650516 9.996E-05 0.0278776 0.0335058
9.9946E-05 9.9946E-05 9.9946E-05 0.0656351 9.9946E-05 9.9946E-05 0.103473 0.594511 0.167208 9.9946E-05 0.0685736
0.00261218 9.9973E-05 9.9973E-05 0.0276135 0.024227 9.9973E-05 0.30281 0.375683 0.102652 0.157695 0.00640688
0.0615998 9.9946E-05 0.112732 0.00896237 9.9946E-05 9.9946E-05 9.9946E-05 0.640432 9.9946E-05 0.175674 9.9946E-05
9.9955E-05 0.00326972 9.9955E-05 0.0112894 9.9955E-05 0.021094 0.336569 0.594633 9.9955E-05 0.0326453 9.9955E-05
9.9946E-05 9.9946E-05 9.9946E-05 9.9946E-05 9.9946E-05 0.00549122 0.151752 0.54933 0.135114 0.157713 9.9946E-05
0.0388489 9.9955E-05 9.9955E-05 0.0999391 9.9955E-05 9.9955E-05 0.269103 0.472426 9.9955E-05 0.0470452 0.0721378
0.0780336 9.9946E-05 9.9946E-05 0.00382712 9.9946E-05 0.0721622 0.176762 0.668616 9.9946E-05 9.9946E-05 9.9946E-05
9.9955E-05 0.00123433 9.9955E-05 9.9955E-05 9.9955E-05 0.00666219 0.478244 9.9955E-05 0.0739786 0.395111 0.0442703
9.9946E-05 9.9946E-05 0.0570268 0.0717087 9.9946E-05 9.9946E-05 0.190289 0.21839 9.9946E-05 0.461985 9.9946E-05
9.99191E-05 9.99191E-05 9.99191E-05 9.99191E-05 9.99191E-05 9.99191E-05 0.147191 9.99191E-05 9.99191E-05 0.85191 9.99191E-05
9.9937E-05 0.00872119 9.9937E-05 0.0105872 9.9937E-05 9.9937E-05 0.121111 9.9937E-05 9.9937E-05 0.858882 9.9937E-05
9.9955E-05 0.000231346 9.9955E-05 0.0789303 9.9955E-05 9.9955E-05 0.172654 0.225496 0.0312891 0.4909 9.9955E-05
9.9946E-05 0.0309068 9.9946E-05 0.00503778 9.9946E-05 9.9946E-05 0.194476 9.9946E-05 9.9946E-05 0.695078 0.0739011
9.9955E-05 0.0141601 9.9955E-05 0.0344124 9.9955E-05 9.9955E-05 0.283169 0.256248 0.0134722 0.398038 9.9955E-05
9.99281E-05 9.99281E-05 9.99281E-05 9.99281E-05 9.99281E-05 9.99281E-05 0.225726 9.99281E-05 9.99281E-05 0.758758 0.0147167
9.9973E-05 9.9973E-05 0.0909935 0.0673128 0.00780733 0.00567162 0.42739 0.0138292 0.0667198 0.319976 9.9973E-05
0.161606 0.139292 9.9964E-05 0.00462372 0.0604855 9.9964E-05 0.263784 0.222771 9.9964E-05 0.147038 9.9964E-05
0.0231811 0.0044492 0.0580143 9.9964E-05 0.0639511 0.0227434 0.648639 9.9964E-05 9.9964E-05 0.178622 9.9964E-05
0.137158 0.0983079 9.9955E-05 9.9955E-05 0.0333342 9.9955E-05 0.447569 9.9955E-05 0.116792 0.16634 9.9955E-05
0.0890399 9.9964E-05 9.9964E-05 0.0313517 9.9964E-05 9.9964E-05 0.467855 0.0218023 0.0113254 0.319562 0.058664
0.086201 9.9946E-05 9.9946E-05 9.9946E-05 9.9946E-05 9.9946E-05 0.351361 0.100397 9.9946E-05 0.382363 0.0790785
9.9955E-05 9.9955E-05 0.0035481 0.050693 9.9955E-05 9.9955E-05 0.544253 0.0219014 9.9955E-05 0.366234 0.0128701
9.9937E-05 9.9937E-05 9.9937E-05 9.9937E-05 9.9937E-05 9.9937E-05 0.401556 0.277946 9.9937E-05 0.266033 0.0537656
9.99371E-05 9.99371E-05 9.99371E-05 9.99371E-05 9.99371E-05 9.99371E-05 0.736451 0.209112 9.99371E-05 0.0486017 0.00513519
0.0356837 0.00639716 9.9937E-05 9.9937E-05 9.9937E-05 9.9937E-05 0.941167 0.0160527 9.9937E-05 9.9937E-05 9.9937E-05
9.9955E-05 0.0956199 9.9955E-05 0.0356618 9.9955E-05 9.9955E-05 0.642731 0.162927 0.0298012 0.0327592 9.9955E-05
0.00120886 0.009917 9.9964E-05 0.0602464 9.9964E-05 0.0168249 0.668647 0.0372535 9.9964E-05 0.205503 9.9964E-05
0.0330605 0.0669848 0.0373967 0.103377 9.9973E-05 9.9973E-05 0.431107 0.169506 0.0676977 0.0905702 9.9973E-05
0.0969878 9.9946E-05 9.9946E-05 9.9946E-05 9.9946E-05 9.9946E-05 0.498768 0.245359 0.0784348 0.0798515 9.9946E-05
9.9955E-05 9.9955E-05 0.0251079 9.9955E-05 9.9955E-05 0.036967 0.557822 0.10136 0.0435573 0.234686 9.9955E-05
9.9937E-05 9.9937E-05 9.9937E-05 0.000915928 0.0514339 9.9937E-05 0.857313 9.9937E-05 9.9937E-05 0.089638 9.9937E-05
0.0112468 9.9955E-05 0.102631 9.9955E-05 9.9955E-05 9.9955E-05 0.387874 0.00135543 0.0898464 0.406547 9.9955E-05
9.9955E-05 9.9955E-05 9.9955E-05 0.0208321 9.9955E-05 0.00644722 0.350828 0.173035 0.113838 0.33452 9.9955E-05
0.00421181 9.9964E-05 0.0835314 9.9964E-05 9.9964E-05 0.0412194 0.561792 0.134496 9.9964E-05 0.142525 0.0318239
9.9955E-05 9.9955E-05 0.0318872 0.0438347 9.9955E-05 9.9955E-05 0.606162 0.0104818 9.9955E-05 0.191505 0.115629
9.9964E-05 9.9964E-05 9.9964E-05 0.0168917 0.0313621 0.022845 0.504609 0.131518 0.00687852 0.285495 9.9964E-05
0.0655144 9.9955E-05 9.9955E-05 0.0918813 0.012595 0.0398285 0.544648 9.9955E-05 9.9955E-05 0.245033 9.9955E-05
9.9964E-05 0.0707405 0.0140886 0.0392313 9.9964E-05 9.9964E-05 0.712276 0.0400936 0.00852108 0.114649 9.9964E-05
9.99281E-05 9.99281E-05 9.99281E-05 0.0144003 9.99281E-05 9.99281E-05 0.898389 9.99281E-05 9.99281E-05 0.0864108 9.99281E-05
9.9973E-05 9.9973E-05 0.00437846 0.00161023 9.9973E-05 0.0252038 0.745487 0.0613111 0.0390002 0.0812368 0.041473
9.99101E-05 9.99101E-05 9.99101E-05 9.99101E-05 9.99101E-05 9.99101E-05 0.999001 9.99101E-05 9.99101E-05 9.99101E-05 9.99101E-05
9.99101E-05 9.99101E-05 9.99101E-05 9.99101E-05 9.99101E-05 9.99101E-05 0.999001 9.99101E-05 9.99101E-05 9.99101E-05 9.99101E-05
9.99191E-05 9.99191E-05 9.99191E-05 9.99191E-05 9.99191E-05 9.99191E-05 0.972255 0.026846 9.99191E-05 9.99191E-05 9.99191E-05
9.99191E-05 9.99191E-05 9.99191E-05 9.99191E-05 0.0181384 9.99191E-05 0.980962 9.99191E-05 9.99191E-05 9.99191E-05 9.99191E-05
9.99191E-05 9.99191E-05 9.99191E-05 9.99191E-05 9.99191E-05 9.99191E-05 0.974575 9.99191E-05 9.99191E-05 9.99191E-05 0.0245258
9.99101E-05 9.99101E-05 9.99101E-05 9.99101E-05 9.99101E-05 9.99101E-05 0.999001 9.99101E-05 9.99101E-05 9.99101E-05 9.99101E-05
9.9955E-05 9.9955E-05 0.0381801 0.00494068 9.9955E-05 9.9955E-05 0.937932 0.00822115 0.000258559 9.9955E-05 0.00996743
9.99281E-05 9.99281E-05 9.99281E-05 0.0338215 9.99281E-05 9.99281E-05 0.95176 9.99281E-05 9.99281E-05 9.99281E-05 0.0136189
9.99281E-05 9.99281E-05 9.99281E-05 9.99281E-05 9.99281E-05 9.99281E-05 0.889154 9.99281E-05 0.0418108 9.99281E-05 0.0682357
9.99101E-05 9.99101E-05 9.99101E-05 9.99101E-05 9.99101E-05 9.99101E-05 0.999001 9.99101E-05 9.99101E-05 9.99101E-05 9.99101E-05
0.00480628 9.9946E-05 9.9946E-05 0.0274992 9.9946E-05 9.9946E-05 0.894158 9.9946E-05 9.9946E-05 0.0596109 0.0133255
9.99191E-05 9.99191E-05 0.0198823 9.99191E-05 9.99191E-05 9.99191E-05 0.979218 9.99191E-05 9.99191E-05 9.99191E-05 9.99191E-05
9.9937E-05 9.9937E-05 9.9937E-05 0.00138561 9.9937E-05 0.024316 0.97245 9.9937E-05 9.9937E-05 9.9937E-05 0.00114847
9.99281E-05 9.99281E-05 9.99281E-05 0.00736774 9.99281E-05 9.99281E-05 0.946561 0.0452722 9.99281E-05 9.99281E-05 9.99281E-05
9.99281E-05 0.0176524 9.99281E-05 9.99281E-05 9.99281E-05 0.0528695 0.928679 9.99281E-05 9.99281E-05 9.99281E-05 9.99281E-05
9.9946E-05 9.9946E-05 9.9946E-05 0.0200392 9.9946E-05 9.9946E-05 0.781164 0.11733 9.9946E-05 0.0657298 0.0151372
9.9937E-05 9.9937E-05 9.9937E-05 9.9937E-05 9.9937E-05 9.9937E-05 0.832625 0.0258743 0.00525443 0.135546 9.9937E-05
9.99371E-05 9.99371E-05 9.99371E-05 0.0393313 0.0335444 9.99371E-05 0.897601 9.99371E-05 0.028824 9.99371E-05 9.99371E-05
9.9937E-05 9.9937E-05 0.0322013 9.9937E-05 9.9937E-05 9.9937E-05 0.794137 9.9937E-05 9.9937E-05 0.116408 0.0565544
0.00320376 9.9964E-05 9.9964E-05 9.9964E-05 9.9964E-05 0.0189853 0.722823 0.0719198 0.0159426 0.118433 0.0482927
9.9937E-05 9.9937E-05 0.0336881 9.9937E-05 9.9937E-05 0.0441888 0.826404 9.9937E-05 9.9937E-05 0.0950199 9.9937E-05
0.0653212 9.99281E-05 9.99281E-05 9.99281E-05 9.99281E-05 9.99281E-05 0.902287 0.031592 9.99281E-05 9.99281E-05 9.99281E-05
9.9937E-05 9.9937E-05 9.9937E-05 0.0100485 9.9937E-05 9.9937E-05 0.950182 0.0218257 9.9937E-05 9.9937E-05 0.0172438
9.9937E-05 9.9937E-05 0.0287127 0.0205457 9.9937E-05 9.9937E-05 0.823041 9.9937E-05 9.9937E-05 0.127001 9.9937E-05
9.99281E-05 9.99281E-05 9.99281E-05 0.0171248 9.99281E-05 9.99281E-05 0.950285 9.99281E-05 0.0317911 9.99281E-05 9.99281E-05
9.99191E-05 9.99191E-05 9.99191E-05 9.99191E-05 9.99191E-05 9.99191E-05 0.944194 9.99191E-05 0.0549064 9.99191E-05 9.99191E-05
9.9955E-05 9.9955E-05 0.0294108 0.0409199 9.9955E-05 9.9955E-05 0.751683 0.0723169 9.9955E-05 0.0958756 0.00929408
9.9946E-05 9.9946E-05 0.0319959 9.9946E-05 0.0120522 0.0312222 0.478224 0.445906 9.9946E-05 9.9946E-05 9.9946E-05
0.0256678 0.0136821 9.9964E-05 0.0040526 0.00446333 9.9964E-05 0.77139 9.9964E-05 9.9964E-05 0.168276 0.0120684
9.99281E-05 9.99281E-05 9.99281E-05 9.99281E-05 9.99281E-05 0.0581025 0.512806 0.428292 9.99281E-05 9.99281E-05 9.99281E-05
0.00954151 0.0124818 0.00352808 0.101634 9.9973E-05 9.9973E-05 0.752071 9.9973E-05 0.0370528 0.0266607 0.0567308
0.0190021 9.9964E-05 0.0417831 9.9964E-05 9.9964E-05 0.0263317 0.485315 0.385872 0.01297 0.0283265 9.9964E-05
0.0644933 0.0100884 9.9964E-05 0.139057 9.9964E-05 9.9964E-05 0.425037 0.326586 0.00717807 9.9964E-05 0.0271596
9.9955E-05 9.9955E-05 0.0181194 0.666911 0.0187799 9.9955E-05 0.172396 9.9955E-05 9.9955E-05 0.112098 0.0111966
9.99101E-05 9.99101E-05 9.99101E-05 0.999001 9.99101E-05 9.99101E-05 9.99101E-05 9.99101E-05 9.99101E-05 9.99101E-05 9.99101E-05
9.9955E-05 9.9955E-05 0.0378853 0.413044 9.9955E-05 9.9955E-05 0.173914 0.334837 9.9955E-05 0.0382049 0.00161544
9.9964E-05 9.9964E-05 0.0244261 9.9964E-05 0.0340676 0.00553964 0.843465 0.0367489 9.9964E-05 0.0426404 0.0127128
0.00988966 9.9973E-05 0.00140774 0.0862979 0.000635988 9.9973E-05 0.619603 0.154132 0.094813 9.9973E-05 0.0329204
0.0196764 0.0433694 0.00715334 0.0241545 9.9982E-05 9.9982E-05 0.721331 0.0617311 0.0416224 0.0609376 0.0198245
9.9937E-05 9.9937E-05 9.9937E-05 0.0438068 9.9937E-05 9.9937E-05 0.727905 0.187954 9.9937E-05 0.0396344 9.9937E-05
9.9964E-05 0.0233056 9.9964E-05 0.109404 0.0761248 9.9964E-05 0.582229 0.0791476 0.107995 9.9964E-05 0.0213938
9.9946E-05 9.9946E-05 9.9946E-05 0.0833402 0.158768 0.0294182 0.606136 9.9946E-05 9.9946E-05 0.121739 9.9946E-05
9.9946E-05 0.014084 9.9946E-05 0.104691 0.0239117 9.9946E-05 0.762798 0.0939161 9.9946E-05 9.9946E-05 9.9946E-05
9.9955E-05 9.9955E-05 9.9955E-05 0.0395505 0.0536839 9.9955E-05 0.571008 0.0375772 0.0624083 0.235272 9.9955E-05
9.9964E-05 0.00396382 9.9964E-05 0.0858349 0.0276896 9.9964E-05 0.741721 9.9964E-05 0.0360084 0.0620285 0.0423541
