0.167477 0.0430084 0.0961971 0.434494 0.0416522 9.9982E-05 9.9982E-05 0.11124 0.105732
0.0878245 0.00801539 0.0430079 0.502516 0.139555 0.0239181 0.0296286 0.0724609 0.0930738
0.277466 9.9973E-05 0.121915 0.315314 9.9973E-05 0.0650177 9.9973E-05 0.0511349 0.168853
0.208086 9.9973E-05 0.121245 0.432685 0.109639 0.00485759 9.9973E-05 9.9973E-05 0.123187
0.276198 0.000608284 0.00976753 0.383826 0.0341687 0.10052 0.0627603 9.9991E-05 0.13205
0.0478226 9.9973E-05 0.142734 0.551733 0.0712136 9.9973E-05 0.0347362 9.9973E-05 0.151461
0.0788783 9.9973E-05 0.0735734 0.565372 0.095884 9.9973E-05 0.052023 9.9973E-05 0.133969
0.359907 0.0386689 9.9982E-05 0.314943 0.0337102 0.122632 9.9982E-05 0.0400515 0.0898876
0.222318 9.9982E-05 0.0362033 0.537137 0.0181737 0.00382672 0.0970298 9.9982E-05 0.0851116
0.143709 0.0575284 0.126749 0.375218 0.0933608 0.0383706 0.0380511 0.0127877 0.114226
0.250398 9.9991E-05 0.0202186 0.276772 0.0683165 0.0503962 0.098014 0.0477832 0.188002
0.273453 9.9964E-05 0.118198 0.446056 9.9964E-05 9.9964E-05 0.0774814 9.9964E-05 0.0844122
0.169898 9.9991E-05 0.0811492 0.396519 0.104306 0.0564666 0.02843 0.0281552 0.134976
0.148787 9.9991E-05 0.118802 0.387664 0.0802347 0.0638899 0.0513656 0.0122941 0.136862
0.117784 9.9991E-05 0.143683 0.456164 0.0457638 0.0532714 0.0206849 0.0479132 0.114636
0.233826 9.9991E-05 0.147427 0.35871 0.046982 0.0560504 0.00297039 0.0500718 0.103863
0.161261 9.9973E-05 0.167421 0.364749 0.100813 0.107595 9.9973E-05 9.9973E-05 0.0978623
0.139286 9.9982E-05 0.155099 0.363865 0.10217 0.110593 9.9982E-05 0.0108043 0.117983
0.370565 9.9982E-05 0.116202 0.322261 0.0399647 0.0194604 0.00940696 9.9982E-05 0.12194
9.993E-05 9.993E-05 9.993E-05 9.993E-05 9.993E-05 9.993E-05 9.993E-05 9.993E-05 0.999201
0.0405129 9.9964E-05 9.9964E-05 0.508338 0.0809862 9.9964E-05 9.9964E-05 0.0614337 0.308329
0.0666661 9.9973E-05 9.9973E-05 0.482148 0.0641761 9.9973E-05 0.0603919 0.0617952 0.264523
9.9973E-05 9.9973E-05 0.0213209 0.405577 0.0715319 0.223275 9.9973E-05 0.0194175 0.258578
0.149523 0.0904176 0.0422991 0.371115 9.9982E-05 0.126425 9.9982E-05 0.0556583 0.164363
0.142365 0.056255 9.9973E-05 0.578204 9.9973E-05 0.0615944 0.0241611 9.9973E-05 0.137121
9.9964E-05 0.0237172 9.9964E-05 0.618244 0.0047644 0.0284009 9.9964E-05 9.9964E-05 0.324473
0.00811022 9.9973E-05 9.9973E-05 0.585334 0.0724124 0.00464601 0.0493339 9.9973E-05 0.279863
0.106866 0.00882063 0.0210844 0.550696 0.0558123 0.00715631 0.040626 0.0239987 0.18494
9.9982E-05 9.9982E-05 0.0602761 0.588055 0.03453 0.00347216 0.0468776 0.0663559 0.200234
9.993E-05 9.993E-05 9.993E-05 9.993E-05 9.993E-05 9.993E-05 9.993E-05 9.993E-05 0.999201
9.993E-05 9.993E-05 9.993E-05 9.993E-05 9.993E-05 9.993E-05 9.993E-05 9.993E-05 0.999201
9.993E-05 9.993E-05 9.993E-05 9.993E-05 9.993E-05 9.993E-05 9.993E-05 9.993E-05 0.999201
9.993E-05 9.993E-05 9.993E-05 9.993E-05 9.993E-05 9.993E-05 9.993E-05 9.993E-05 0.999201
9.9955E-05 0.0496539 9.9955E-05 9.9955E-05 9.9955E-05 9.9955E-05 0.00034592 0.0171436 0.932357
9.9946E-05 9.9946E-05 9.9946E-05 9.9946E-05 9.9946E-05 0.0150982 9.9946E-05 0.007234 0.977068
0.0484537 0.0184846 0.0165231 0.494144 9.9991E-05 0.176294 0.00305631 0.0550453 0.187899
9.9982E-05 0.101857 0.129292 0.314843 0.173298 0.0622133 9.9982E-05 0.0234831 0.194815
9.9973E-05 9.9973E-05 0.0163355 0.436017 0.0878112 0.220841 9.9973E-05 0.0240497 0.214645
9.9946E-05 9.9946E-05 0.0857251 0.854599 9.9946E-05 9.9946E-05 0.0590767 9.9946E-05 9.9946E-05
0.0927285 0.0144449 9.9982E-05 0.779371 9.9982E-05 0.0264408 0.0599278 0.00483772 0.0220492
9.9964E-05 0.0551401 9.9964E-05 0.906053 9.9964E-05 9.9964E-05 0.00869698 0.0159471 0.0137632
9.9982E-05 0.0217167 0.0453953 0.642366 0.155816 9.9982E-05 0.0280696 0.00137373 0.105063
9.9982E-05 0.0269072 0.0240589 0.730465 0.0967206 0.0444176 9.9982E-05 0.0480082 0.0292228
0.0822957 0.0799555 0.0917657 0.688987 9.9973E-05 0.0353341 0.0213619 9.9973E-05 9.9973E-05
0.0596258 0.000802188 0.150395 0.537753 0.0622121 0.0334714 9.9991E-05 0.0626183 0.0930222
0.0459666 0.0148461 0.0698057 0.70688 0.0320484 0.0264696 9.9991E-05 0.0270867 0.0767964
0.0497022 0.00398788 9.9982E-05 0.787987 0.0469072 0.0272824 9.9982E-05 0.0165981 0.0673356
0.0299945 0.00472597 9.9982E-05 0.729874 0.0525887 0.129318 9.9982E-05 0.00163325 0.0516662
9.993E-05 9.993E-05 9.993E-05 0.999201 9.993E-05 9.993E-05 9.993E-05 9.993E-05 9.993E-05
9.993E-05 9.993E-05 9.993E-05 0.999201 9.993E-05 9.993E-05 9.993E-05 9.993E-05 9.993E-05
9.993E-05 9.993E-05 9.993E-05 0.999201 9.993E-05 9.993E-05 9.993E-05 9.993E-05 9.993E-05
9.993E-05 9.993E-05 9.993E-05 0.999201 9.993E-05 9.993E-05 9.993E-05 9.993E-05 9.993E-05
9.993E-05 9.993E-05 9.993E-05 0.999201 9.993E-05 9.993E-05 9.993E-05 9.993E-05 9.993E-05
9.993E-05 9.993E-05 9.993E-05 0.999201 9.993E-05 9.993E-05 9.993E-05 9.993E-05 9.993E-05
9.9937E-05 9.9937E-05 9.9937E-05 0.984715 9.9937E-05 9.9937E-05 9.9937E-05 0.0145857 9.9937E-05
9.993E-05 9.993E-05 9.993E-05 0.999201 9.993E-05 9.993E-05 9.993E-05 9.993E-05 9.993E-05
9.993E-05 9.993E-05 9.993E-05 0.999201 9.993E-05 9.993E-05 9.993E-05 9.993E-05 9.993E-05
9.9955E-05 0.017976 9.9955E-05 0.953408 9.9955E-05 9.9955E-05 0.0148346 0.0132812 9.9955E-05
0.337893 9.9946E-05 9.9946E-05 0.657774 9.9946E-05 9.9946E-05 9.9946E-05 9.9946E-05 0.00373271
0.0106529 0.0521692 9.9982E-05 0.784232 0.017714 9.9982E-05 0.0497804 0.0495571 0.0356949
0.168268 0.0821519 9.9964E-05 0.708721 9.9964E-05 0.00358581 0.0368733 9.9964E-05 9.9964E-05
0.124268 9.9964E-05 0.0526668 0.712631 9.9964E-05 9.9964E-05 0.00699262 9.9964E-05 0.103042
9.9964E-05 9.9964E-05 9.9964E-05 0.717426 0.0847485 0.0410274 9.9964E-05 0.0874336 0.0689649
0.0662988 0.0950372 0.0105864 0.471576 0.00449863 0.0513279 0.0742922 0.104579 0.121803
9.99371E-05 9.99371E-05 9.99371E-05 0.900899 9.99371E-05 9.99371E-05 9.99371E-05 9.99371E-05 0.0984017
9.9973E-05 9.9973E-05 0.0261512 0.794706 0.0322413 0.0414064 0.052728 9.9973E-05 0.0524675
0.333901 9.9946E-05 9.9946E-05 0.663609 9.9946E-05 9.9946E-05 9.9946E-05 9.9946E-05 0.00189119
9.9973E-05 9.9973E-05 0.0128167 0.780399 0.0344994 0.0416859 0.0614263 9.9973E-05 0.0688733
9.9964E-05 9.9964E-05 0.105778 0.875437 0.00588972 9.9964E-05 0.00170315 9.9964E-05 0.0107919
9.9964E-05 9.9964E-05 0.0970142 0.846626 0.0255956 9.9964E-05 0.0122254 9.9964E-05 0.0181385
0.0408766 9.9964E-05 0.106744 0.823399 9.9964E-05 9.9964E-05 0.00335965 9.9964E-05 0.0252214
0.0526941 0.0251472 9.9964E-05 0.836448 9.9964E-05 0.0219962 0.0633148 9.9964E-05 9.9964E-05
0.056806 9.9964E-05 0.170338 0.646329 0.00845887 9.9964E-05 9.9964E-05 9.9964E-05 0.117668
9.9955E-05 0.0148699 9.9955E-05 0.83342 9.9955E-05 9.9955E-05 9.9955E-05 0.0575438 0.0936667
0.130509 0.00222414 9.9973E-05 0.80359 0.0467786 0.00409509 0.0125029 9.9973E-05 9.9973E-05
0.0949808 0.0183797 0.00737345 0.779485 0.0550924 0.0284784 0.01601 9.9982E-05 9.9982E-05
0.109975 0.0270392 0.0436298 0.732202 0.0522366 0.00827093 9.9982E-05 9.9982E-05 0.0264465
0.123572 0.023786 0.0116338 0.762008 0.0448496 9.9973E-05 0.0338499 9.9973E-05 9.9973E-05
0.133986 9.9946E-05 0.0481021 0.817312 9.9946E-05 9.9946E-05 9.9946E-05 9.9946E-05 9.9946E-05
0.0143787 0.116838 9.9964E-05 0.82575 9.9964E-05 9.9964E-05 0.0183174 9.9964E-05 0.0243159
0.0205648 0.0245619 0.0189989 0.707457 0.0232388 0.00279787 0.105314 0.0281707 0.0688963
9.9937E-05 9.9937E-05 9.9937E-05 0.918351 9.9937E-05 9.9937E-05 9.9937E-05 9.9937E-05 0.0809497
0.0440949 9.9973E-05 9.9973E-05 0.796478 0.00520567 9.9973E-05 0.0209027 0.00575809 0.127261
9.9955E-05 9.9955E-05 0.0494619 0.863044 0.0202924 9.9955E-05 0.0667025 9.9955E-05 9.9955E-05
0.0149076 0.0291716 0.0133023 0.793514 9.9982E-05 0.0495243 0.0959367 9.9982E-05 0.00344346
0.163532 9.9946E-05 9.9946E-05 0.826921 9.9946E-05 9.9946E-05 9.9946E-05 9.9946E-05 0.00894683
9.993E-05 9.993E-05 9.993E-05 0.999201 9.993E-05 9.993E-05 9.993E-05 9.993E-05 9.993E-05
0.232845 0.0024233 0.028658 0.645597 0.050285 9.9973E-05 9.9973E-05 9.9973E-05 0.0398915
9.9973E-05 0.0485654 0.051762 0.793901 0.00566311 9.9973E-05 0.0182569 9.9973E-05 0.0815519
9.9973E-05 0.0322584 0.0165318 0.791113 0.0547706 9.9973E-05 0.05548 9.9973E-05 0.0495467
9.9973E-05 0.0410646 9.9973E-05 0.701426 9.9973E-05 0.0493053 0.0353734 0.106787 0.0657443
0.0506875 0.011204 9.9982E-05 0.725574 9.9982E-05 0.0319637 0.0164885 0.0910876 0.0727951
0.0136288 0.028682 0.0871553 0.717709 9.9982E-05 0.0530548 0.0616552 0.037915 9.9982E-05
9.9955E-05 9.9955E-05 9.9955E-05 0.831556 9.9955E-05 9.9955E-05 0.073028 0.0557442 0.0391721
9.9964E-05 0.0328769 9.9964E-05 0.821489 9.9964E-05 9.9964E-05 0.0693344 0.000978957 0.0749206
9.9955E-05 9.9955E-05 0.0997206 0.829467 9.9955E-05 9.9955E-05 0.0298576 9.9955E-05 0.0404552
9.9955E-05 9.9955E-05 0.0352957 0.750528 9.9955E-05 9.9955E-05 0.104738 9.9955E-05 0.108938
9.9973E-05 9.9973E-05 0.068867 0.823401 0.0331692 0.00866913 9.9973E-05 0.0600105 0.00558309
0.00816306 0.061639 0.00377104 0.765027 0.0688118 0.0330942 9.9982E-05 0.059294 9.9982E-05
9.9973E-05 0.0622389 0.017667 0.692682 0.072078 9.9973E-05 0.077852 0.0771827 9.9973E-05
0.0382928 9.9973E-05 0.0263973 0.788625 0.0869927 0.0221276 9.9973E-05 9.9973E-05 0.0372649
0.043016 0.0738651 0.0675711 0.546633 0.0865092 0.00435054 0.124667 0.0131577 0.0402304
9.9973E-05 0.103554 9.9973E-05 0.639885 0.123652 0.00183606 0.0703148 0.0604579 9.9973E-05
0.165682 0.0470826 9.9955E-05 0.766493 9.9955E-05 9.9955E-05 9.9955E-05 0.0202431 9.9955E-05
0.130884 0.0130297 0.0204039 0.796332 9.9973E-05 9.9973E-05 0.00646099 9.9973E-05 0.03259
0.202471 0.0526476 0.0694547 0.46985 9.9991E-05 0.122242 0.0530213 0.0061912 0.0240222
9.9982E-05 0.0691564 0.0562372 0.588191 0.0112079 0.0557783 0.212502 0.00672788 9.9982E-05
0.170902 0.0845077 0.0261225 0.479198 0.0224384 0.156413 0.028922 9.9991E-05 0.031397
0.00589213 0.0478042 9.9982E-05 0.718687 0.0267946 0.0869604 0.0718126 9.9982E-05 0.0418496
0.197115 0.0525566 9.9991E-05 0.545642 0.0636008 0.0356639 0.0288404 0.00555319 0.0709275
0.203733 9.9955E-05 9.9955E-05 0.702225 9.9955E-05 0.0387424 9.9955E-05 9.9955E-05 0.0547999
0.161022 0.0515471 9.9964E-05 0.732485 0.017856 9.9964E-05 9.9964E-05 9.9964E-05 0.0366897
0.189551 9.9973E-05 0.127752 0.638438 0.0265774 9.9973E-05 9.9973E-05 0.0170994 0.000282512
0.0723326 0.0320559 0.111226 0.57119 0.0478619 9.9982E-05 0.136454 9.9982E-05 0.0286791
0.273288 9.9982E-05 0.0116388 0.476192 0.0511494 0.0437694 0.06844 9.9982E-05 0.075323
9.9973E-05 0.12046 9.9973E-05 0.611788 0.0490793 0.0247517 0.111514 0.0821072 9.9973E-05
0.280917 9.9982E-05 0.0194178 0.504566 0.0518864 0.0408704 0.0523659 9.9982E-05 0.0497773
0.195545 0.00163286 0.00177535 0.732012 9.9973E-05 0.00954164 9.9973E-05 9.9973E-05 0.059194
0.159485 0.0178053 9.9973E-05 0.671231 9.9973E-05 0.0782172 9.9973E-05 0.0181963 0.0547653
0.128962 9.9982E-05 0.0214661 0.613797 9.9982E-05 0.133656 0.0160728 0.0361784 0.0496676
0.090821 9.9982E-05 0.0729816 0.577767 9.9982E-05 0.0127355 0.0725515 0.0836708 0.0892724
0.131972 9.9973E-05 0.0430355 0.623144 9.9973E-05 9.9973E-05 0.0673438 0.0584349 0.07577
0.194677 9.9973E-05 0.0374069 0.525428 9.9973E-05 0.200472 9.9973E-05 0.0113025 0.0304144
9.9973E-05 9.9973E-05 0.0705932 0.609488 0.0562065 0.0481645 0.142648 9.9973E-05 0.0725995
0.0869108 9.9982E-05 0.0613758 0.61465 9.9982E-05 0.165848 0.0215603 0.00539678 0.0440578
0.116077 9.9973E-05 9.9973E-05 0.685409 9.9973E-05 0.0490368 0.0397618 0.0361871 0.0732278
0.0990538 0.0161246 9.9982E-05 0.570962 0.0554088 0.117122 0.0777796 0.0633492 9.9982E-05
0.0639289 0.0642566 0.0169313 0.634684 0.0428971 0.0897226 9.9982E-05 0.0873799 9.9982E-05
0.151136 0.0307931 0.0508965 0.513821 9.9982E-05 0.103805 9.9982E-05 0.131365 0.0179827
0.0531738 9.9982E-05 0.028617 0.667642 0.00822914 0.113194 9.9982E-05 0.0208404 0.108104
0.152567 0.0345005 9.9973E-05 0.606762 0.00628875 0.081584 9.9973E-05 0.117998 9.9973E-05
0.0663853 0.0118006 0.0294763 0.750214 0.018376 9.9982E-05 0.0638739 0.0596739 9.9982E-05
0.0832615 0.00971284 0.000619568 0.816686 0.0350012 9.9982E-05 9.9982E-05 0.0534506 0.0010681
0.11833 0.0359664 0.0445602 0.716221 0.0550686 0.00760667 0.00301029 9.9991E-05 0.019136
0.0730631 9.9973E-05 9.9973E-05 0.710806 0.064744 0.0762843 9.9973E-05 0.067504 0.00729863
9.9973E-05 9.9973E-05 9.9973E-05 0.697454 0.0270523 0.0537498 0.0866975 0.0728509 0.0618954
9.9982E-05 0.0129525 0.0309031 0.845232 0.0292792 9.9982E-05 0.0199641 0.0391399 0.0223289
0.0228702 0.0173006 9.9973E-05 0.932602 9.9973E-05 0.0030171 0.00806496 9.9973E-05 0.0158455
0.0367097 9.9973E-05 0.122153 0.725194 9.9973E-05 0.0220809 9.9973E-05 0.0608296 0.0327326
0.167374 9.9964E-05 9.9964E-05 0.768585 9.9964E-05 0.0162459 9.9964E-05 0.00317877 0.0442155
0.121738 9.9973E-05 0.145712 0.620531 0.0291858 9.9973E-05 9.9973E-05 0.00888047 0.0736536
9.9973E-05 9.9973E-05 0.110416 0.631787 0.0484469 0.0916332 0.0806921 9.9973E-05 0.0367248
0.192146 0.0275478 9.9982E-05 0.648416 0.0477446 0.0162607 0.0324762 9.9982E-05 0.0352083
0.142592 9.9955E-05 9.9955E-05 0.710507 9.9955E-05 0.0826358 9.9955E-05 9.9955E-05 0.0637658
0.0427456 0.0923898 0.0258642 0.7361 0.0462525 0.0440383 0.0124093 9.9982E-05 9.9982E-05
9.9973E-05 0.0910739 0.0696896 0.698227 0.0100509 0.0220962 0.108563 9.9973E-05 9.9973E-05
9.9973E-05 9.9973E-05 0.0560922 0.732456 0.0596034 0.00938691 0.106536 0.0356262 9.9973E-05
0.0529081 9.9964E-05 9.9964E-05 0.857157 0.0390874 0.0375913 9.9964E-05 9.9964E-05 0.0128565
0.0503424 9.9973E-05 0.0667345 0.679776 0.0773397 0.113909 9.9973E-05 0.0115984 9.9973E-05
0.169477 9.9964E-05 0.0496293 0.682764 9.9964E-05 0.0440089 9.9964E-05 0.053721 9.9964E-05
0.163923 0.0390908 0.019658 0.45288 0.0419817 0.127267 0.0691037 0.0859969 9.9991E-05
0.33603 0.0450541 0.0442111 0.447503 9.9991E-05 0.0354497 0.0391336 0.0333656 0.0191519
0.0684801 0.049658 0.107055 0.515868 0.0531251 0.0507029 0.117205 0.0378055 9.9991E-05
0.322707 0.0462581 0.0990675 0.458569 0.0125107 0.0365487 0.0224637 9.9991E-05 0.00177504
0.051749 9.9946E-05 9.9946E-05 9.9946E-05 0.0110136 0.936638 9.9946E-05 9.9946E-05 9.9946E-05
9.993E-05 9.993E-05 9.993E-05 9.993E-05 9.993E-05 0.999201 9.993E-05 9.993E-05 9.993E-05
9.9937E-05 9.9937E-05 9.9937E-05 9.9937E-05 9.9937E-05 0.997871 9.9937E-05 0.0014299 9.9937E-05
9.993E-05 9.993E-05 9.993E-05 9.993E-05 9.993E-05 0.999201 9.993E-05 9.993E-05 9.993E-05
0.114349 0.0297829 0.00705087 0.0171852 9.9982E-05 0.747686 0.0515197 9.9982E-05 0.0322264
9.993E-05 9.993E-05 9.993E-05 9.993E-05 9.993E-05 0.999201 9.993E-05 9.993E-05 9.993E-05
9.993E-05 9.993E-05 9.993E-05 9.993E-05 9.993E-05 0.999201 9.993E-05 9.993E-05 9.993E-05
9.9946E-05 0.00710043 9.9946E-05 9.9946E-05 0.00816297 0.984137 9.9946E-05 9.9946E-05 9.9946E-05
9.993E-05 9.993E-05 9.993E-05 9.993E-05 9.993E-05 0.999201 9.993E-05 9.993E-05 9.993E-05
9.993E-05 9.993E-05 9.993E-05 9.993E-05 9.993E-05 0.999201 9.993E-05 9.993E-05 9.993E-05
9.993E-05 9.993E-05 9.993E-05 9.993E-05 9.993E-05 0.999201 9.993E-05 9.993E-05 9.993E-05
9.993E-05 9.993E-05 9.993E-05 9.993E-05 9.993E-05 0.999201 9.993E-05 9.993E-05 9.993E-05
9.9937E-05 9.9937E-05 0.0127929 9.9937E-05 9.9937E-05 0.986508 9.9937E-05 9.9937E-05 9.9937E-05
9.9937E-05 9.9937E-05 9.9937E-05 9.9937E-05 0.0122911 0.987009 9.9937E-05 9.9937E-05 9.9937E-05
9.993E-05 9.993E-05 9.993E-05 9.993E-05 9.993E-05 0.999201 9.993E-05 9.993E-05 9.993E-05
0.18111 9.9973E-05 9.9973E-05 0.17419 0.0134405 0.554406 0.0346559 9.9973E-05 0.041898
9.9946E-05 9.9946E-05 9.9946E-05 9.9946E-05 0.0116796 0.979553 0.00816747 9.9946E-05 9.9946E-05
9.993E-05 9.993E-05 9.993E-05 9.993E-05 9.993E-05 0.999201 9.993E-05 9.993E-05 9.993E-05
0.272278 9.9982E-05 0.067804 0.235121 0.045445 0.179666 0.150123 0.0493639 9.9982E-05
0.185667 0.000132417 0.137112 0.372843 9.9991E-05 0.104662 0.113936 0.0781628 0.00738393
0.239874 9.9982E-05 0.124888 0.374641 9.9982E-05 0.087158 0.0988314 0.0702492 0.00415901
0.254308 0.0398279 0.0644723 0.353445 9.9991E-05 0.142013 0.106746 0.0199661 0.0191214
0.169863 0.0169682 0.166293 0.250374 9.9991E-05 0.165518 0.102814 0.101505 0.0265637
0.334326 0.0138646 9.9991E-05 0.422199 0.039766 0.0798714 0.0465997 0.0135547 0.0497187
0.171166 9.9991E-05 0.0028913 0.33683 0.0515351 0.151166 0.149177 0.125239 0.0118954
0.184771 0.0186024 0.133551 0.409943 9.9991E-05 0.0822209 0.0893357 0.0770171 0.00445908
0.323223 0.038042 0.0304727 0.33377 9.9991E-05 0.102227 0.14186 0.0238446 0.00646125
0.33449 0.0211651 0.192296 0.292569 0.00599934 0.0867543 0.0536404 9.9991E-05 0.0129863
0.490468 0.00661996 0.02791 0.256676 9.9991E-05 0.0439284 0.0559731 0.0733791 0.0449448
0.508129 0.020569 0.0110799 0.287477 9.9982E-05 9.9982E-05 0.0262458 0.0926185 0.0536807
0.206997 9.9973E-05 0.029357 0.261016 9.9973E-05 0.244266 0.163827 0.0942378 9.9973E-05
0.263193 0.0307308 0.129095 0.226699 0.0638551 0.133973 0.0803687 0.0080694 0.0640158
0.326378 0.0511898 0.0717791 0.248811 0.131601 0.107099 0.0104493 0.0472256 0.00546675
0.257316 0.0278979 0.0795956 0.362961 9.9991E-05 0.0772326 0.0803928 0.114046 0.000458563
0.163472 0.0646786 0.0133308 0.239979 0.149619 0.1281 0.112068 0.116571 0.0121822
0.267363 0.0674714 0.111395 0.292688 0.0515964 0.0891718 0.0524487 0.041873 0.0259919
0.547031 0.00427222 0.00674436 0.247161 0.06963 0.119071 9.9982E-05 0.00589062 9.9982E-05
0.265358 0.0474178 0.132654 0.243026 0.0885808 0.19062 0.0321436 9.9982E-05 9.9982E-05
0.383124 0.03558 0.0505967 0.247593 9.9982E-05 0.0788257 0.140762 0.0633192 9.9982E-05
0.590058 9.9982E-05 0.0386459 0.292016 0.0207326 0.0212668 9.9982E-05 0.026052 0.0110282
0.243964 0.0603806 0.0913401 0.236235 9.9991E-05 0.193003 0.153056 0.0162745 0.00564763
0.351055 0.133152 0.0589537 0.189974 9.9973E-05 0.113352 0.153214 9.9973E-05 9.9973E-05
0.565856 9.9982E-05 0.0606298 0.101285 9.9982E-05 0.170381 0.0143454 0.0697866 0.0175154
0.320905 0.1408 9.9991E-05 0.164603 0.0367733 0.124896 0.169569 0.00161182 0.0407426
0.217773 0.0109013 0.120045 0.394744 9.9973E-05 0.201307 0.0549306 9.9973E-05 9.9973E-05
0.41373 0.0436323 0.0429544 0.169581 9.9991E-05 0.178284 0.135185 0.010952 0.00558097
0.388342 9.9991E-05 0.0354531 0.260671 0.0163514 0.116864 0.0840554 0.0329673 0.0651957
0.525098 0.0813898 9.9964E-05 0.213236 9.9964E-05 0.173004 0.00687243 9.9964E-05 9.9964E-05
0.399137 0.00486277 0.0354296 0.272078 9.9991E-05 0.0857205 0.133431 0.00237967 0.0668611
0.364875 9.9973E-05 0.131093 0.18157 9.9973E-05 0.147134 0.125359 9.9973E-05 0.0496683
0.614003 0.0122103 0.0278522 0.21008 9.9982E-05 0.0199661 0.0582871 9.9982E-05 0.0574009
0.450714 9.9982E-05 0.0336055 0.213226 9.9982E-05 0.157742 0.0523819 0.0844638 0.00766641
0.45815 0.0804174 9.9973E-05 0.190263 9.9973E-05 0.135385 0.106772 0.0287126 9.9973E-05
0.615098 0.0829764 9.9982E-05 0.168707 9.9982E-05 0.0772333 0.0166943 0.031822 0.00726881
0.415981 0.0470899 0.00119316 0.335281 9.9982E-05 0.0956115 0.0908438 0.0137992 9.9982E-05
0.641799 9.9973E-05 9.9973E-05 0.12823 9.9973E-05 0.0634234 0.0826748 0.0828203 0.000752552
0.424546 9.9982E-05 9.9982E-05 0.146092 0.0105523 0.193105 0.151621 0.0646043 0.00927895
0.56162 9.9973E-05 9.9973E-05 0.203967 9.9973E-05 0.107819 0.105006 0.0104962 0.0107915
0.496926 9.9964E-05 9.9964E-05 0.137188 9.9964E-05 0.20488 0.110217 0.0503895 9.9964E-05
0.233858 0.0946428 0.0941802 0.316018 0.0462436 0.136997 0.0412138 0.0367461 9.9991E-05
0.426082 0.0777815 0.0104321 0.12692 0.0457987 0.187745 0.0886969 0.0364449 9.9991E-05
0.40956 0.113378 9.9982E-05 0.19302 0.0558053 0.176835 0.0445667 0.00663454 9.9982E-05
0.332824 0.0936261 9.9982E-05 0.15444 0.0859578 0.208145 0.12129 0.00351712 9.9982E-05
0.659073 9.9973E-05 0.0698656 0.0792367 0.00800512 0.153655 0.0298647 9.9973E-05 9.9973E-05
0.523304 0.0144272 0.0506688 0.0853322 0.0599547 0.192728 0.0729299 0.000555279 9.9991E-05
0.272995 0.120686 9.9991E-05 0.103161 0.12843 0.220009 0.131474 0.0197871 0.00335817
0.364771 0.087012 0.0094248 0.103646 0.0711336 0.215126 0.11601 0.0144355 0.0184416
0.569231 0.0929366 9.9973E-05 0.211971 9.9973E-05 0.0670942 0.00330363 0.0551629 9.9973E-05
0.499959 0.0496431 9.9973E-05 0.180955 9.9973E-05 0.130244 0.0698004 0.0690985 9.9973E-05
0.533366 0.00157495 9.9982E-05 0.214773 9.9982E-05 0.0724519 0.0732605 0.0247358 0.0796386
0.53534 0.00696212 9.9973E-05 0.160802 9.9973E-05 0.116533 0.138487 9.9973E-05 0.0415773
0.561232 9.9964E-05 9.9964E-05 0.226022 9.9964E-05 0.0971644 0.0877609 0.027421 9.9964E-05
0.269459 0.0596231 0.0227363 0.26274 9.9991E-05 0.213236 0.122529 0.0186854 0.0308907
0.492184 0.0357988 9.9973E-05 0.255999 0.0320573 0.0766037 9.9973E-05 0.107057 9.9973E-05
0.386107 0.0070984 0.127767 0.159695 9.9991E-05 0.142444 0.0875849 0.0247641 0.0644388
0.487468 0.101538 0.0389852 0.156808 9.9982E-05 0.0271994 0.18302 9.9982E-05 0.00478109
0.458254 0.0833066 0.0193451 0.1883 9.9991E-05 0.0500225 0.158509 0.0374017 0.00476142
0.336366 0.0551239 0.112086 0.162042 9.9991E-05 0.0968799 0.152698 0.0286906 0.0560143
0.398061 9.9973E-05 0.031883 0.337339 9.9973E-05 0.0679273 0.115012 0.0494778 9.9973E-05
0.291875 0.0447201 9.9982E-05 0.333086 9.9982E-05 0.112008 0.156896 0.0589931 0.0022216
0.293508 0.103447 0.0186446 0.141883 0.0299414 0.166128 0.195643 9.9991E-05 0.0507054
0.226228 0.094008 0.017088 0.170084 9.9982E-05 0.256973 0.189051 9.9982E-05 0.0463682
0.324458 0.0757138 0.012174 0.120266 9.9982E-05 0.225944 0.190339 9.9982E-05 0.0509055
0.259704 9.9991E-05 0.0753686 0.281474 0.0800943 0.187754 0.0691671 0.0394128 0.0069251
0.351523 9.9991E-05 0.0500715 0.080287 0.10736 0.135806 0.0529325 0.0865117 0.135408
0.448694 0.0658365 0.0216431 0.192613 0.0308313 0.132214 0.0328459 0.0222086 0.0531131
0.385925 0.075495 9.9991E-05 0.168921 0.0183802 0.148902 0.0790373 0.0833402 0.0398991
0.5793 0.0653916 9.9991E-05 0.158824 0.0661965 0.0539585 0.0230423 0.026816 0.0263714
0.370411 0.0570482 9.9973E-05 0.3616 9.9973E-05 0.126272 0.0318197 0.0525487 9.9973E-05
0.336813 0.0450889 0.151269 0.130095 0.0638003 0.0672118 0.165706 9.9991E-05 0.0399151
0.535981 9.9982E-05 0.0752048 0.138657 9.9982E-05 0.0930973 0.0518605 0.0181069 0.0868929
0.529064 0.183491 9.9982E-05 0.101728 9.9982E-05 0.00730986 0.0712938 0.0707828 0.0361303
0.381579 0.0184695 0.0208234 0.23413 9.9991E-05 0.077252 0.163816 0.0387248 0.0651054
0.648008 9.9982E-05 0.0813879 0.100301 0.0933708 0.0193386 0.0262223 9.9982E-05 0.0311717
0.632947 9.9982E-05 0.102122 0.059786 0.122641 0.0340693 0.0125405 9.9982E-05 0.0356945
0.578684 0.0067337 0.0980509 0.0511773 0.140097 0.0680788 0.0396012 9.9991E-05 0.0174771
0.700031 9.9982E-05 0.0412002 0.0377338 0.0964489 0.0171437 0.0639613 9.9982E-05 0.0432812
0.635046 0.0280276 0.0806839 0.0600055 0.187569 9.9973E-05 9.9973E-05 0.00836777 9.9973E-05
0.637957 9.9982E-05 0.0442639 0.0463993 0.154017 0.0490482 0.0413274 9.9982E-05 0.0267878
0.503333 0.0949759 0.0486986 0.0676334 0.0190804 0.0832899 0.121656 0.061232 9.9991E-05
0.611626 9.9982E-05 0.103054 0.0712725 0.138416 0.0347559 0.0253374 9.9982E-05 0.015338
0.55669 0.131461 9.9973E-05 0.0948305 9.9973E-05 0.0784781 0.0867589 0.051481 9.9973E-05
0.655994 0.0358237 9.9973E-05 0.104347 0.0899157 0.0826695 9.9973E-05 0.0309506 9.9973E-05
0.494123 0.180885 9.9973E-05 0.0589048 9.9973E-05 0.0979067 0.0864172 0.0814632 9.9973E-05
0.44594 0.169559 9.9973E-05 0.0544851 9.9973E-05 0.107604 0.131214 0.0908988 9.9973E-05
0.69578 0.0154769 0.00323917 0.164063 0.0670875 0.019052 0.0351015 9.9982E-05 9.9982E-05
0.672326 0.0875359 9.9982E-05 0.0663828 0.00919243 0.059257 0.0508361 0.0542701 9.9982E-05
0.485938 0.0845258 0.0462561 0.144259 0.0771981 0.0580716 0.0561972 0.047454 9.9991E-05
0.531454 0.0788033 0.0567679 0.0992379 0.0887855 0.0226846 0.0597125 0.0624544 9.9991E-05
0.526714 0.145637 0.0287441 0.0343734 0.0833891 0.0730207 0.02892 0.0791015 9.9991E-05
0.747934 0.0222552 9.9982E-05 0.113201 0.0231479 0.0511208 0.0313835 0.0107583 9.9982E-05
0.825988 9.9955E-05 9.9955E-05 0.107088 9.9955E-05 0.0552994 0.0111247 9.9955E-05 9.9955E-05
0.720801 0.037339 9.9964E-05 0.132907 9.9964E-05 0.0618759 0.0466778 9.9964E-05 9.9964E-05
0.669009 0.117284 0.0368357 0.0961172 0.015156 0.0356506 9.9982E-05 0.0297474 9.9982E-05
0.679506 0.110173 0.0120623 0.0382279 0.0462575 0.0770246 0.0344719 9.9991E-05 0.00217616
0.723669 0.0828873 0.00667069 0.0543391 0.0345047 0.0391855 0.0515091 9.9991E-05 0.00713504
0.74467 0.0620538 0.0280748 0.00664163 0.00259874 0.020701 0.0779249 0.0040997 0.0532351
0.749688 0.0674714 0.0412588 9.9982E-05 0.0186746 0.0315462 0.0736405 9.9982E-05 0.0175207
0.778108 0.064748 0.00315307 0.0190499 0.0287138 0.0465057 0.0595213 9.9982E-05 9.9982E-05
0.416785 0.0511974 0.147011 0.299131 9.9982E-05 0.0422286 9.9982E-05 0.0175004 0.0259472
0.69012 9.9964E-05 9.9964E-05 0.175449 0.00595527 0.106899 9.9964E-05 0.0211764 9.9964E-05
0.697473 0.0121673 0.0376153 0.0597324 0.00191023 0.102123 9.9991E-05 0.0423942 0.0464843
0.616405 0.0425935 0.0277012 0.0538324 0.067428 0.0175211 0.0858596 0.0765059 0.012153
0.686347 0.0913717 0.0392764 0.0766844 0.0738542 0.00483096 0.0250174 9.9991E-05 0.00251777
0.701457 0.0859349 0.018058 0.0328115 0.0787285 0.0423588 0.0404511 9.9982E-05 9.9982E-05
0.543201 0.00679648 0.0656197 0.28401 0.0649466 0.0196009 9.9991E-05 0.00356075 0.0121646
0.582764 9.9955E-05 0.125348 0.200453 9.9955E-05 0.0909349 9.9955E-05 9.9955E-05 9.9955E-05
0.634323 9.9973E-05 0.0533158 0.197418 9.9973E-05 0.0736891 0.0398149 0.00113875 9.9973E-05
0.586078 0.109178 0.0745283 0.0576477 0.0461689 0.0404616 0.0367895 0.0138691 0.0352788
0.417035 0.0784547 0.105786 0.0883945 0.0569555 0.0607206 0.0663482 0.115917 0.0103879
0.52118 0.0202602 0.0763326 0.110221 0.0419314 0.0554513 0.0694168 0.0800432 0.0251631
0.774022 9.9973E-05 9.9973E-05 0.0785628 0.0170213 0.0388903 0.0689743 0.0222294 9.9973E-05
0.681367 0.0595095 0.0451122 0.0540618 0.0120782 0.0830149 0.020765 0.0439918 9.9991E-05
0.744905 0.048014 9.9991E-05 0.0134219 0.00515358 0.088746 0.0774237 0.0192714 0.00296398
0.724462 0.0489515 0.106739 9.9964E-05 0.113418 0.00602963 9.9964E-05 9.9964E-05 9.9964E-05
0.732468 0.0371287 0.0437888 0.0693435 0.0963903 0.0205811 9.9973E-05 9.9973E-05 9.9973E-05
0.820415 0.0543732 9.9964E-05 0.0760784 0.0370662 0.0116676 9.9964E-05 9.9964E-05 9.9964E-05
0.866253 0.00874275 0.0630961 0.050627 0.00875677 0.00222468 9.9973E-05 9.9973E-05 9.9973E-05
0.824605 0.0110884 0.0651801 0.079882 0.0188445 9.9964E-05 9.9964E-05 9.9964E-05 9.9964E-05
0.8486 0.047108 0.0300657 0.0193273 0.016281 0.0383177 9.9973E-05 9.9973E-05 9.9973E-05
0.743891 0.00490679 0.0309219 0.0157475 9.9991E-05 0.0844217 0.0849154 0.0206893 0.0144065
0.798137 0.0272799 0.0421676 0.0623093 0.0565188 9.9973E-05 9.9973E-05 0.0132874 9.9973E-05
0.828852 0.0505679 0.0438104 0.0442302 0.0321392 9.9964E-05 9.9964E-05 9.9964E-05 9.9964E-05
0.862549 0.0148072 0.0435446 0.0311743 0.0440383 0.00358659 9.9973E-05 9.9973E-05 9.9973E-05
0.750269 9.9964E-05 0.084928 0.0377189 9.9964E-05 0.12055 0.00613407 9.9964E-05 9.9964E-05
0.775482 9.9955E-05 0.0472918 0.100636 9.9955E-05 0.0760903 9.9955E-05 9.9955E-05 9.9955E-05
0.759766 9.9955E-05 0.0933461 0.084491 9.9955E-05 0.0618969 9.9955E-05 9.9955E-05 9.9955E-05
0.700054 9.9955E-05 0.0587302 0.162817 9.9955E-05 0.077899 9.9955E-05 9.9955E-05 9.9955E-05
0.69381 9.9955E-05 0.128686 0.0881571 9.9955E-05 0.0888469 9.9955E-05 9.9955E-05 9.9955E-05
0.683364 9.9955E-05 0.15049 0.0780481 9.9955E-05 0.0875984 9.9955E-05 9.9955E-05 9.9955E-05
0.756829 0.018409 0.0921829 0.0659626 9.9964E-05 0.066217 9.9964E-05 9.9964E-05 9.9964E-05
0.789535 9.9982E-05 0.0432667 0.0386182 0.0148751 9.9982E-05 0.0861522 0.0185546 0.0087979
0.825553 9.9955E-05 9.9955E-05 9.9955E-05 9.9955E-05 0.0122916 0.11164 0.0500155 9.9955E-05
0.769348 9.9973E-05 0.0424015 9.9973E-05 0.0053559 9.9973E-05 0.0819253 0.093378 0.00729111
0.745658 0.0517135 0.0355316 9.9973E-05 0.00343633 9.9973E-05 0.121614 0.0417462 9.9973E-05
0.703761 0.00541683 0.076428 9.9973E-05 0.0242111 9.9973E-05 0.133019 0.0568645 9.9973E-05
0.817396 9.9955E-05 9.9955E-05 9.9955E-05 0.0011119 9.9955E-05 0.112851 0.0681417 9.9955E-05
0.880305 9.9955E-05 9.9955E-05 9.9955E-05 0.0800463 9.9955E-05 0.0379262 0.00122281 9.9955E-05
0.472958 0.0441298 0.233898 0.014688 9.9982E-05 0.0581428 0.148714 0.0272691 9.9982E-05
0.486956 0.0352422 0.196437 0.0619893 0.0273804 0.0458717 0.0740554 0.0706138 0.00145386
0.540918 0.023779 0.156421 0.0489056 9.9982E-05 0.0657717 0.126017 0.0379877 9.9982E-05
0.813863 0.132361 9.9982E-05 0.0150421 0.00942316 0.00682916 0.00643004 0.0158516 9.9982E-05
0.743866 0.0224608 0.023908 9.9973E-05 9.9973E-05 9.9973E-05 0.100426 0.0875046 0.0215351
0.751194 0.00824849 0.0115652 9.9982E-05 0.0732707 9.9982E-05 0.0750887 0.0637253 0.0167077
0.626734 0.0102843 0.0364275 0.0161059 0.0909627 0.0416913 0.0817841 0.0722971 0.0237133
0.810757 0.0883467 9.9982E-05 0.0239167 0.0135468 0.00540554 0.0398515 0.0179753 9.9982E-05
0.801385 0.102018 9.9964E-05 0.060956 9.9964E-05 0.0169985 0.0182417 9.9964E-05 9.9964E-05
0.769067 0.0407001 9.9964E-05 9.9964E-05 0.0177939 9.9964E-05 0.0890892 0.0829503 9.9964E-05
0.823413 9.9955E-05 9.9955E-05 9.9955E-05 0.0224854 9.9955E-05 0.106291 0.0473101 9.9955E-05
9.993E-05 9.993E-05 9.993E-05 9.993E-05 9.993E-05 9.993E-05 9.993E-05 0.999201 9.993E-05
9.993E-05 9.993E-05 9.993E-05 9.993E-05 9.993E-05 9.993E-05 9.993E-05 0.999201 9.993E-05
9.9946E-05 0.00537762 9.9946E-05 9.9946E-05 0.0108662 9.9946E-05 9.9946E-05 0.983156 9.9946E-05
9.993E-05 9.993E-05 9.993E-05 9.993E-05 9.993E-05 9.993E-05 9.993E-05 0.999201 9.993E-05
9.9946E-05 9.9946E-05 0.0132138 9.9946E-05 0.0195709 9.9946E-05 9.9946E-05 0.966616 9.9946E-05
9.993E-05 9.993E-05 9.993E-05 9.993E-05 9.993E-05 9.993E-05 9.993E-05 0.999201 9.993E-05
9.9946E-05 9.9946E-05 0.0233979 9.9946E-05 0.00965553 9.9946E-05 9.9946E-05 0.966347 9.9946E-05
9.9946E-05 9.9946E-05 0.00640463 9.9946E-05 9.9946E-05 9.9946E-05 0.00681268 0.986183 9.9946E-05
0.491025 0.0244254 0.112472 0.107024 0.0515654 0.0734921 0.073164 0.0344318 0.0324001
0.47624 0.0181991 0.140781 0.0655339 0.0741664 0.0588825 0.0578186 0.0728043 0.0355737
9.9937E-05 9.9937E-05 9.9937E-05 9.9937E-05 9.9937E-05 9.9937E-05 0.0205389 0.978762 9.9937E-05
0.00232913 0.0541726 0.0645499 0.114254 0.0445588 0.0339683 0.0157433 0.666896 0.00352762
9.993E-05 9.993E-05 9.993E-05 9.993E-05 9.993E-05 9.993E-05 9.993E-05 0.999201 9.993E-05
9.993E-05 9.993E-05 9.993E-05 9.993E-05 9.993E-05 9.993E-05 9.993E-05 0.999201 9.993E-05
0.000253084 9.9946E-05 0.00399787 9.9946E-05 9.9946E-05 9.9946E-05 9.9946E-05 0.995149 9.9946E-05
9.993E-05 9.993E-05 9.993E-05 9.993E-05 9.993E-05 9.993E-05 9.993E-05 0.999201 9.993E-05
9.9937E-05 9.9937E-05 9.9937E-05 9.9937E-05 9.9937E-05 9.9937E-05 9.9937E-05 0.997211 0.00208897
0.711555 0.0850431 9.9982E-05 0.0130753 9.9982E-05 0.0679136 0.071327 0.0302743 0.0206114
0.702446 0.0707325 9.9991E-05 0.0236753 0.0576859 0.0758021 0.0248642 0.0400729 0.0046214
0.755468 0.0951163 0.0233812 9.9982E-05 9.9982E-05 0.038224 0.0446135 0.01793 0.0250673
0.773838 0.10601 9.9973E-05 0.00681643 9.9973E-05 0.070483 0.0380347 9.9973E-05 0.0045179
0.573452 0.162895 9.9982E-05 0.0505735 0.137092 0.0556963 9.9982E-05 0.00680413 0.0132874
0.801217 0.0584948 9.9982E-05 0.0167158 9.9982E-05 0.0583006 0.0511745 0.0007238 0.0131737
0.652546 0.0979056 0.0486805 0.0170809 0.065791 0.0421785 0.0385407 0.00247026 0.0348064
0.731193 0.0515972 0.0630715 0.0461938 9.9991E-05 0.0491411 0.0313131 0.0180956 0.0092947
0.649563 0.108217 9.9973E-05 0.120569 9.9973E-05 0.0268477 0.0294136 0.0650899 9.9973E-05
0.999201 9.993E-05 9.993E-05 9.993E-05 9.993E-05 9.993E-05 9.993E-05 9.993E-05 9.993E-05
0.999201 9.993E-05 9.993E-05 9.993E-05 9.993E-05 9.993E-05 9.993E-05 9.993E-05 9.993E-05
0.999201 9.993E-05 9.993E-05 9.993E-05 9.993E-05 9.993E-05 9.993E-05 9.993E-05 9.993E-05
0.999201 9.993E-05 9.993E-05 9.993E-05 9.993E-05 9.993E-05 9.993E-05 9.993E-05 9.993E-05
0.999201 9.993E-05 9.993E-05 9.993E-05 9.993E-05 9.993E-05 9.993E-05 9.993E-05 9.993E-05
0.992585 9.9937E-05 9.9937E-05 9.9937E-05 0.00671546 9.9937E-05 9.9937E-05 9.9937E-05 9.9937E-05
0.977272 9.9937E-05 9.9937E-05 9.9937E-05 0.0220288 9.9937E-05 9.9937E-05 9.9937E-05 9.9937E-05
0.999201 9.993E-05 9.993E-05 9.993E-05 9.993E-05 9.993E-05 9.993E-05 9.993E-05 9.993E-05
0.999201 9.993E-05 9.993E-05 9.993E-05 9.993E-05 9.993E-05 9.993E-05 9.993E-05 9.993E-05
0.999201 9.993E-05 9.993E-05 9.993E-05 9.993E-05 9.993E-05 9.993E-05 9.993E-05 9.993E-05
0.999201 9.993E-05 9.993E-05 9.993E-05 9.993E-05 9.993E-05 9.993E-05 9.993E-05 9.993E-05
0.999201 9.993E-05 9.993E-05 9.993E-05 9.993E-05 9.993E-05 9.993E-05 9.993E-05 9.993E-05
0.999201 9.993E-05 9.993E-05 9.993E-05 9.993E-05 9.993E-05 9.993E-05 9.993E-05 9.993E-05
0.999201 9.993E-05 9.993E-05 9.993E-05 9.993E-05 9.993E-05 9.993E-05 9.993E-05 9.993E-05
0.999201 9.993E-05 9.993E-05 9.993E-05 9.993E-05 9.993E-05 9.993E-05 9.993E-05 9.993E-05
0.993756 9.9937E-05 9.9937E-05 9.9937E-05 0.00554487 9.9937E-05 9.9937E-05 9.9937E-05 9.9937E-05
0.999201 9.993E-05 9.993E-05 9.993E-05 9.993E-05 9.993E-05 9.993E-05 9.993E-05 9.993E-05
0.999201 9.993E-05 9.993E-05 9.993E-05 9.993E-05 9.993E-05 9.993E-05 9.993E-05 9.993E-05
0.999201 9.993E-05 9.993E-05 9.993E-05 9.993E-05 9.993E-05 9.993E-05 9.993E-05 9.993E-05
0.999201 9.993E-05 9.993E-05 9.993E-05 9.993E-05 9.993E-05 9.993E-05 9.993E-05 9.993E-05
0.678737 0.00639281 0.0705124 0.142657 9.9973E-05 0.0763658 0.0250357 9.9973E-05 9.9973E-05
0.67858 0.0290099 0.0205998 0.0793796 9.9982E-05 9.9982E-05 0.113589 0.0251135 0.0535283
0.627079 9.9982E-05 0.0754421 0.08558 9.9982E-05 0.0514747 0.0966696 0.0376605 0.0258941
0.714924 9.9982E-05 9.9982E-05 0.105377 0.0466114 0.0861768 0.00159964 0.0295189 0.0155924
0.747817 9.9973E-05 9.9973E-05 0.0384137 9.9973E-05 0.055293 0.0486895 0.0609345 0.048552
0.671951 0.0256584 0.116813 9.9991E-05 0.0241509 0.0319979 0.0729991 0.0342965 0.0220331
0.655859 0.0387482 0.0713058 0.123462 9.9973E-05 0.0815349 0.0287903 9.9973E-05 9.9973E-05
0.624188 0.0705205 0.0396491 0.0411771 0.0402602 0.0430783 0.113271 0.0151195 0.0127367
0.688946 0.0272569 0.04088 0.132347 9.9973E-05 0.0787198 0.0315508 9.9973E-05 9.9973E-05
0.740452 9.9973E-05 9.9973E-05 0.105448 9.9973E-05 0.0355154 0.0357289 0.0691175 0.0134378
0.747279 9.9982E-05 9.9982E-05 0.101538 0.0161564 0.0626777 0.0237337 0.0403346 0.00808067
0.731976 0.0481654 0.0428588 0.0283706 0.00787301 0.031232 0.0747974 9.9991E-05 0.0346266
0.715404 9.9982E-05 9.9982E-05 0.0654446 0.055489 0.0867933 0.00295773 0.0462367 0.0274743
0.755671 9.9973E-05 0.0576181 0.124666 9.9973E-05 0.0586247 0.00253302 0.000587204 9.9973E-05
0.700199 0.0746579 0.0857216 9.9991E-05 0.0464453 0.0112139 0.0569336 0.00460103 0.0201279
0.724133 0.0565351 0.0866695 9.9982E-05 0.0345987 0.00387196 0.0741455 9.9982E-05 0.0198458
0.61257 0.00845748 0.0669942 0.0859351 9.9991E-05 0.0118371 0.141043 0.0034176 0.0696463
0.734509 9.9973E-05 0.0063642 0.114546 0.0431494 0.0456693 9.9973E-05 0.0554616 9.9973E-05
0.575818 0.00240045 0.0885808 0.106878 9.9991E-05 0.0508803 0.113368 0.0373122 0.0246625
0.6653 0.106578 0.060873 0.0933904 0.0321248 0.0199047 0.00209188 0.000367531 0.0193693
0.406428 0.0516586 9.9964E-05 9.9964E-05 0.465566 9.9964E-05 9.9964E-05 0.0564721 0.0194758
0.461439 0.0765101 9.9973E-05 0.00178077 0.373681 9.9973E-05 9.9973E-05 0.0331954 0.0530942
0.301408 0.110756 9.9973E-05 0.0555168 0.42229 9.9973E-05 9.9973E-05 0.099945 0.00978332
0.446963 0.0644241 9.9964E-05 9.9964E-05 0.439851 9.9964E-05 9.9964E-05 0.0347984 0.0135634
0.429691 0.0704468 9.9964E-05 9.9964E-05 0.42348 9.9964E-05 9.9964E-05 0.0678188 0.00816359
0.37891 0.0783062 9.9964E-05 9.9964E-05 0.470748 9.9964E-05 9.9964E-05 0.0582127 0.0134236
0.409557 0.079075 9.9964E-05 9.9964E-05 0.447914 9.9964E-05 9.9964E-05 0.0537744 0.00927962
0.340135 0.178931 9.9982E-05 0.0734081 0.35979 0.0101072 9.9982E-05 0.015427 0.0220011
0.408505 0.117445 9.9955E-05 9.9955E-05 0.463177 9.9955E-05 9.9955E-05 9.9955E-05 0.0103733
0.471851 0.083178 9.9955E-05 9.9955E-05 0.410136 9.9955E-05 9.9955E-05 0.0343352 9.9955E-05
0.419408 0.0688581 9.9964E-05 9.9964E-05 0.462401 9.9964E-05 9.9964E-05 0.039348 0.00958501
0.665218 0.059203 0.0679161 0.0141745 0.0313163 0.0241744 0.0856027 0.0186184 0.0337767
0.362019 0.126499 9.9964E-05 9.9964E-05 0.426593 9.9964E-05 9.9964E-05 0.0548165 0.0296727
0.407785 0.023851 9.9964E-05 9.9964E-05 0.45826 9.9964E-05 9.9964E-05 0.0891274 0.020577
0.464188 0.0840392 9.9964E-05 9.9964E-05 0.387904 9.9964E-05 9.9964E-05 0.0452609 0.0182081
0.836139 0.0291692 0.064807 9.9955E-05 9.9955E-05 9.9955E-05 0.0693852 9.9955E-05 9.9955E-05
0.770459 0.0199728 0.120553 9.9955E-05 9.9955E-05 9.9955E-05 0.0885154 9.9955E-05 9.9955E-05
0.81624 9.9946E-05 0.0842635 9.9946E-05 9.9946E-05 9.9946E-05 0.0988967 9.9946E-05 9.9946E-05
0.812637 0.0123423 0.0774393 9.9955E-05 9.9955E-05 9.9955E-05 0.0970812 9.9955E-05 9.9955E-05
0.839266 0.0211279 0.0574579 9.9955E-05 9.9955E-05 9.9955E-05 0.0816484 9.9955E-05 9.9955E-05
0.875029 9.9946E-05 9.9946E-05 9.9946E-05 9.9946E-05 0.0702158 9.9946E-05 0.0541556 9.9946E-05
0.863137 9.9955E-05 9.9955E-05 9.9955E-05 9.9955E-05 0.0606422 0.00268887 0.073032 9.9955E-05
0.891052 9.9955E-05 9.9955E-05 9.9955E-05 9.9955E-05 0.0530972 0.00226603 0.0530846 9.9955E-05
0.786417 0.000719356 9.9973E-05 9.9973E-05 0.0225394 0.0645934 0.0369997 0.0884312 9.9973E-05
0.877176 0.0080235 9.9955E-05 9.9955E-05 9.9955E-05 0.0588513 9.9955E-05 0.0554496 9.9955E-05
0.817697 9.9955E-05 9.9955E-05 9.9955E-05 9.9955E-05 0.100667 0.00311901 0.0780175 9.9955E-05
0.870667 9.9955E-05 9.9955E-05 9.9955E-05 0.017568 0.0681087 9.9955E-05 0.0431561 9.9955E-05
0.867862 9.9946E-05 9.9946E-05 9.9946E-05 9.9946E-05 0.054922 9.9946E-05 0.0766168 9.9946E-05
0.872862 9.9955E-05 9.9955E-05 9.9955E-05 9.9955E-05 0.0683583 0.00649664 0.0517829 9.9955E-05
0.898001 9.9964E-05 9.9964E-05 9.9964E-05 0.00258324 0.0694952 0.00821544 0.0213054 9.9964E-05
0.896708 9.9955E-05 9.9955E-05 9.9955E-05 9.9955E-05 0.0334798 0.021859 0.0474538 9.9955E-05
0.897954 9.9955E-05 9.9955E-05 9.9955E-05 9.9955E-05 0.0452753 0.0146263 0.0416444 9.9955E-05
0.860106 0.0138588 9.9964E-05 9.9964E-05 9.9964E-05 0.0750132 0.00555211 0.0450705 9.9964E-05
0.843354 9.9955E-05 9.9955E-05 9.9955E-05 9.9955E-05 0.0550844 0.016776 0.0842861 9.9955E-05
0.863249 9.9955E-05 9.9955E-05 9.9955E-05 9.9955E-05 0.0517992 0.0109414 0.0735106 9.9955E-05
0.895358 9.9946E-05 0.0861591 9.9946E-05 0.0178834 9.9946E-05 9.9946E-05 9.9946E-05 9.9946E-05
0.959384 0.00219261 0.0355531 9.9955E-05 0.00237037 9.9955E-05 9.9955E-05 9.9955E-05 9.9955E-05
0.822014 9.9964E-05 0.0785051 9.9964E-05 0.0359705 0.0103262 0.0527845 9.9964E-05 9.9964E-05
0.763605 9.9973E-05 0.0805968 9.9973E-05 0.0750774 0.0206343 0.0370876 0.0226988 9.9973E-05
0.741008 0.0467514 0.126626 0.033055 9.9982E-05 9.9982E-05 0.0153953 0.0320077 0.00495736
0.855271 9.9964E-05 0.0149092 9.9964E-05 0.0250819 0.0155668 0.0887714 9.9964E-05 9.9964E-05
0.701847 0.0114244 0.110568 9.9955E-05 0.175661 9.9955E-05 9.9955E-05 9.9955E-05 9.9955E-05
0.700671 9.9964E-05 0.0691795 9.9964E-05 0.191201 9.9964E-05 0.0297304 9.9964E-05 0.00881856
0.810785 9.9982E-05 0.079344 0.021243 9.9982E-05 0.00255417 0.0542801 0.0278717 0.00372192
0.690369 0.066565 0.0667771 9.9973E-05 0.128609 9.9973E-05 9.9973E-05 0.0310961 0.0162839
0.86159 0.0350379 9.9955E-05 9.9955E-05 0.0659402 9.9955E-05 9.9955E-05 0.0369323 9.9955E-05
0.879056 0.00370236 0.0400199 9.9982E-05 0.0283106 0.00725429 0.0347615 0.00669493 9.9982E-05
0.755347 9.9973E-05 0.0932517 9.9973E-05 0.0783876 0.0396919 9.9973E-05 0.0228955 0.0101268
0.697039 9.9973E-05 0.0708146 9.9973E-05 0.0600251 0.107386 0.0444556 0.0199797 9.9973E-05
0.735059 9.9964E-05 0.15191 9.9964E-05 0.041881 0.058835 0.0119148 9.9964E-05 9.9964E-05
0.681781 0.0919059 9.9964E-05 0.0074063 0.116556 9.9964E-05 0.101951 9.9964E-05 9.9964E-05
0.950526 9.9946E-05 0.0375242 9.9946E-05 9.9946E-05 0.0113499 9.9946E-05 9.9946E-05 9.9946E-05
0.628527 0.0488084 0.165644 9.9982E-05 0.0690622 0.020165 0.0574598 9.9982E-05 0.0101339
