0.0198304 9.9937E-05 0.230878 9.9937E-05 0.485722 9.9937E-05 9.9937E-05 0.0907449 9.9937E-05 0.0101183 0.0190838 9.9937E-05 0.0255141 9.9937E-05 0.0515724 0.0658362
0.0160797 9.9928E-05 0.254929 9.9928E-05 0.538641 0.0309424 9.9928E-05 0.063133 9.9928E-05 0.0231042 9.9928E-05 0.0210286 9.9928E-05 9.9928E-05 0.0513432 9.9928E-05
9.9946E-05 0.0414015 0.0284032 9.9946E-05 0.6335 9.9946E-05 0.00898429 0.0510564 0.0519501 9.9946E-05 0.0539039 9.9946E-05 0.055123 0.061278 9.9946E-05 0.0138004
9.98831E-05 9.98831E-05 9.98831E-05 9.98831E-05 0.979262 9.98831E-05 9.98831E-05 9.98831E-05 9.98831E-05 0.0169543 0.00248552 9.98831E-05 9.98831E-05 9.98831E-05 9.98831E-05 9.98831E-05
9.9955E-05 0.0553386 0.142412 0.00826533 0.524314 0.0190268 0.0178371 9.9955E-05 0.0402429 9.9955E-05 9.9955E-05 0.0188082 0.0271448 0.00255664 9.9955E-05 0.143554
9.98831E-05 9.98831E-05 0.00151372 9.98831E-05 0.98603 9.98831E-05 9.98831E-05 9.98831E-05 0.0111574 9.98831E-05 9.98831E-05 9.98831E-05 9.98831E-05 9.98831E-05 9.98831E-05 9.98831E-05
9.98652E-05 9.98652E-05 9.98652E-05 9.98652E-05 0.998502 9.98652E-05 9.98652E-05 9.98652E-05 9.98652E-05 9.98652E-05 9.98652E-05 9.98652E-05 9.98652E-05 9.98652E-05 9.98652E-05 9.98652E-05
0.0221307 0.104542 0.029322 0.0199498 0.400409 0.02781 0.0593519 0.0311715 9.9955E-05 9.9955E-05 9.9955E-05 9.9955E-05 0.0317823 9.9955E-05 0.0983489 0.174682
9.9919E-05 9.9919E-05 0.23985 9.9919E-05 0.61821 9.9919E-05 9.9919E-05 9.9919E-05 0.0164024 0.00224556 9.9919E-05 0.0577162 9.9919E-05 9.9919E-05 0.0284941 0.0361828
0.0557075 9.9937E-05 0.157151 9.9937E-05 0.429121 9.9937E-05 9.9937E-05 0.00623579 9.9937E-05 0.0337915 0.0420555 0.0137839 0.042953 9.9937E-05 9.9937E-05 0.218501
9.9937E-05 0.00963603 9.9937E-05 0.0186544 0.753821 0.00675398 9.9937E-05 0.0423317 9.9937E-05 0.0237932 9.9937E-05 0.0849255 0.0546097 9.9937E-05 0.00477534 9.9937E-05
9.99191E-05 9.99191E-05 0.162471 0.00756195 0.621951 9.99191E-05 9.99191E-05 9.99191E-05 0.0140786 9.99191E-05 9.99191E-05 0.045528 0.00267864 9.99191E-05 9.99191E-05 0.144832
9.98921E-05 9.98921E-05 9.98921E-05 9.98921E-05 0.956918 0.00886804 9.98921E-05 0.0157914 9.98921E-05 9.98921E-05 0.0172238 9.98921E-05 9.98921E-05 9.98921E-05 9.98921E-05 9.98921E-05
9.98741E-05 9.98741E-05 9.98741E-05 9.98741E-05 0.996837 9.98741E-05 0.00176524 9.98741E-05 9.98741E-05 9.98741E-05 9.98741E-05 9.98741E-05 9.98741E-05 9.98741E-05 9.98741E-05 9.98741E-05
9.98741E-05 9.98741E-05 9.98741E-05 9.98741E-05 0.98228 9.98741E-05 0.0163214 9.98741E-05 9.98741E-05 9.98741E-05 9.98741E-05 9.98741E-05 9.98741E-05 9.98741E-05 9.98741E-05 9.98741E-05
9.98831E-05 9.98831E-05 9.98831E-05 9.98831E-05 0.939397 9.98831E-05 9.98831E-05 9.98831E-05 0.0322799 9.98831E-05 9.98831E-05 9.98831E-05 9.98831E-05 9.98831E-05 0.0270246 9.98831E-05
9.9937E-05 0.0866011 0.0266128 9.9937E-05 0.622235 0.0197383 9.9937E-05 9.9937E-05 9.9937E-05 9.9937E-05 0.137283 9.9937E-05 0.0153163 0.00184442 0.0142295 0.0754397
9.9946E-05 0.0727791 0.00619918 9.9946E-05 0.654465 0.0123678 0.00103933 9.9946E-05 9.9946E-05 9.9946E-05 0.118487 9.9946E-05 0.0254747 0.0299556 0.0234379 0.055195
9.9928E-05 0.0141261 9.9928E-05 9.9928E-05 0.708917 9.9928E-05 0.0229598 9.9928E-05 9.9928E-05 9.9928E-05 0.0731747 9.9928E-05 0.00160817 0.0136506 0.0132221 0.151542
9.98652E-05 9.98652E-05 9.98652E-05 9.98652E-05 9.98652E-05 9.98652E-05 9.98652E-05 9.98652E-05 9.98652E-05 9.98652E-05 9.98652E-05 9.98652E-05 0.998502 9.98652E-05 9.98652E-05 9.98652E-05
9.9928E-05 9.9928E-05 0.490908 9.9928E-05 0.0875055 0.00377384 9.9928E-05 0.0406389 9.9928E-05 0.0158863 9.9928E-05 9.9928E-05 0.25491 0.0749488 0.0306294 9.9928E-05
9.99281E-05 9.99281E-05 0.475271 9.99281E-05 0.0843011 0.0113586 9.99281E-05 0.0516344 9.99281E-05 0.071095 9.99281E-05 0.0333287 0.225949 9.99281E-05 0.0462619 9.99281E-05
9.99191E-05 0.200814 0.329018 9.99191E-05 0.194313 0.0345918 9.99191E-05 9.99191E-05 0.0228012 9.99191E-05 9.99191E-05 9.99191E-05 0.194253 0.0233102 9.99191E-05 9.99191E-05
0.0526984 0.112186 0.31566 9.9946E-05 0.185028 9.9946E-05 0.00144461 0.0331778 9.9946E-05 9.9946E-05 0.00999783 9.9946E-05 0.139255 0.0858677 0.0640851 9.9946E-05
0.0179051 0.00802356 0.481611 9.9955E-05 0.126627 9.9955E-05 0.0397621 9.9955E-05 0.0256788 0.00511143 9.9955E-05 9.9955E-05 0.115609 0.0525836 0.000689827 0.125899
0.00237749 9.99011E-05 0.472081 9.99011E-05 0.202694 9.99011E-05 0.0560412 9.99011E-05 9.99011E-05 9.99011E-05 9.99011E-05 9.99011E-05 0.265707 9.99011E-05 9.99011E-05 9.99011E-05
9.99191E-05 9.99191E-05 0.552487 9.99191E-05 0.0439369 0.049236 0.0182532 9.99191E-05 9.99191E-05 9.99191E-05 9.99191E-05 0.0292902 0.256776 9.99191E-05 0.0491213 9.99191E-05
0.0140644 0.0104901 0.424374 9.9964E-05 0.17894 0.0109711 9.9964E-05 0.00969323 9.9964E-05 0.0473464 0.0243599 9.9964E-05 0.148584 0.10398 0.0103637 0.0164336
9.994E-05 9.994E-05 0.484951 9.994E-05 0.209268 0.00408686 9.994E-05 0.0399473 9.994E-05 0.0154135 0.0198012 0.0228194 0.15782 0.0435458 9.994E-05 0.00174605
9.98652E-05 9.98652E-05 9.98652E-05 9.98652E-05 9.98652E-05 9.98652E-05 9.98652E-05 9.98652E-05 9.98652E-05 9.98652E-05 9.98652E-05 9.98652E-05 0.998502 9.98652E-05 9.98652E-05 9.98652E-05
9.98844E-05 9.98844E-05 9.98844E-05 9.98844E-05 9.98844E-05 9.98844E-05 9.98844E-05 9.98844E-05 9.98844E-05 9.98844E-05 0.00715892 9.98844E-05 0.984544 9.98844E-05 9.98844E-05 0.00699841
9.98741E-05 9.98741E-05 9.98741E-05 9.98741E-05 0.00955815 9.98741E-05 9.98741E-05 9.98741E-05 9.98741E-05 9.98741E-05 9.98741E-05 9.98741E-05 0.989044 9.98741E-05 9.98741E-05 9.98741E-05
9.98652E-05 9.98652E-05 9.98652E-05 9.98652E-05 9.98652E-05 9.98652E-05 9.98652E-05 9.98652E-05 9.98652E-05 9.98652E-05 9.98652E-05 9.98652E-05 0.998502 9.98652E-05 9.98652E-05 9.98652E-05
0.0202928 9.99011E-05 0.0251106 9.99011E-05 9.99011E-05 9.99011E-05 0.00229472 9.99011E-05 9.99011E-05 9.99011E-05 9.99011E-05 0.0422997 0.908903 9.99011E-05 9.99011E-05 9.99011E-05
9.98831E-05 0.034333 9.98831E-05 9.98831E-05 9.98831E-05 9.98831E-05 9.98831E-05 0.00984414 9.98831E-05 9.98831E-05 9.98831E-05 9.98831E-05 0.954524 9.98831E-05 9.98831E-05 9.98831E-05
0.0661111 0.199388 0.456096 0.0118825 0.0139957 9.9946E-05 0.00284747 0.0300039 9.9946E-05 9.9946E-05 0.0291457 9.9946E-05 0.162596 9.9946E-05 9.9946E-05 0.0273336
0.0466258 0.0175096 0.241641 9.9964E-05 0.124236 0.149267 0.0261913 0.00827239 0.0745893 0.0222722 0.0648775 9.9964E-05 0.186287 0.037831 9.9964E-05 9.9964E-05
9.99191E-05 0.192761 0.325047 9.99191E-05 0.206727 0.0894426 0.0117377 9.99191E-05 9.99191E-05 9.99191E-05 9.99191E-05 9.99191E-05 0.146395 0.0269897 9.99191E-05 9.99191E-05
9.99011E-05 9.99011E-05 0.835563 9.99011E-05 0.05693 9.99011E-05 0.0218906 9.99011E-05 0.0740623 9.99011E-05 0.0104555 9.99011E-05 9.99011E-05 9.99011E-05 9.99011E-05 9.99011E-05
0.0273457 0.00725653 0.596147 9.9946E-05 0.164024 9.9946E-05 0.0815833 0.00555974 0.0242864 9.9946E-05 9.9946E-05 0.0649419 0.00152938 0.0267266 9.9946E-05 9.9946E-05
0.00630897 9.99281E-05 0.765965 9.99281E-05 0.0811972 9.99281E-05 0.100909 0.000801275 0.0246985 9.99281E-05 9.99281E-05 9.99281E-05 0.0170917 0.0022299 9.99281E-05 9.99281E-05
0.0043069 9.99281E-05 0.576875 0.0153621 0.178158 0.110449 9.99281E-05 9.99281E-05 9.99281E-05 9.99281E-05 0.04695 0.00365857 0.0634412 9.99281E-05 9.99281E-05 9.99281E-05
0.00857618 0.0103856 0.668325 9.9946E-05 0.0800521 0.0612377 0.0410327 0.052465 0.050112 9.9946E-05 9.9946E-05 9.9946E-05 0.011973 0.0152416 9.9946E-05 9.9946E-05
0.0478488 0.0347764 0.681805 0.0381718 9.9946E-05 9.9946E-05 0.0234587 0.00526759 0.00789227 9.9946E-05 0.10271 0.0101725 9.9946E-05 0.0472974 9.9946E-05 9.9946E-05
9.9955E-05 0.0194027 0.546327 0.0140898 0.0411191 0.0548425 0.00762976 0.067232 0.0428808 9.9955E-05 0.104055 9.9955E-05 0.0722779 9.9955E-05 0.0296432 9.9955E-05
0.000604402 0.0449885 0.548988 0.0133976 0.090759 0.0235731 0.0517826 0.0272316 0.0222488 9.9973E-05 0.0369656 9.9973E-05 0.0747891 0.00993555 9.9973E-05 0.0544365
9.9946E-05 0.00133082 0.734668 9.9946E-05 0.038593 0.0491823 0.0254872 0.00733733 9.9946E-05 0.0169698 9.9946E-05 9.9946E-05 0.0460266 0.0733466 9.9946E-05 0.0064589
9.99191E-05 0.0981095 0.671602 9.99191E-05 0.0815078 0.0286659 9.99191E-05 9.99191E-05 9.99191E-05 0.00118837 9.99191E-05 9.99191E-05 0.0290994 9.99191E-05 9.99191E-05 0.0889275
9.98652E-05 9.98652E-05 9.98652E-05 9.98652E-05 9.98652E-05 9.98652E-05 0.998502 9.98652E-05 9.98652E-05 9.98652E-05 9.98652E-05 9.98652E-05 9.98652E-05 9.98652E-05 9.98652E-05 9.98652E-05
9.99011E-05 9.99011E-05 0.0193701 9.99011E-05 0.00668233 9.99011E-05 0.964262 9.99011E-05 9.99011E-05 9.99011E-05 0.00835726 0.000229763 9.99011E-05 9.99011E-05 9.99011E-05 9.99011E-05
9.98652E-05 9.98652E-05 9.98652E-05 9.98652E-05 9.98652E-05 9.98652E-05 0.998502 9.98652E-05 9.98652E-05 9.98652E-05 9.98652E-05 9.98652E-05 9.98652E-05 9.98652E-05 9.98652E-05 9.98652E-05
9.98652E-05 9.98652E-05 9.98652E-05 9.98652E-05 9.98652E-05 9.98652E-05 0.998502 9.98652E-05 9.98652E-05 9.98652E-05 9.98652E-05 9.98652E-05 9.98652E-05 9.98652E-05 9.98652E-05 9.98652E-05
0.000201455 9.98921E-05 9.98921E-05 9.98921E-05 9.98921E-05 9.98921E-05 0.99343 9.98921E-05 0.00112897 0.00404121 9.98921E-05 9.98921E-05 9.98921E-05 9.98921E-05 9.98921E-05 9.98921E-05
9.98652E-05 9.98652E-05 9.98652E-05 9.98652E-05 9.98652E-05 9.98652E-05 0.998502 9.98652E-05 9.98652E-05 9.98652E-05 9.98652E-05 9.98652E-05 9.98652E-05 9.98652E-05 9.98652E-05 9.98652E-05
9.99101E-05 0.00877979 9.99101E-05 9.99101E-05 9.99101E-05 9.99101E-05 0.953487 0.0187322 9.99101E-05 9.99101E-05 0.0166251 9.99101E-05 0.000908755 9.99101E-05 0.000468257 9.99101E-05
9.98742E-05 9.98742E-05 9.98742E-05 9.98742E-05 9.98742E-05 9.98742E-05 0.991169 9.98742E-05 9.98742E-05 9.98742E-05 9.98742E-05 9.98742E-05 0.00743233 9.98742E-05 9.98742E-05 9.98742E-05
9.98652E-05 9.98652E-05 9.98652E-05 9.98652E-05 9.98652E-05 9.98652E-05 0.998502 9.98652E-05 9.98652E-05 9.98652E-05 9.98652E-05 9.98652E-05 9.98652E-05 9.98652E-05 9.98652E-05 9.98652E-05
0.00310182 9.98921E-05 0.681244 9.98921E-05 0.15468 9.98921E-05 0.159775 9.98921E-05 9.98921E-05 9.98921E-05 9.98921E-05 9.98921E-05 9.98921E-05 9.98921E-05 9.98921E-05 9.98921E-05
9.99281E-05 9.99281E-05 0.621403 0.0420944 0.0448437 9.99281E-05 0.0104154 9.99281E-05 9.99281E-05 0.0813123 9.99281E-05 9.99281E-05 9.99281E-05 0.0107784 0.0152783 0.173075
0.00230815 9.99371E-05 0.727399 9.99371E-05 9.99371E-05 9.99371E-05 0.0495309 0.0471326 9.99371E-05 0.0472502 0.0281919 0.0315349 0.0223782 9.99371E-05 0.0435745 9.99371E-05
0.0621542 9.99281E-05 0.669768 0.0100968 0.09034 9.99281E-05 9.99281E-05 9.99281E-05 0.0229276 0.00352255 9.99281E-05 0.0189127 9.99281E-05 9.99281E-05 9.99281E-05 0.121479
9.99281E-05 9.99281E-05 0.725528 0.000165349 9.99281E-05 9.99281E-05 0.0352831 9.99281E-05 0.0752062 0.00322676 9.99281E-05 9.99281E-05 0.0905494 9.99281E-05 0.0311284 0.0381131
9.99101E-05 0.0472988 0.675823 9.99101E-05 0.106423 0.0354558 9.99101E-05 0.0788608 9.99101E-05 9.99101E-05 9.99101E-05 9.99101E-05 0.0551392 9.99101E-05 9.99101E-05 9.99101E-05
0.0938046 0.0420837 0.439037 0.0480058 0.0541537 9.9964E-05 0.0254037 0.0885746 9.9964E-05 0.00819004 0.00993548 0.0509556 0.0971122 9.9964E-05 0.0423432 9.9964E-05
9.98742E-05 9.98742E-05 0.937907 9.98742E-05 9.98742E-05 9.98742E-05 9.98742E-05 9.98742E-05 9.98742E-05 9.98742E-05 9.98742E-05 9.98742E-05 0.0606946 9.98742E-05 9.98742E-05 9.98742E-05
9.9937E-05 0.0147912 0.812433 0.0070492 0.0455337 9.9937E-05 9.9937E-05 9.9937E-05 9.9937E-05 0.0314197 0.0314722 0.00873432 0.0287719 9.9937E-05 0.0190949 9.9937E-05
9.99281E-05 9.99281E-05 0.635518 0.0692053 0.0395247 9.99281E-05 0.0148763 9.99281E-05 9.99281E-05 0.0952989 9.99281E-05 9.99281E-05 9.99281E-05 0.000719763 0.0139489 0.130108
9.99281E-05 0.0158353 0.831788 0.00851384 0.0524738 9.99281E-05 9.99281E-05 9.99281E-05 9.99281E-05 0.0206479 0.0316966 9.99281E-05 0.0305284 9.99281E-05 0.00771705 9.99281E-05
9.98921E-05 9.98921E-05 0.888162 9.98921E-05 0.00063555 0.0150778 9.98921E-05 9.98921E-05 9.98921E-05 9.98921E-05 0.0949257 9.98921E-05 9.98921E-05 9.98921E-05 9.98921E-05 9.98921E-05
9.99101E-05 9.99101E-05 0.8604 9.99101E-05 0.0309363 0.0164157 9.99101E-05 9.99101E-05 9.99101E-05 9.99101E-05 0.0811806 9.99101E-05 0.00880707 9.99101E-05 9.99101E-05 0.0012609
9.98831E-05 9.98831E-05 0.857607 9.98831E-05 9.98831E-05 9.98831E-05 9.98831E-05 9.98831E-05 9.98831E-05 9.98831E-05 0.12877 9.98831E-05 9.98831E-05 0.0123249 9.98831E-05 9.98831E-05
0.0021442 9.99101E-05 0.857404 9.99101E-05 0.0310581 9.99101E-05 9.99101E-05 9.99101E-05 9.99101E-05 0.0157543 9.99101E-05 0.0256197 9.99101E-05 0.0670209 9.99101E-05 9.99101E-05
9.9946E-05 9.9946E-05 0.585491 9.9946E-05 0.0706924 0.0193244 0.0236365 9.9946E-05 0.049664 9.9946E-05 0.0882908 9.9946E-05 0.102503 0.0183192 0.00617323 0.0353064
9.99101E-05 9.99101E-05 0.749108 9.99101E-05 0.0651349 9.99101E-05 0.000788614 0.0787268 9.99101E-05 9.99101E-05 9.99101E-05 9.99101E-05 0.0767305 9.99101E-05 9.99101E-05 0.028512
0.00909349 9.99191E-05 0.759217 9.99191E-05 9.99191E-05 0.0278634 0.0365578 9.99191E-05 9.99191E-05 9.99191E-05 0.00283266 9.99191E-05 9.99191E-05 9.99191E-05 0.033871 0.129666
9.99101E-05 0.0247753 0.750206 9.99101E-05 9.99101E-05 9.99101E-05 0.0106552 9.99101E-05 9.99101E-05 0.0466242 9.99101E-05 9.99101E-05 9.99101E-05 9.99101E-05 0.110123 0.0566172
9.9937E-05 0.0179984 0.674218 9.9937E-05 0.0303106 0.00802401 0.036333 9.9937E-05 9.9937E-05 0.0250947 9.9937E-05 9.9937E-05 0.0221367 9.9937E-05 0.144153 0.0410316
0.0171655 9.99191E-05 0.742636 9.99191E-05 9.99191E-05 0.017337 0.0164075 9.99191E-05 9.99191E-05 9.99191E-05 9.99191E-05 9.99191E-05 9.99191E-05 0.0356046 0.0474024 0.122548
9.99101E-05 9.99101E-05 0.722945 0.0536907 9.99101E-05 9.99101E-05 0.0978029 9.99101E-05 0.0441178 9.99101E-05 9.99101E-05 9.99101E-05 9.99101E-05 0.00577835 0.0746665 9.99101E-05
0.0563966 9.99101E-05 0.693774 9.99101E-05 9.99101E-05 9.99101E-05 0.0969262 9.99101E-05 0.00275733 9.99101E-05 9.99101E-05 9.99101E-05 0.00186179 9.99101E-05 9.99101E-05 0.147285
0.0418654 0.0186337 0.617277 9.9946E-05 0.158328 9.9946E-05 0.00413158 0.0237539 0.0107512 9.9946E-05 9.9946E-05 0.0433281 0.0612196 0.0201116 9.9946E-05 9.9946E-05
9.99011E-05 9.99011E-05 0.873447 0.00633699 0.00149485 9.99011E-05 0.0624858 9.99011E-05 9.99011E-05 9.99011E-05 9.99011E-05 9.99011E-05 0.0551365 9.99011E-05 9.99011E-05 9.99011E-05
9.99191E-05 9.99191E-05 0.75658 0.0427226 0.00825745 9.99191E-05 0.0686726 9.99191E-05 9.99191E-05 9.99191E-05 9.99191E-05 9.99191E-05 0.118999 0.000167618 0.00370114 9.99191E-05
9.99191E-05 0.00810606 0.840216 9.99191E-05 0.0439564 9.99191E-05 0.0165964 9.99191E-05 0.0757103 9.99191E-05 9.99191E-05 0.00288217 9.99191E-05 9.99191E-05 9.99191E-05 0.0116334
0.0133395 0.0321853 0.745671 9.99281E-05 9.99281E-05 9.99281E-05 0.0525578 9.99281E-05 9.99281E-05 9.99281E-05 0.0102942 0.1028 9.99281E-05 9.99281E-05 0.0131737 0.0291796
9.99011E-05 9.99011E-05 0.752831 9.99011E-05 9.99011E-05 9.99011E-05 0.0657266 9.99011E-05 9.99011E-05 9.99011E-05 9.99011E-05 9.99011E-05 0.00101389 0.00231104 9.99011E-05 0.177019
9.98832E-05 9.98832E-05 0.898577 9.98832E-05 9.98832E-05 9.98832E-05 0.0597353 9.98832E-05 0.0403891 9.98832E-05 9.98832E-05 9.98832E-05 9.98832E-05 9.98832E-05 9.98832E-05 9.98832E-05
0.00662093 9.9964E-05 0.642472 0.0254982 0.0130509 0.0159986 0.0110879 9.9964E-05 0.0395893 0.0675589 9.9964E-05 9.9964E-05 0.0301051 0.0846818 0.0183455 0.0445911
0.000477078 9.9937E-05 0.71761 9.9937E-05 0.0519566 0.0378051 0.0571574 0.00607953 9.9937E-05 9.9937E-05 0.0472209 0.0267212 0.0542729 9.9937E-05 9.9937E-05 9.9937E-05
0.0228282 9.9919E-05 0.710661 9.9919E-05 0.054936 0.0415519 0.0403246 9.9919E-05 9.9919E-05 9.9919E-05 0.0910958 9.9919E-05 0.0377029 9.9919E-05 9.9919E-05 9.9919E-05
0.0082319 0.0180853 0.593333 9.9937E-05 9.9937E-05 9.9937E-05 0.0946643 0.0800511 0.0209909 9.9937E-05 9.9937E-05 9.9937E-05 0.0715831 9.9937E-05 0.0128775 0.0994833
0.00438178 0.0202434 0.65737 9.9937E-05 9.9937E-05 9.9937E-05 0.0703375 0.0860554 0.0453281 9.9937E-05 9.9937E-05 0.00465691 0.064984 9.9937E-05 9.9937E-05 0.0459436
9.99281E-05 0.0296439 0.738335 9.99281E-05 9.99281E-05 9.99281E-05 0.0169836 0.0198998 9.99281E-05 0.0139159 0.0630763 0.0623528 9.99281E-05 9.99281E-05 9.99281E-05 0.0549934
0.00671657 9.99101E-05 0.852652 9.99101E-05 9.99101E-05 9.99101E-05 0.0249234 0.0507722 9.99101E-05 9.99101E-05 9.99101E-05 0.0571758 0.00676121 9.99101E-05 9.99101E-05 9.99101E-05
0.0249325 9.99191E-05 0.756066 9.99191E-05 0.0816635 9.99191E-05 0.0107715 9.99191E-05 9.99191E-05 0.0213107 9.99191E-05 0.054553 0.0498032 9.99191E-05 9.99191E-05 9.99191E-05
9.9928E-05 9.9928E-05 0.760922 9.9928E-05 0.0706479 9.9928E-05 0.0245604 0.00137286 0.0172398 9.9928E-05 0.0562297 0.0466501 0.0215781 9.9928E-05 9.9928E-05 9.9928E-05
9.99011E-05 9.99011E-05 0.765551 9.99011E-05 9.99011E-05 9.99011E-05 0.0357891 9.99011E-05 9.99011E-05 9.99011E-05 0.0373621 0.0599563 0.100242 9.99011E-05 9.99011E-05 9.99011E-05
9.99101E-05 9.99101E-05 0.797209 9.99101E-05 9.99101E-05 9.99101E-05 0.0428762 0.0635251 9.99101E-05 9.99101E-05 0.0712099 9.99101E-05 0.00408979 9.99101E-05 0.0200914 9.99101E-05
0.0273553 0.00127008 0.665615 9.99191E-05 9.99191E-05 0.0169087 0.0405171 0.0539906 9.99191E-05 9.99191E-05 9.99191E-05 9.99191E-05 9.99191E-05 9.99191E-05 9.99191E-05 0.193444
0.0664458 9.99191E-05 0.665394 9.99191E-05 9.99191E-05 0.0620504 9.99191E-05 0.0623601 9.99191E-05 9.99191E-05 0.00556919 0.0827634 9.99191E-05 9.99191E-05 9.99191E-05 0.0545179
9.99191E-05 9.99191E-05 0.710644 9.99191E-05 0.100538 0.075856 9.99191E-05 9.99191E-05 0.0086259 9.99191E-05 9.99191E-05 9.99191E-05 0.00054908 9.99191E-05 0.0447219 0.0581661
0.0440315 9.9955E-05 0.612944 9.9955E-05 0.0147686 0.0969561 9.9955E-05 0.00938612 0.0625479 9.9955E-05 9.9955E-05 0.0776876 0.0178726 0.00361544 0.0462851 0.0134055
0.0921206 0.0202455 0.58381 9.9937E-05 9.9937E-05 0.10503 0.0504622 0.0578478 9.9937E-05 9.9937E-05 0.0029895 0.04816 9.9937E-05 9.9937E-05 0.0386346 9.9937E-05
0.0286332 9.9928E-05 0.746673 0.0297777 9.9928E-05 9.9928E-05 0.0578961 0.0289518 9.9928E-05 9.9928E-05 9.9928E-05 9.9928E-05 9.9928E-05 0.0416842 0.0420064 0.0235785
0.0314516 9.99191E-05 0.817484 9.99191E-05 0.0416513 9.99191E-05 9.99191E-05 9.99191E-05 9.99191E-05 0.00820559 0.0390664 9.99191E-05 9.99191E-05 0.0509074 9.99191E-05 0.0103345
0.0371634 0.10753 0.436576 9.9946E-05 0.0230228 9.9946E-05 9.9946E-05 0.0232865 9.9946E-05 9.9946E-05 0.0446558 0.0265596 0.0184742 0.0996157 9.9946E-05 0.182516
0.074316 0.0378619 0.601945 0.00288429 9.9946E-05 0.00872812 9.9946E-05 0.00945402 0.0343299 9.9946E-05 0.044714 0.171599 9.9946E-05 9.9946E-05 9.9946E-05 0.0135676
0.0903749 0.116195 0.478359 9.9964E-05 0.0214213 0.0132277 9.9964E-05 0.0222139 9.9964E-05 9.9964E-05 0.0291643 0.0163705 0.0226975 0.0418416 0.0434568 0.104278
0.0412299 0.0763571 0.685661 0.0263522 0.0843087 9.99371E-05 9.99371E-05 9.99371E-05 9.99371E-05 9.99371E-05 9.99371E-05 0.0214499 0.0074034 0.0200867 0.0364513 9.99371E-05
0.0539434 0.00872079 0.532979 9.9937E-05 0.0581399 0.056381 9.9937E-05 0.0144226 9.9937E-05 9.9937E-05 9.9937E-05 9.9937E-05 0.0521628 9.9937E-05 0.0658973 0.156654
9.9937E-05 0.02155 0.507632 0.0981744 0.0890955 9.9937E-05 0.137826 9.9937E-05 9.9937E-05 9.9937E-05 0.0222004 9.9937E-05 0.0302467 0.0760425 9.9937E-05 0.0165333
0.05036 9.99191E-05 0.721183 0.0758016 0.0633211 9.99191E-05 0.0326969 9.99191E-05 9.99191E-05 0.0212931 9.99191E-05 9.99191E-05 9.99191E-05 9.99191E-05 0.0344453 9.99191E-05
9.9937E-05 9.9937E-05 0.690235 0.0185802 9.9937E-05 0.00606171 9.9937E-05 0.0342325 0.00989008 0.0274149 0.086248 9.9937E-05 9.9937E-05 9.9937E-05 0.0850324 0.0416052
0.00523642 9.9964E-05 0.558712 9.9964E-05 9.9964E-05 0.0216602 0.0443403 9.9964E-05 0.0867213 0.0581094 0.0247745 0.0727234 0.000833869 0.124296 0.00187049 0.000323223
9.9946E-05 0.0126932 0.518417 0.0719321 9.9946E-05 0.0424378 9.9946E-05 9.9946E-05 0.0263354 9.9946E-05 9.9946E-05 0.0544383 0.0389308 0.0138638 0.0170813 0.20327
0.110159 0.036936 0.531734 9.9928E-05 9.9928E-05 0.047537 0.0631085 0.090189 9.9928E-05 9.9928E-05 9.9928E-05 0.0508769 9.9928E-05 9.9928E-05 0.0686601 9.9928E-05
9.9946E-05 0.0321816 0.502766 0.0633673 9.9946E-05 0.0459108 0.0146745 9.9946E-05 0.0630767 9.9946E-05 9.9946E-05 0.0266818 0.0303526 0.0161318 9.9946E-05 0.204257
0.0132482 9.9955E-05 0.602715 0.0346003 0.040587 0.0074367 0.0809968 9.9955E-05 9.9955E-05 0.00342252 9.9955E-05 9.9955E-05 0.0459666 0.103163 0.00621341 0.0611511
9.9937E-05 0.113061 0.575325 0.0265144 0.172541 9.9937E-05 9.9937E-05 0.0176128 9.9937E-05 0.00471978 9.9937E-05 9.9937E-05 0.0188578 0.018134 0.0525351 9.9937E-05
9.9937E-05 0.131993 0.576559 9.9937E-05 0.157281 9.9937E-05 0.00380917 0.0192477 0.000145557 9.9937E-05 9.9937E-05 9.9937E-05 9.9937E-05 0.0187348 0.054973 0.0365572
9.99281E-05 9.99281E-05 0.619905 0.0846208 0.0364396 9.99281E-05 9.99281E-05 0.072268 0.0485132 9.99281E-05 0.00833792 0.0566993 0.0724171 9.99281E-05 9.99281E-05 9.99281E-05
9.99281E-05 9.99281E-05 0.669986 0.0456328 0.0417284 9.99281E-05 9.99281E-05 0.0564168 0.0436836 9.99281E-05 9.99281E-05 0.0346652 0.0390757 0.0680122 9.99281E-05 9.99281E-05
9.9955E-05 0.176226 0.489195 0.0221556 0.0315439 9.9955E-05 0.0603191 9.9955E-05 0.0161895 9.9955E-05 0.0696498 9.9955E-05 0.00562263 0.0119559 0.0269191 0.0897236
9.9964E-05 0.0664299 0.598771 9.9964E-05 0.0115442 0.0410519 0.0205148 9.9964E-05 0.0172269 9.9964E-05 0.0172099 0.0869781 0.0556505 0.00727345 0.0728164 0.0041336
9.9946E-05 0.142916 0.509733 0.00974817 0.0756498 0.0277142 0.0634794 0.0218204 9.9946E-05 9.9946E-05 0.0572031 9.9946E-05 0.0344231 0.0567139 9.9946E-05 9.9946E-05
9.9928E-05 9.9928E-05 0.671531 0.00102959 0.169748 9.9928E-05 0.00924659 0.00557629 9.9928E-05 0.0339214 9.9928E-05 9.9928E-05 0.0210746 0.0870734 9.9928E-05 9.9928E-05
0.0213856 0.118776 0.56327 0.000605775 0.0474068 0.0148036 9.9964E-05 0.0623185 9.9964E-05 9.9964E-05 0.00831269 0.0714789 9.9964E-05 0.0203598 0.0397353 0.0311471
0.0837098 0.0766528 0.569839 0.0291105 9.9937E-05 0.0508221 0.015273 0.0848517 9.9937E-05 9.9937E-05 0.00892254 9.9937E-05 9.9937E-05 0.080119 9.9937E-05 9.9937E-05
0.035365 0.0738422 0.532385 0.0765832 9.9946E-05 0.0115849 0.0197526 0.139435 9.9946E-05 9.9946E-05 0.0238738 9.9946E-05 0.00387022 0.0827085 9.9946E-05 9.9946E-05
9.99191E-05 0.061284 0.589394 0.0520374 0.198295 9.99191E-05 9.99191E-05 0.0234617 0.0166094 9.99191E-05 9.99191E-05 9.99191E-05 0.0580193 9.99191E-05 9.99191E-05 9.99191E-05
0.0287834 0.0493279 0.606304 9.9928E-05 0.0188805 9.9928E-05 0.0351186 0.0763135 9.9928E-05 9.9928E-05 9.9928E-05 9.9928E-05 9.9928E-05 0.11332 9.9928E-05 0.0711528
9.9928E-05 9.9928E-05 0.770143 9.9928E-05 9.9928E-05 9.9928E-05 9.9928E-05 0.0352044 0.00535213 0.0596054 0.0217419 0.0321452 9.9928E-05 9.9928E-05 0.0390209 0.0359877
0.0155317 0.00304939 0.796335 0.0261513 0.00234771 0.0276436 0.0200364 0.0552378 0.00946127 0.0130343 0.00615946 9.9973E-05 9.9973E-05 0.00622761 9.9973E-05 0.0184849
0.0329938 0.0171268 0.656427 9.99371E-05 0.114102 9.99371E-05 0.0158903 9.99371E-05 0.0431796 0.0697617 9.99371E-05 0.00960389 9.99371E-05 9.99371E-05 9.99371E-05 0.0402146
9.99191E-05 0.135053 0.703284 0.0283789 9.99191E-05 0.0115231 9.99191E-05 0.0137428 9.99191E-05 0.0610114 9.99191E-05 9.99191E-05 0.0461068 9.99191E-05 9.99191E-05 9.99191E-05
9.9937E-05 0.0426811 0.665503 0.021668 0.115217 0.0172106 9.9937E-05 0.0401929 9.9937E-05 0.0227184 9.9937E-05 0.0227777 0.0513318 9.9937E-05 9.9937E-05 9.9937E-05
0.0155126 9.9928E-05 0.840533 9.9928E-05 0.0423233 9.9928E-05 9.9928E-05 0.0374803 0.0261131 0.0252982 9.9928E-05 0.00521374 0.00672584 9.9928E-05 9.9928E-05 9.9928E-05
9.99011E-05 9.99011E-05 0.88465 9.99011E-05 9.99011E-05 9.99011E-05 0.0255365 9.99011E-05 9.99011E-05 9.99011E-05 9.99011E-05 9.99011E-05 0.00758952 0.0193328 9.99011E-05 0.0617921
9.9937E-05 0.00971691 0.716555 9.9937E-05 0.0436268 9.9937E-05 9.9937E-05 0.0555907 0.0832676 0.02899 0.0332202 9.9937E-05 0.00333729 9.9937E-05 0.0249958 9.9937E-05
0.0123217 9.9937E-05 0.706883 0.0339823 0.0160016 9.9937E-05 0.0453327 0.038475 0.0579234 0.0849845 9.9937E-05 9.9937E-05 0.00339622 9.9937E-05 9.9937E-05 9.9937E-05
9.99191E-05 9.99191E-05 0.570375 9.99191E-05 0.103084 9.99191E-05 9.99191E-05 9.99191E-05 0.0481618 0.0456159 0.08822 9.99191E-05 0.0451306 9.99191E-05 0.0985133 9.99191E-05
9.9946E-05 0.122405 0.639499 9.9946E-05 0.0335579 0.00867344 0.00376638 9.9946E-05 0.0208815 0.0167076 0.0619605 0.0732298 0.0187191 9.9946E-05 9.9946E-05 9.9946E-05
0.0327492 9.9955E-05 0.643122 0.066385 0.0781425 0.0392555 9.9955E-05 9.9955E-05 9.9955E-05 0.0363725 0.00354065 9.9955E-05 0.000996763 0.0392051 0.0235558 0.0361748
9.9937E-05 0.0842192 0.668436 0.0307434 0.0368391 9.9937E-05 0.0309493 9.9937E-05 9.9937E-05 0.00412128 0.0101264 9.9937E-05 0.063398 9.9937E-05 9.9937E-05 0.0704678
0.0500245 9.9919E-05 0.725532 9.9919E-05 0.0299306 0.00161751 9.9919E-05 9.9919E-05 9.9919E-05 0.0150442 0.0939906 9.9919E-05 9.9919E-05 9.9919E-05 9.9919E-05 0.0829613
0.0619351 9.9928E-05 0.708389 9.9928E-05 0.0931559 9.9928E-05 9.9928E-05 9.9928E-05 0.0242097 0.015097 0.0420458 0.0538774 9.9928E-05 9.9928E-05 0.000491009 9.9928E-05
9.9937E-05 0.00709154 0.768477 9.9937E-05 9.9937E-05 9.9937E-05 0.00489894 0.0371308 0.0287233 0.0573601 0.0209794 0.069221 9.9937E-05 0.00541841 9.9937E-05 9.9937E-05
9.99191E-05 0.0286506 0.858411 9.99191E-05 9.99191E-05 0.0443691 0.00702229 9.99191E-05 0.0103127 0.0298601 9.99191E-05 9.99191E-05 9.99191E-05 0.0204755 9.99191E-05 9.99191E-05
9.9928E-05 0.0758208 0.691074 0.045942 9.9928E-05 0.106737 0.00888326 0.0102054 0.0401274 9.9928E-05 9.9928E-05 9.9928E-05 9.9928E-05 9.9928E-05 0.020411 9.9928E-05
9.99191E-05 0.0295785 0.771157 0.0621904 9.99191E-05 9.99191E-05 9.99191E-05 0.0605833 9.99191E-05 9.99191E-05 0.0383741 9.99191E-05 9.99191E-05 0.00305941 0.0341577 9.99191E-05
0.020516 0.122863 0.441895 9.9955E-05 9.9955E-05 0.0549886 0.0202574 0.0735349 0.026054 9.9955E-05 9.9955E-05 0.0303381 9.9955E-05 0.00311218 0.0079689 0.197972
0.0333367 0.0131913 0.402632 9.9955E-05 0.0858996 9.9955E-05 9.9955E-05 0.0319626 0.00431797 9.9955E-05 0.0440207 0.0329648 9.9955E-05 0.0726845 0.0258399 0.25265
0.043723 0.0475649 0.436621 9.9955E-05 0.0663579 0.016177 0.00756113 0.0292823 9.9955E-05 9.9955E-05 0.102191 0.0924764 9.9955E-05 9.9955E-05 0.00679975 0.150746
0.0467472 0.0250412 0.345583 0.0151881 9.9955E-05 0.0385487 0.0942377 9.9955E-05 0.1316 0.00183771 9.9955E-05 9.9955E-05 0.00179867 0.0768655 9.9955E-05 0.222053
9.98831E-05 0.923339 9.98831E-05 0.0296931 9.98831E-05 9.98831E-05 9.98831E-05 9.98831E-05 9.98831E-05 9.98831E-05 9.98831E-05 9.98831E-05 9.98831E-05 0.0456699 9.98831E-05 9.98831E-05
9.98652E-05 0.998502 9.98652E-05 9.98652E-05 9.98652E-05 9.98652E-05 9.98652E-05 9.98652E-05 9.98652E-05 9.98652E-05 9.98652E-05 9.98652E-05 9.98652E-05 9.98652E-05 9.98652E-05 9.98652E-05
9.98742E-05 0.969947 9.98742E-05 9.98742E-05 9.98742E-05 9.98742E-05 9.98742E-05 9.98742E-05 9.98742E-05 9.98742E-05 0.0286544 9.98742E-05 9.98742E-05 9.98742E-05 9.98742E-05 9.98742E-05
9.98741E-05 0.996928 9.98741E-05 9.98741E-05 9.98741E-05 9.98741E-05 9.98741E-05 0.00167402 9.98741E-05 9.98741E-05 9.98741E-05 9.98741E-05 9.98741E-05 9.98741E-05 9.98741E-05 9.98741E-05
9.9955E-05 0.723814 9.9955E-05 0.0301162 9.9955E-05 0.00425717 0.0144902 0.00742757 0.0429545 0.019825 0.0505687 0.0144116 9.9955E-05 0.0319189 0.0597164 9.9955E-05
9.98742E-05 0.989495 9.98742E-05 9.98742E-05 9.98742E-05 9.98742E-05 9.98742E-05 9.98742E-05 9.98742E-05 9.98742E-05 9.98742E-05 0.00910705 9.98742E-05 9.98742E-05 9.98742E-05 9.98742E-05
9.98652E-05 0.998502 9.98652E-05 9.98652E-05 9.98652E-05 9.98652E-05 9.98652E-05 9.98652E-05 9.98652E-05 9.98652E-05 9.98652E-05 9.98652E-05 9.98652E-05 9.98652E-05 9.98652E-05 9.98652E-05
9.98831E-05 0.96625 9.98831E-05 0.0158898 9.98831E-05 9.98831E-05 9.98831E-05 9.98831E-05 9.98831E-05 0.0165615 9.98831E-05 9.98831E-05 9.98831E-05 9.98831E-05 9.98831E-05 9.98831E-05
9.98652E-05 0.998502 9.98652E-05 9.98652E-05 9.98652E-05 9.98652E-05 9.98652E-05 9.98652E-05 9.98652E-05 9.98652E-05 9.98652E-05 9.98652E-05 9.98652E-05 9.98652E-05 9.98652E-05 9.98652E-05
9.98652E-05 0.998502 9.98652E-05 9.98652E-05 9.98652E-05 9.98652E-05 9.98652E-05 9.98652E-05 9.98652E-05 9.98652E-05 9.98652E-05 9.98652E-05 9.98652E-05 9.98652E-05 9.98652E-05 9.98652E-05
9.98652E-05 0.998502 9.98652E-05 9.98652E-05 9.98652E-05 9.98652E-05 9.98652E-05 9.98652E-05 9.98652E-05 9.98652E-05 9.98652E-05 9.98652E-05 9.98652E-05 9.98652E-05 9.98652E-05 9.98652E-05
9.98741E-05 0.989951 9.98741E-05 9.98741E-05 9.98741E-05 9.98741E-05 9.98741E-05 9.98741E-05 9.98741E-05 9.98741E-05 9.98741E-05 9.98741E-05 9.98741E-05 9.98741E-05 0.00865097 9.98741E-05
9.98921E-05 0.976779 9.98921E-05 0.0158326 9.98921E-05 9.98921E-05 9.98921E-05 9.98921E-05 9.98921E-05 9.98921E-05 0.00264939 9.98921E-05 9.98921E-05 9.98921E-05 9.98921E-05 0.00354034
9.99011E-05 0.966148 9.99011E-05 9.99011E-05 9.99011E-05 9.99011E-05 0.00725755 9.99011E-05 9.99011E-05 9.99011E-05 9.99011E-05 9.99011E-05 9.99011E-05 0.00582861 0.00798954 0.011677
9.98741E-05 0.997584 9.98741E-05 9.98741E-05 9.98741E-05 9.98741E-05 9.98741E-05 9.98741E-05 9.98741E-05 9.98741E-05 9.98741E-05 9.98741E-05 9.98741E-05 0.0010182 9.98741E-05 9.98741E-05
9.9928E-05 0.52266 0.234315 0.0501832 9.9928E-05 0.00492161 9.9928E-05 9.9928E-05 0.0497058 9.9928E-05 9.9928E-05 0.00334722 0.038175 0.0958935 9.9928E-05 9.9928E-05
9.98921E-05 0.960919 9.98921E-05 9.98921E-05 9.98921E-05 0.000872837 9.98921E-05 9.98921E-05 9.98921E-05 9.98921E-05 9.98921E-05 0.0168625 9.98921E-05 9.98921E-05 0.0201469 9.98921E-05
9.98831E-05 0.987505 9.98831E-05 9.98831E-05 9.98831E-05 9.98831E-05 9.98831E-05 9.98831E-05 9.98831E-05 9.98831E-05 9.98831E-05 9.98831E-05 9.98831E-05 0.00942711 0.00176964 9.98831E-05
9.9928E-05 0.165098 0.16539 0.0814786 0.0875621 9.9928E-05 9.9928E-05 0.0475156 9.9928E-05 9.9928E-05 0.0482663 0.125037 9.9928E-05 9.9928E-05 9.9928E-05 0.278854
9.9946E-05 0.0961996 0.346293 9.9946E-05 0.0519015 9.9946E-05 0.00820782 0.0673618 0.0860967 9.9946E-05 0.0283776 0.0704456 9.9946E-05 9.9946E-05 0.00140526 0.243112
9.9955E-05 0.0511037 0.333975 0.0120605 0.0359206 9.9955E-05 0.0106954 0.0755829 0.081824 9.9955E-05 0.0171005 0.0453417 9.9955E-05 9.9955E-05 0.00936456 0.326531
0.0290074 0.127128 0.375919 0.0633176 9.9955E-05 9.9955E-05 9.9955E-05 0.0213944 0.0566316 9.9955E-05 0.0360005 0.0956595 9.9955E-05 0.0582047 0.00152609 0.134712
0.0150459 0.146056 0.192717 0.0839317 0.156649 9.9964E-05 9.9964E-05 0.0928998 0.0315462 9.9964E-05 0.0901959 0.0873515 0.019185 9.9964E-05 0.0219066 0.0621155
0.00200339 0.0445281 0.30185 0.113886 0.297355 0.0089702 9.9964E-05 0.00692721 9.9964E-05 0.0389915 9.9964E-05 0.029743 0.0048225 0.0314004 9.9964E-05 0.119123
9.9955E-05 0.132864 0.2142 9.9955E-05 0.0989352 0.028941 0.0300588 0.101873 9.9955E-05 9.9955E-05 0.0456704 0.122879 0.00830243 0.0658911 9.9955E-05 0.149886
0.00548272 0.0598082 0.329764 9.9946E-05 0.0436436 9.9946E-05 9.9946E-05 0.0832391 0.0741804 9.9946E-05 0.0630269 0.0542939 9.9946E-05 9.9946E-05 0.0315804 0.254382
0.0369836 0.104952 0.264384 0.0301308 0.0973514 9.9964E-05 0.010326 0.0246599 0.0245927 9.9964E-05 0.0120824 0.116107 9.9964E-05 0.0444769 9.9964E-05 0.233553
9.9946E-05 0.0562725 0.299992 0.0265178 0.00636774 0.064183 9.9946E-05 0.0350227 0.117996 9.9946E-05 0.00317432 0.0179688 9.9946E-05 9.9946E-05 9.9946E-05 0.371905
9.9982E-05 0.0406287 0.103727 0.0538895 0.229664 0.00373429 0.0206697 0.0722427 0.0879745 0.03385 0.029056 9.9982E-05 0.020878 0.116345 0.0822952 0.104845
0.0148177 9.9964E-05 0.122109 0.0973742 0.217752 9.9964E-05 0.0344185 0.08783 0.0385755 0.0501702 9.9964E-05 0.00895853 0.0171735 0.11949 9.9964E-05 0.190931
9.9955E-05 0.214207 0.203119 0.104751 0.0828355 9.9955E-05 0.0182913 0.0715374 0.00311186 0.0578747 9.9955E-05 0.149808 9.9955E-05 0.0137609 9.9955E-05 0.0802046
0.0552643 0.0874551 0.191769 0.0367079 0.0668347 0.0288544 9.9973E-05 0.00706524 0.0477325 9.9973E-05 0.0540744 0.0709269 0.0615902 0.00274405 9.9973E-05 0.288682
0.0334557 0.0887296 0.261213 0.0289619 9.9964E-05 0.134419 9.9964E-05 0.030881 0.0961009 9.9964E-05 0.00139931 0.0498201 9.9964E-05 0.0233959 0.0373321 0.213891
0.0363329 0.0802304 0.293425 0.045933 0.0161079 9.9964E-05 9.9964E-05 0.0636918 0.073889 9.9964E-05 0.0499739 0.070613 0.00286549 9.9964E-05 0.0869808 0.179557
0.0213482 0.0889737 0.170413 9.9955E-05 0.0848453 0.0516982 0.024383 0.0941997 9.9955E-05 9.9955E-05 0.109825 0.112407 9.9955E-05 0.0340332 9.9955E-05 0.207374
0.0546086 0.0348691 0.200753 0.117056 0.093617 0.0349709 0.0251035 0.0598336 0.0651614 9.9982E-05 0.06958 0.0389443 0.000497534 9.9982E-05 0.000979407 0.203825
9.99281E-05 0.106572 0.220628 0.222619 0.0963634 0.038984 9.99281E-05 9.99281E-05 0.00947597 9.99281E-05 9.99281E-05 0.0123814 9.99281E-05 9.99281E-05 9.99281E-05 0.292177
0.00621971 0.157861 0.246773 9.9937E-05 9.9937E-05 0.0559588 9.9937E-05 9.9937E-05 0.0388342 0.00159553 0.0322154 9.9937E-05 9.9937E-05 9.9937E-05 0.0503451 0.409498
0.00808798 0.0874175 0.143992 0.0133026 9.9946E-05 9.9946E-05 9.9946E-05 0.072374 9.9946E-05 0.0545828 0.0281779 0.168838 9.9946E-05 0.0240398 9.9946E-05 0.398588
9.99371E-05 0.01387 0.211973 0.13796 0.151693 0.0431921 9.99371E-05 0.00902984 9.99371E-05 9.99371E-05 0.0014825 9.99371E-05 9.99371E-05 0.0579315 9.99371E-05 0.372168
0.0275795 0.16294 0.15211 0.0107555 9.9955E-05 9.9955E-05 0.0222962 0.0259716 9.9955E-05 9.9955E-05 0.0787418 0.138515 0.0191261 0.01435 9.9955E-05 0.347115
0.0981762 0.197348 0.0992219 0.231511 9.9955E-05 9.9955E-05 0.018225 9.9955E-05 0.00483158 0.0294813 0.136374 0.156217 9.9955E-05 9.9955E-05 0.00827302 0.0198421
9.99191E-05 0.132489 9.99191E-05 0.0748888 0.15188 9.99191E-05 9.99191E-05 0.0579977 0.0391578 9.99191E-05 9.99191E-05 0.0026407 9.99191E-05 9.99191E-05 9.99191E-05 0.540046
0.116603 0.0692754 0.0971075 0.0939194 9.9964E-05 0.0167618 9.9964E-05 0.0518314 9.9964E-05 0.0279993 0.00170135 0.140776 0.0467766 0.0114344 9.9964E-05 0.325414
0.0221032 0.185201 0.340291 9.9964E-05 0.0227369 9.9964E-05 0.0204819 9.9964E-05 0.0589825 9.9964E-05 0.0109106 0.020326 0.00849578 0.134169 0.000870254 0.175032
0.0326174 0.152817 0.112996 0.0408577 9.9955E-05 0.0234211 9.9955E-05 0.0176381 9.9955E-05 9.9955E-05 0.00279187 0.105147 0.028877 0.00935933 9.9955E-05 0.472978
9.9964E-05 0.077377 0.139957 0.0521623 0.140354 0.0118418 9.9964E-05 0.0514012 0.0550438 0.024872 9.9964E-05 0.079672 0.0451802 9.9964E-05 0.0106074 0.311131
0.0854529 0.151027 0.119054 0.194799 0.08188 9.9937E-05 0.00246191 9.9937E-05 9.9937E-05 9.9937E-05 9.9937E-05 0.0183969 9.9937E-05 0.0812915 9.9937E-05 0.264937
9.9928E-05 0.0404941 0.17334 0.0160621 9.9928E-05 9.9928E-05 0.00339646 9.9928E-05 9.9928E-05 9.9928E-05 0.0339853 0.0878943 0.0739386 9.9928E-05 9.9928E-05 0.57009
9.99191E-05 0.106101 0.0980115 0.0244918 9.99191E-05 9.99191E-05 9.99191E-05 9.99191E-05 9.99191E-05 9.99191E-05 0.0492784 0.0925336 0.066311 9.99191E-05 9.99191E-05 0.562373
9.99281E-05 0.00140875 9.99281E-05 0.15686 0.0391809 9.99281E-05 0.0801462 9.99281E-05 9.99281E-05 9.99281E-05 0.00267779 0.0576248 0.0970829 9.99281E-05 9.99281E-05 0.564219
9.9964E-05 0.131365 0.0720015 0.0245641 0.0619642 0.043542 0.0267978 0.116549 9.9964E-05 9.9964E-05 0.0602407 0.092395 0.0148454 0.0157562 9.9964E-05 0.339579
0.0235572 0.114461 0.0761763 0.00180872 0.0700852 9.9946E-05 9.9946E-05 0.0687739 9.9946E-05 9.9946E-05 9.9946E-05 0.0827845 9.9946E-05 0.00176044 0.038508 0.521485
0.0260457 0.104544 0.140104 0.0550707 0.0365762 9.9946E-05 9.9946E-05 9.9946E-05 0.0304579 0.127615 9.9946E-05 9.9946E-05 0.0139788 9.9946E-05 0.0879159 0.377091
0.0173626 0.0918314 0.269833 0.0275936 0.0214616 9.9964E-05 0.0177858 0.0184683 9.9964E-05 0.0161294 0.0797098 0.0791544 9.9964E-05 0.00564115 9.9964E-05 0.354629
9.99371E-05 0.0453641 0.0550702 0.121931 0.0354941 9.99371E-05 9.99371E-05 0.057827 9.99371E-05 0.0434035 9.99371E-05 0.0494446 9.99371E-05 9.99371E-05 0.0202659 0.5705
9.9937E-05 0.155336 0.111943 0.0807611 0.0306463 9.9937E-05 9.9937E-05 0.0604741 9.9937E-05 0.114129 9.9937E-05 0.120402 0.007336 9.9937E-05 9.9937E-05 0.318272
9.99371E-05 0.0825109 0.101708 0.0451853 9.99371E-05 9.99371E-05 9.99371E-05 0.00733851 9.99371E-05 0.128938 9.99371E-05 0.0799591 0.0059528 9.99371E-05 0.00119441 0.546513
9.9937E-05 0.139905 0.0714361 0.0911264 0.0591073 9.9937E-05 9.9937E-05 0.0357025 9.9937E-05 0.111611 0.0221705 0.0892157 9.9937E-05 9.9937E-05 9.9937E-05 0.379026
0.0611649 0.121782 0.290259 0.12833 0.063263 9.9964E-05 0.00698911 0.0159885 0.0366431 0.079643 0.0487329 0.00624958 9.9964E-05 9.9964E-05 9.9964E-05 0.140555
0.0456919 0.158452 0.087712 0.097681 9.9937E-05 0.00697735 9.9937E-05 0.0365554 9.9937E-05 0.0693821 9.9937E-05 0.0457386 9.9937E-05 9.9937E-05 9.9937E-05 0.45111
0.0544287 0.162505 0.137543 0.0578695 9.9937E-05 0.0273101 9.9937E-05 0.0306308 9.9937E-05 0.0889407 9.9937E-05 0.0521593 9.9937E-05 9.9937E-05 9.9937E-05 0.387913
0.0827692 0.172043 0.11646 0.059871 9.9937E-05 0.0115161 9.9937E-05 9.9937E-05 9.9937E-05 0.0489055 9.9937E-05 0.0996685 0.00218052 9.9937E-05 9.9937E-05 0.405887
9.9955E-05 0.0992596 0.00727798 0.199363 0.0692536 0.0241053 9.9955E-05 0.003905 0.0357883 0.0158449 9.9955E-05 0.00743717 9.9955E-05 0.0431737 9.9955E-05 0.494091
9.9955E-05 0.136127 0.0583967 0.120974 9.9955E-05 0.0201094 9.9955E-05 0.0144253 0.0266488 0.0341764 0.0255917 0.0443212 9.9955E-05 0.0867463 9.9955E-05 0.431983
0.0847925 0.219529 0.0654553 0.0512161 9.9955E-05 0.00528071 0.0166599 0.00255349 9.9955E-05 0.0835407 9.9955E-05 0.0740872 0.0123097 9.9955E-05 9.9955E-05 0.384076
0.0638795 0.184092 0.0828842 0.0156587 9.9937E-05 0.0218626 9.9937E-05 9.9937E-05 9.9937E-05 0.099725 9.9937E-05 0.0677386 0.0420256 9.9937E-05 9.9937E-05 0.421434
0.0509179 0.0529607 0.173531 0.0353232 9.9955E-05 9.9955E-05 0.0331616 0.0499292 9.9955E-05 0.0905385 9.9955E-05 0.0156247 9.9955E-05 0.0253864 0.0424228 0.429704
0.0115658 0.110323 0.141027 0.070528 0.0754085 9.9946E-05 9.9946E-05 0.0497187 9.9946E-05 0.195632 9.9946E-05 0.0381562 9.9946E-05 9.9946E-05 0.0291735 0.277868
9.9964E-05 0.063581 0.181258 0.194552 0.0851988 9.9964E-05 9.9964E-05 0.00812834 0.0343755 0.00869236 9.9964E-05 0.0385731 0.056589 0.0335941 0.0166091 0.278448
9.9937E-05 0.107612 0.130343 0.0356825 0.120326 9.9937E-05 9.9937E-05 9.9937E-05 9.9937E-05 0.0602664 9.9937E-05 0.120708 0.00897562 9.9937E-05 0.0155638 0.399822
9.9937E-05 0.0462958 0.12934 0.00306587 0.095557 9.9937E-05 9.9937E-05 0.0311918 9.9937E-05 9.9937E-05 9.9937E-05 0.0712024 9.9937E-05 0.057615 0.0223428 0.54269
9.9946E-05 0.18624 0.160557 0.00603321 0.00693723 9.9946E-05 0.0104271 0.020288 9.9946E-05 0.0238277 9.9946E-05 0.0888151 0.0280817 9.9946E-05 9.9946E-05 0.468194
0.0104202 0.0694669 0.136826 0.0756109 9.9946E-05 0.0105103 0.0516949 0.115083 9.9946E-05 0.0440012 9.9946E-05 9.9946E-05 9.9946E-05 9.9946E-05 0.0533108 0.432476
9.99371E-05 0.112158 0.0747891 0.137435 0.175437 9.99371E-05 9.99371E-05 0.0106092 9.99371E-05 9.99371E-05 0.0680808 0.0184372 0.0509863 9.99371E-05 9.99371E-05 0.351367
0.0403392 0.00630148 0.151813 0.0793852 9.9946E-05 9.9946E-05 9.9946E-05 0.017939 0.093109 0.0511927 9.9946E-05 0.161103 0.0120946 9.9946E-05 9.9946E-05 0.386122
0.0573817 0.0529352 0.196889 0.121555 0.000906631 9.9955E-05 9.9955E-05 0.0465085 0.0697631 0.0648898 9.9955E-05 0.15287 0.0161755 9.9955E-05 9.9955E-05 0.219626
0.023969 0.0649087 0.148141 0.0209684 0.0130824 9.9964E-05 9.9964E-05 0.0288452 0.0221249 9.9964E-05 0.0609244 0.134223 0.0498334 9.9964E-05 0.0297521 0.402827
9.9937E-05 0.073214 0.297594 0.0761561 0.0353253 9.9937E-05 9.9937E-05 0.0630625 9.9937E-05 0.00918791 9.9937E-05 0.0897152 9.9937E-05 0.0139482 9.9937E-05 0.341097
