0.0724237 0.109529 0.038597 0.0202494 0.759101 9.9991E-05
0.103292 9.9973E-05 0.052973 9.9973E-05 0.843435 9.9973E-05
0.0281072 9.9973E-05 9.9973E-05 9.9973E-05 0.964228 0.00736489
9.9973E-05 0.0251052 0.19303 9.9973E-05 0.781565 9.9973E-05
0.0849257 9.9982E-05 0.255019 0.0173066 0.642548 9.9982E-05
9.9973E-05 9.9973E-05 0.122027 0.0473533 0.830319 9.9973E-05
0.0212076 0.208307 0.142848 9.9982E-05 0.627438 9.9982E-05
0.108363 9.9964E-05 9.9964E-05 9.9964E-05 0.891237 9.9964E-05
0.0831234 9.9973E-05 0.0914759 9.9973E-05 0.825101 9.9973E-05
0.153583 9.9964E-05 9.9964E-05 9.9964E-05 0.846017 9.9964E-05
0.151024 9.9973E-05 9.9973E-05 0.121063 0.727614 9.9973E-05
9.9973E-05 0.0840578 9.9973E-05 9.9973E-05 0.648953 0.266689
9.9982E-05 0.221292 9.9982E-05 0.0121022 0.456568 0.309838
9.9982E-05 0.291709 0.0732948 9.9982E-05 0.43895 0.195846
9.9982E-05 0.341347 0.200102 9.9982E-05 0.317727 0.140624
0.0371713 0.0795685 0.178305 9.9991E-05 0.166289 0.538566
9.9982E-05 0.268599 9.9982E-05 0.014456 0.472395 0.244351
0.0695973 9.9982E-05 9.9982E-05 0.0615529 0.244032 0.624618
0.0588854 0.143725 0.0834202 0.0963587 0.266278 0.351332
0.00828228 0.105672 0.243908 0.0947703 0.183727 0.363642
0.255241 0.270883 9.9982E-05 9.9982E-05 0.224406 0.24927
9.9982E-05 0.0967974 9.9982E-05 0.35635 0.162223 0.38443
9.9982E-05 0.318416 0.127399 9.9982E-05 0.0962143 0.457771
0.0772141 0.295487 9.9982E-05 9.9982E-05 0.347948 0.279151
0.0490203 0.467036 9.9991E-05 0.268576 0.135832 0.0794353
0.0506172 0.35345 0.213711 0.166616 9.9991E-05 0.215506
0.140452 0.102643 0.0259176 0.295618 0.213413 0.221956
0.0531142 0.317514 9.9991E-05 0.143732 0.350286 0.135254
9.9982E-05 0.499498 9.9982E-05 0.153223 0.0669288 0.28015
9.999E-05 0.253286 0.0367548 0.0528137 0.267284 0.389761
0.0719781 0.413012 9.9982E-05 0.0987096 9.9982E-05 0.4161
9.9982E-05 0.533643 9.9982E-05 0.0896034 0.0925403 0.284014
0.271633 9.9982E-05 9.9982E-05 0.28099 0.0951726 0.352004
9.9973E-05 0.0430394 0.180811 9.9973E-05 9.9973E-05 0.77585
0.0866068 9.9991E-05 0.238484 0.0183279 0.0317134 0.624768
0.128224 0.120194 9.9973E-05 9.9973E-05 9.9973E-05 0.751282
9.9991E-05 0.0602484 0.0636483 0.167096 0.280191 0.428717
0.152345 0.101381 0.219198 0.040684 0.0424532 0.443939
9.996E-05 9.996E-05 9.996E-05 9.996E-05 9.996E-05 0.9995
9.9982E-05 9.9982E-05 0.213868 0.0425269 0.0324362 0.710969
0.102468 0.100705 9.9991E-05 0.00642967 0.0750142 0.715283
9.9982E-05 0.0297141 0.140734 9.9982E-05 0.0742233 0.755129
0.128426 0.115692 9.9982E-05 9.9982E-05 0.138277 0.617404
9.9991E-05 0.214265 0.0328468 0.0858372 0.152951 0.514
0.176871 0.0821927 0.069023 0.0139463 9.9991E-05 0.657867
0.177614 0.0714888 9.9982E-05 0.255647 9.9982E-05 0.49505
9.9982E-05 0.0311444 0.183335 0.344398 9.9982E-05 0.440923
9.9991E-05 0.306452 0.0834603 0.117752 0.183132 0.309104
9.9982E-05 0.198257 9.9982E-05 0.156604 0.0080853 0.636854
0.0290704 0.0506066 0.0992422 0.0566123 9.9991E-05 0.764369
9.9973E-05 0.367564 0.109177 9.9973E-05 9.9973E-05 0.522959
0.154232 0.116324 9.9982E-05 9.9982E-05 0.0558246 0.67342
0.027874 0.0536261 9.9973E-05 9.9973E-05 9.9973E-05 0.9182
0.236419 0.378678 9.9991E-05 0.0457598 0.0255222 0.313522
9.9991E-05 0.188362 0.0615369 0.027884 0.139664 0.582453
0.0545899 0.400507 0.0689693 9.9982E-05 9.9982E-05 0.475733
0.0767901 0.467874 0.0663446 0.025326 9.9991E-05 0.363565
9.9964E-05 0.275364 9.9964E-05 9.9964E-05 9.9964E-05 0.724236
9.9991E-05 0.0702104 0.0960853 0.217631 0.051513 0.56446
0.0589758 9.9973E-05 9.9973E-05 9.9973E-05 0.108838 0.831886
9.9973E-05 9.9973E-05 0.060063 0.0720553 9.9973E-05 0.867582
0.097081 0.0145491 9.9991E-05 0.396807 0.0151649 0.476298
9.9973E-05 0.835749 9.9973E-05 0.0944022 9.9973E-05 0.0695488
9.9982E-05 0.630533 0.120605 0.212678 9.9982E-05 0.035984
0.0545871 0.537467 9.9991E-05 0.207884 0.0736574 0.126305
0.168455 0.783261 0.0203506 0.0223991 9.9991E-05 0.00543408
0.0794001 0.879005 9.9982E-05 9.9982E-05 0.000595386 0.0407993
9.9973E-05 0.939942 9.9973E-05 0.0289268 9.9973E-05 0.030831
9.9973E-05 0.750571 9.9973E-05 0.196824 0.052305 9.9973E-05
0.128171 0.676844 0.190136 0.00464868 9.9982E-05 9.9982E-05
9.9973E-05 0.541371 0.224195 0.234134 9.9973E-05 9.9973E-05
9.9982E-05 0.654013 0.10627 0.232104 0.00741305 9.9982E-05
0.109686 0.79481 0.0402136 9.9982E-05 0.0550903 9.9982E-05
0.0373031 0.660143 9.9991E-05 0.0697028 0.143519 0.0892321
9.9982E-05 0.870618 9.9982E-05 0.0732744 0.0528919 0.00301619
0.0796558 0.617174 0.0550753 0.124575 9.9991E-05 0.123419
0.141346 0.858254 9.9964E-05 9.9964E-05 9.9964E-05 9.9964E-05
0.231436 0.47789 0.0528275 0.095945 9.9991E-05 0.141802
0.00277107 0.788164 0.0278045 9.9982E-05 0.181061 9.9982E-05
0.104963 0.436596 9.9991E-05 0.0786128 0.25626 0.123469
0.166221 0.744744 9.9982E-05 0.00362853 0.0852057 9.9982E-05
9.9991E-05 0.505683 0.141842 0.200652 0.113993 0.0377301
9.9973E-05 0.403079 9.9973E-05 0.340724 0.255897 9.9973E-05
0.0799353 0.310719 0.141983 0.352794 0.0720208 0.0425479
0.163461 0.385205 0.0152243 0.422871 0.0131398 9.9991E-05
9.9973E-05 0.331111 9.9973E-05 0.357093 0.311496 9.9973E-05
0.15283 0.260544 9.9982E-05 0.514566 0.0718593 9.9982E-05
0.12002 0.125204 9.9991E-05 0.603137 0.0233949 0.128145
0.00502832 9.9973E-05 0.0472317 0.94744 9.9973E-05 9.9973E-05
0.0927319 9.9973E-05 9.9973E-05 0.870456 0.0365126 9.9973E-05
9.9964E-05 9.9964E-05 0.0877489 0.911851 9.9964E-05 9.9964E-05
0.0150012 9.9973E-05 9.9973E-05 0.823344 0.161354 9.9973E-05
9.9982E-05 9.9982E-05 0.0676834 0.474651 0.0363161 0.42115
9.9973E-05 9.9973E-05 0.0471957 0.799479 9.9973E-05 0.153025
9.9973E-05 9.9973E-05 0.0352158 0.913693 0.050791 9.9973E-05
0.0279185 0.189869 9.9982E-05 0.691043 9.9982E-05 0.0909696
0.0692733 0.107446 9.9982E-05 0.682981 0.140099 9.9982E-05
0.114285 0.154946 9.9991E-05 0.580922 0.0115606 0.138186
0.130025 0.085736 0.0909163 0.550338 0.12989 0.0130948
0.0591526 0.0902033 9.9982E-05 0.729721 0.120723 9.9982E-05
9.9973E-05 0.287962 0.0411524 0.670586 9.9973E-05 9.9973E-05
9.9982E-05 0.438192 0.0258016 0.475271 0.0605357 9.9982E-05
9.9991E-05 0.0956591 0.0917559 0.663669 0.0498009 0.0990147
0.0130376 0.220196 9.9973E-05 0.766466 9.9973E-05 9.9973E-05
9.9973E-05 0.180776 0.198263 0.620661 9.9973E-05 9.9973E-05
0.0948847 0.135056 0.00866223 0.761197 9.9982E-05 9.9982E-05
0.111041 0.409526 0.350887 0.0363966 9.9991E-05 0.09205
0.330334 0.369702 9.9986E-05 0.146085 0.153678 9.9986E-05
0.2257 0.450079 0.10046 0.169377 0.0542846 9.9991E-05
0.267014 0.634384 0.0152938 0.0831082 9.9982E-05 9.9982E-05
0.266921 0.114026 0.612187 0.00666703 9.9982E-05 9.9982E-05
0.125416 0.285416 0.533234 0.0191595 9.9991E-05 0.0366751
0.0765074 0.1288 0.721785 0.00398411 0.068823 9.9991E-05
0.0903798 0.148574 0.647114 9.9991E-05 0.033891 0.0799408
0.0526657 0.513112 0.433923 9.9973E-05 9.9973E-05 9.9973E-05
0.0873403 0.160182 0.577777 9.9982E-05 0.174501 9.9982E-05
9.9982E-05 0.0517585 0.517036 9.9982E-05 0.369771 0.0612344
0.0959204 0.367767 0.47207 0.00524061 0.0589019 9.9991E-05
0.133794 0.259216 0.581441 9.9982E-05 9.9982E-05 0.0253495
0.365927 0.242506 0.165466 9.9982E-05 0.225901 9.9982E-05
0.0457172 0.152517 0.74202 0.0315112 0.0281347 9.9991E-05
0.204292 0.112019 0.483677 0.0488155 0.151097 9.9991E-05
0.354884 0.12804 0.400306 0.10532 0.0113505 9.9991E-05
0.139766 0.168579 0.531125 9.9982E-05 0.160329 9.9982E-05
0.092822 0.0394599 0.8162 9.9991E-05 0.0432525 0.00816594
0.20435 0.00431558 0.695388 0.0533577 9.9991E-05 0.0424882
0.0548541 9.9973E-05 0.834394 9.9973E-05 9.9973E-05 0.110452
0.0603677 0.15535 0.70878 9.9982E-05 0.075302 9.9982E-05
0.312919 9.9973E-05 0.612446 9.9973E-05 0.0743348 9.9973E-05
9.9982E-05 0.086454 0.722888 0.183392 0.0070662 9.9982E-05
0.159442 0.091689 0.575233 9.9991E-05 0.135764 0.0377713
0.0979982 0.0959599 0.805742 9.9973E-05 9.9973E-05 9.9973E-05
9.9964E-05 9.9964E-05 0.974113 9.9964E-05 9.9964E-05 0.025487
0.301701 0.0942447 0.582162 9.9982E-05 9.9982E-05 0.0216924
0.130019 0.0743398 0.767333 9.9982E-05 0.0281088 9.9982E-05
0.00102751 9.9973E-05 0.980999 0.0176734 9.9973E-05 9.9973E-05
0.246654 9.9973E-05 0.64797 9.9973E-05 9.9973E-05 0.105076
0.0481964 0.220272 0.731232 9.9973E-05 9.9973E-05 9.9973E-05
0.134055 9.9964E-05 0.865545 9.9964E-05 9.9964E-05 9.9964E-05
0.00269009 9.9973E-05 0.920669 0.0763405 9.9973E-05 9.9973E-05
0.0800087 0.0239698 0.689903 0.172133 9.9991E-05 0.0338855
0.261578 9.9964E-05 0.738022 9.9964E-05 9.9964E-05 9.9964E-05
0.390055 9.9964E-05 0.609545 9.9964E-05 9.9964E-05 9.9964E-05
0.291145 9.9982E-05 0.630556 9.9982E-05 0.00174927 0.0763499
0.123261 9.9973E-05 0.83393 0.0425096 9.9973E-05 9.9973E-05
0.12355 0.158218 0.647122 9.9991E-05 0.0536087 0.0174006
0.0601603 9.9973E-05 0.896795 0.0427449 9.9973E-05 9.9973E-05
9.9964E-05 9.9964E-05 0.915835 9.9964E-05 0.083765 9.9964E-05
0.0209568 9.9973E-05 0.88667 9.9973E-05 9.9973E-05 0.0920731
0.292172 9.9982E-05 0.542339 0.0783968 9.9982E-05 0.0868925
9.9964E-05 9.9964E-05 0.961714 9.9964E-05 0.0378861 9.9964E-05
0.303992 9.9973E-05 0.65995 9.9973E-05 9.9973E-05 0.0357583
0.162055 9.9973E-05 0.7882 9.9973E-05 9.9973E-05 0.0494453
9.9973E-05 9.9973E-05 0.900328 0.0305205 9.9973E-05 0.0688519
0.22282 9.9982E-05 0.630836 9.9982E-05 0.064685 0.0814589
0.286113 0.0466212 0.441675 0.12479 9.9991E-05 0.100701
0.241075 9.9973E-05 0.678084 0.0805414 9.9973E-05 9.9973E-05
0.141359 9.9982E-05 0.590456 0.0464155 0.221569 9.9982E-05
0.567972 9.9982E-05 0.332569 0.0335588 0.0657004 9.9982E-05
9.9973E-05 0.0434244 0.848605 0.107671 9.9973E-05 9.9973E-05
0.423857 0.00484248 0.501761 9.9991E-05 0.0217458 0.0476932
0.221958 9.9973E-05 0.626579 9.9973E-05 0.151162 9.9973E-05
0.327608 9.9982E-05 0.543905 0.092095 0.0361923 9.9982E-05
0.192852 9.9982E-05 0.681924 9.9982E-05 0.0455532 0.0794708
0.625285 0.000249837 0.328212 9.9982E-05 0.0460531 9.9982E-05
0.522715 0.0872084 0.389777 9.9973E-05 9.9973E-05 9.9973E-05
0.508902 9.9964E-05 0.490699 9.9964E-05 9.9964E-05 9.9964E-05
0.55976 0.037845 0.390343 9.9982E-05 9.9982E-05 0.0118523
0.343595 9.9973E-05 0.629976 9.9973E-05 0.0261291 9.9973E-05
0.423677 9.99644E-05 0.575923 9.99644E-05 9.99644E-05 9.99644E-05
0.415929 0.00488774 0.578884 9.9973E-05 9.9973E-05 9.9973E-05
0.387445 9.9973E-05 0.590524 0.0217304 9.9973E-05 9.9973E-05
0.757324 0.0811696 0.0600028 9.9991E-05 0.0286905 0.0727133
0.396857 0.0258039 0.271545 0.236543 9.9991E-05 0.069152
0.764109 0.0797896 0.0272864 9.9991E-05 0.0228502 0.105865
0.607262 9.9991E-05 0.0123926 0.12756 0.192329 0.0603571
0.59736 0.0151234 0.224437 0.148636 0.0143444 9.9991E-05
0.481519 9.9973E-05 0.506208 0.0119726 9.9973E-05 9.9973E-05
0.76175 9.9964E-05 0.23785 9.9964E-05 9.9964E-05 9.9964E-05
0.528684 9.9964E-05 0.470917 9.9964E-05 9.9964E-05 9.9964E-05
0.785587 9.9973E-05 0.142825 0.0712884 9.9973E-05 9.9973E-05
0.962631 9.9964E-05 9.9964E-05 0.0369693 9.9964E-05 9.9964E-05
0.610782 9.9982E-05 0.283085 0.0459257 0.0600076 9.9982E-05
0.806205 9.9973E-05 0.164432 0.0290634 9.9973E-05 9.9973E-05
0.54506 0.049289 0.269477 0.0562997 0.0797743 9.9991E-05
0.535659 9.9982E-05 0.281255 0.0906527 0.0922332 9.9982E-05
0.728107 0.00296335 0.167554 9.9991E-05 0.0795634 0.0217114
0.991669 9.9964E-05 9.9964E-05 9.9964E-05 9.9964E-05 0.00793137
0.522021 0.145834 0.331845 9.9973E-05 9.9973E-05 9.9973E-05
0.470543 9.9973E-05 0.418786 9.9973E-05 0.11037 9.9973E-05
0.614394 0.114385 0.230963 9.9982E-05 0.0400573 9.9982E-05
0.760687 0.0569526 0.182061 9.9973E-05 9.9973E-05 9.9973E-05
0.589862 0.0434138 0.308071 0.0464537 0.00429152 0.00790845
0.835512 9.9973E-05 9.9973E-05 0.113445 9.9973E-05 0.0507429
0.78382 0.0287148 0.137608 9.9982E-05 0.049657 9.9982E-05
0.991985 9.9964E-05 0.00761525 9.9964E-05 9.9964E-05 9.9964E-05
0.765272 9.9973E-05 0.170376 9.9973E-05 0.0640523 9.9973E-05
0.9995 9.996E-05 9.996E-05 9.996E-05 9.996E-05 9.996E-05
0.9995 9.996E-05 9.996E-05 9.996E-05 9.996E-05 9.996E-05
0.977372 9.9973E-05 9.9973E-05 9.9973E-05 0.0220523 0.000275863
0.998086 9.9964E-05 0.00151427 9.9964E-05 9.9964E-05 9.9964E-05
0.9995 9.996E-05 9.996E-05 9.996E-05 9.996E-05 9.996E-05
0.961493 0.022803 9.9973E-05 0.0154045 9.9973E-05 9.9973E-05
0.966963 0.0326372 9.9964E-05 9.9964E-05 9.9964E-05 9.9964E-05
0.9995 9.996E-05 9.996E-05 9.996E-05 9.996E-05 9.996E-05
0.936394 9.9973E-05 9.9973E-05 0.0275262 0.0357794 9.9973E-05
0.9995 9.996E-05 9.996E-05 9.996E-05 9.996E-05 9.996E-05
0.999041 9.9964E-05 9.9964E-05 0.000558856 9.9964E-05 9.9964E-05
0.991373 9.9964E-05 9.9964E-05 9.9964E-05 0.00822711 9.9964E-05
0.934015 9.9973E-05 0.0493081 9.9973E-05 9.9973E-05 0.0163767
0.959551 9.9964E-05 0.0400492 9.9964E-05 9.9964E-05 9.9964E-05
0.964321 9.9964E-05 9.9964E-05 9.9964E-05 0.0352796 9.9964E-05
0.870515 9.9973E-05 0.119685 0.00950023 9.9973E-05 9.9973E-05
0.794743 9.9973E-05 0.165847 9.9973E-05 0.0391104 9.9973E-05
0.911617 9.9964E-05 9.9964E-05 9.9964E-05 9.9964E-05 0.0879828
0.838505 0.044251 0.0463419 0.070702 9.9982E-05 9.9982E-05
0.954895 9.9973E-05 0.0108319 9.9973E-05 0.0339735 9.9973E-05
0.903834 0.0268798 0.0689864 9.9973E-05 9.9973E-05 9.9973E-05
0.845526 9.9991E-05 0.0785895 0.0350824 0.0291767 0.011525
0.976699 0.0229011 9.9964E-05 9.9964E-05 9.9964E-05 9.9964E-05
0.932796 0.0668038 9.9964E-05 9.9964E-05 9.9964E-05 9.9964E-05
0.975827 9.9964E-05 9.9964E-05 9.9964E-05 0.0237731 9.9964E-05
0.963565 9.9973E-05 9.9973E-05 0.0319413 0.0041933 9.9973E-05
0.949053 9.9964E-05 0.0505467 9.9964E-05 9.9964E-05 9.9964E-05
0.542178 0.0605941 0.3136 9.9991E-05 0.0370368 0.0464909
0.956544 9.9973E-05 9.9973E-05 0.0164499 9.9973E-05 0.026706
0.554062 9.9982E-05 0.346416 9.9982E-05 0.010917 0.0884052
0.901991 0.045873 9.9982E-05 0.00986606 0.0420698 9.9982E-05
0.611121 0.0907311 0.187096 9.9991E-05 0.0985641 0.0123877
0.625489 0.043188 0.251498 0.0360821 0.043643 9.9991E-05
0.778394 0.139462 0.0242861 0.0314545 9.9991E-05 0.0263035
0.898138 0.00856661 9.9982E-05 0.0229873 9.9982E-05 0.0701079
0.709603 0.109155 0.126502 9.9982E-05 9.9982E-05 0.0545397
0.872636 0.0713965 0.0556678 9.9973E-05 9.9973E-05 9.9973E-05
0.671384 0.0408201 0.0903232 0.0257155 0.113372 0.058385
0.694793 0.0391 0.154127 0.0173677 0.0576851 0.0369273
0.729537 9.9964E-05 0.270063 9.9964E-05 9.9964E-05 9.9964E-05
0.715426 9.9982E-05 9.9982E-05 0.0827211 0.0368426 0.16481
0.720863 0.11655 0.0739417 9.9982E-05 9.9982E-05 0.0884457
0.801826 9.9973E-05 0.131097 0.0667768 9.9973E-05 9.9973E-05
0.62804 9.9982E-05 0.250052 9.9982E-05 0.0663002 0.055408
0.855593 0.078158 9.9982E-05 9.9982E-05 0.0433675 0.0226811
