9.98472E-05 9.98472E-05 9.98472E-05 9.98472E-05 9.98472E-05 0.586802 9.98472E-05 9.98472E-05 0.146936 9.98472E-05 9.98472E-05 0.0211673 9.98472E-05 9.98472E-05 0.0505702 0.0662147 9.98472E-05 9.98472E-05 9.98472E-05 0.00438812 9.98472E-05 0.111587 0.00350821 0.00712967 9.98472E-05 9.98472E-05
9.98471E-05 9.98471E-05 9.98471E-05 9.98471E-05 0.252834 0.427702 0.00692071 0.0243171 9.98471E-05 9.98471E-05 9.98471E-05 0.0933883 9.98471E-05 9.98471E-05 9.98471E-05 9.98471E-05 0.128829 9.98471E-05 9.98471E-05 9.98471E-05 9.98471E-05 9.98471E-05 0.0199103 0.0223085 9.98471E-05 0.0220925
9.97755E-05 9.97755E-05 9.97755E-05 9.97755E-05 9.97755E-05 0.997506 9.97755E-05 9.97755E-05 9.97755E-05 9.97755E-05 9.97755E-05 9.97755E-05 9.97755E-05 9.97755E-05 9.97755E-05 9.97755E-05 9.97755E-05 9.97755E-05 9.97755E-05 9.97755E-05 9.97755E-05 9.97755E-05 9.97755E-05 9.97755E-05 9.97755E-05 9.97755E-05
9.98382E-05 9.98382E-05 9.98382E-05 0.0878724 9.98382E-05 0.637874 0.0199247 9.98382E-05 9.98382E-05 9.98382E-05 9.98382E-05 0.07826 9.98382E-05 9.98382E-05 9.98382E-05 9.98382E-05 0.117825 0.0274322 9.98382E-05 9.98382E-05 0.0221023 9.98382E-05 9.98382E-05 0.00691166 9.98382E-05 9.98382E-05
9.98292E-05 9.98292E-05 9.98292E-05 0.0573627 9.98292E-05 0.675791 9.98292E-05 9.98292E-05 9.98292E-05 9.98292E-05 0.161487 9.98292E-05 9.98292E-05 9.98292E-05 9.98292E-05 9.98292E-05 9.98292E-05 9.98292E-05 0.0403247 0.00120929 0.0169838 9.98292E-05 0.0449452 9.98292E-05 9.98292E-05 9.98292E-05
9.98651E-05 0.0253265 9.98651E-05 0.0567217 0.00423099 0.809348 9.98651E-05 9.98651E-05 0.0403564 9.98651E-05 9.98651E-05 9.98651E-05 0.0198681 0.000911174 0.00647315 0.0299406 9.98651E-05 9.98651E-05 0.00155014 9.98651E-05 0.0037754 9.98651E-05 9.98651E-05 9.98651E-05 9.98651E-05 9.98651E-05
9.98203E-05 9.98203E-05 9.98203E-05 9.98203E-05 9.98203E-05 0.632239 9.98203E-05 9.98203E-05 9.98203E-05 9.98203E-05 0.146297 9.98203E-05 9.98203E-05 0.13208 9.98203E-05 0.0651989 0.00976964 9.98203E-05 9.98203E-05 9.98203E-05 9.98203E-05 9.98203E-05 9.98203E-05 9.98203E-05 0.0124195 9.98203E-05
9.97934E-05 9.97934E-05 9.97934E-05 9.97934E-05 0.96476 9.97934E-05 9.97934E-05 9.97934E-05 0.0156776 9.97934E-05 9.97934E-05 9.97934E-05 0.0172672 9.97934E-05 9.97934E-05 9.97934E-05 9.97934E-05 9.97934E-05 9.97934E-05 9.97934E-05 9.97934E-05 9.97934E-05 9.97934E-05 9.97934E-05 9.97934E-05 9.97934E-05
0.0634128 0.0270603 9.98293E-05 9.98293E-05 0.200385 0.491806 0.0030066 9.98293E-05 0.178702 9.98293E-05 9.98293E-05 9.98293E-05 9.98293E-05 9.98293E-05 9.98293E-05 9.98293E-05 9.98293E-05 9.98293E-05 9.98293E-05 9.98293E-05 9.98293E-05 0.0337305 9.98293E-05 9.98293E-05 9.98293E-05 9.98293E-05
9.97844E-05 9.97844E-05 9.97844E-05 9.97844E-05 0.986995 9.97844E-05 9.97844E-05 9.97844E-05 9.97844E-05 9.97844E-05 9.97844E-05 9.97844E-05 9.97844E-05 9.97844E-05 9.97844E-05 9.97844E-05 9.97844E-05 9.97844E-05 0.0106099 9.97844E-05 9.97844E-05 9.97844E-05 9.97844E-05 9.97844E-05 9.97844E-05 9.97844E-05
9.98292E-05 9.98292E-05 0.00203172 9.98292E-05 0.0352686 0.622111 9.98292E-05 9.98292E-05 9.98292E-05 0.110387 9.98292E-05 9.98292E-05 9.98292E-05 9.98292E-05 0.161067 0.0305364 9.98292E-05 0.0367021 9.98292E-05 9.98292E-05 9.98292E-05 9.98292E-05 9.98292E-05 9.98292E-05 9.98292E-05 9.98292E-05
9.97754E-05 9.97754E-05 9.97754E-05 9.97754E-05 9.97754E-05 9.97754E-05 9.97754E-05 9.97754E-05 9.97754E-05 9.97754E-05 9.97754E-05 9.97754E-05 9.97754E-05 9.97754E-05 9.97754E-05 9.97754E-05 9.97754E-05 9.97754E-05 9.97754E-05 9.97754E-05 9.97754E-05 9.97754E-05 9.97754E-05 0.997506 9.97754E-05 9.97754E-05
9.98741E-05 0.0175036 9.98741E-05 9.98741E-05 9.98741E-05 0.0407764 0.0698264 0.0706228 9.98741E-05 9.98741E-05 9.98741E-05 0.0270507 0.0225661 9.98741E-05 9.98741E-05 9.98741E-05 9.98741E-05 0.00756404 0.0155434 9.98741E-05 0.18659 9.98741E-05 9.98741E-05 0.490033 0.0211433 0.0293821
9.98382E-05 9.98382E-05 9.98382E-05 0.301348 0.0388134 9.98382E-05 9.98382E-05 0.00725752 9.98382E-05 9.98382E-05 9.98382E-05 0.0132808 9.98382E-05 0.117241 9.98382E-05 0.0582953 9.98382E-05 9.98382E-05 9.98382E-05 9.98382E-05 9.98382E-05 0.0434383 9.98382E-05 0.418528 9.98382E-05 9.98382E-05
9.98651E-05 9.98651E-05 9.98651E-05 0.107868 0.106878 9.98651E-05 0.00850028 9.98651E-05 9.98651E-05 9.98651E-05 9.98651E-05 9.98651E-05 9.98651E-05 0.229046 9.98651E-05 9.98651E-05 0.1217 9.98651E-05 9.98651E-05 9.98651E-05 0.0560876 0.042559 0.00984464 0.270989 0.00358732 0.0414424
9.98382E-05 9.98382E-05 9.98382E-05 0.0540296 9.98382E-05 9.98382E-05 9.98382E-05 0.059336 0.0513858 0.00687038 9.98382E-05 9.98382E-05 9.98382E-05 9.98382E-05 9.98382E-05 0.0690122 0.024089 9.98382E-05 9.98382E-05 9.98382E-05 0.548481 9.98382E-05 9.98382E-05 0.184999 9.98382E-05 9.98382E-05
9.98292E-05 9.98292E-05 9.98292E-05 0.0273556 0.0227317 0.0160103 9.98292E-05 9.98292E-05 9.98292E-05 9.98292E-05 9.98292E-05 9.98292E-05 9.98292E-05 0.0861277 0.0415797 9.98292E-05 9.98292E-05 9.98292E-05 9.98292E-05 9.98292E-05 9.98292E-05 9.98292E-05 0.113379 0.690919 9.98292E-05 9.98292E-05
9.98471E-05 0.194599 9.98471E-05 9.98471E-05 0.013174 9.98471E-05 9.98471E-05 9.98471E-05 9.98471E-05 9.98471E-05 0.0131152 9.98471E-05 0.0278792 9.98471E-05 9.98471E-05 9.98471E-05 9.98471E-05 9.98471E-05 9.98471E-05 0.139646 0.0296894 0.019775 9.98471E-05 0.535702 9.98471E-05 0.0247229
0.00743464 9.98382E-05 9.98382E-05 9.98382E-05 9.98382E-05 9.98382E-05 9.98382E-05 9.98382E-05 9.98382E-05 9.98382E-05 9.98382E-05 9.98382E-05 0.10869 9.98382E-05 9.98382E-05 9.98382E-05 0.0778897 0.0359656 0.000658401 0.0387919 0.577696 9.98382E-05 9.98382E-05 0.151076 9.98382E-05 9.98382E-05
0.0218172 0.0167942 9.98651E-05 0.207907 9.98651E-05 9.98651E-05 9.98651E-05 9.98651E-05 9.98651E-05 9.98651E-05 0.0592468 9.98651E-05 9.98651E-05 9.98651E-05 0.0402276 0.00736297 0.0587105 9.98651E-05 9.98651E-05 9.98651E-05 0.0185561 0.170053 0.0526066 0.345221 9.98651E-05 9.98651E-05
0.00978164 9.98831E-05 9.98831E-05 9.98831E-05 9.98831E-05 9.98831E-05 9.98831E-05 9.98831E-05 0.0172145 9.98831E-05 0.0414871 0.0312033 0.0103636 0.118079 9.98831E-05 9.98831E-05 9.98831E-05 9.98831E-05 0.0737936 0.0318323 0.229499 0.141689 9.98831E-05 0.190611 0.0276969 0.0754504
0.020615 0.0726789 9.98382E-05 9.98382E-05 9.98382E-05 9.98382E-05 9.98382E-05 9.98382E-05 9.98382E-05 9.98382E-05 9.98382E-05 0.522205 9.98382E-05 9.98382E-05 0.126777 0.0357075 9.98382E-05 9.98382E-05 9.98382E-05 0.0229592 0.103236 0.0940242 9.98382E-05 9.98382E-05 9.98382E-05 9.98382E-05
9.98472E-05 0.0887223 9.98472E-05 0.0532611 9.98472E-05 9.98472E-05 9.98472E-05 9.98472E-05 9.98472E-05 9.98472E-05 0.071033 0.571171 9.98472E-05 0.0914019 9.98472E-05 9.98472E-05 0.0123417 9.98472E-05 0.00604184 9.98472E-05 0.0687783 0.0355511 9.98472E-05 9.98472E-05 9.98472E-05 9.98472E-05
0.0226193 9.98471E-05 9.98471E-05 9.98471E-05 9.98471E-05 0.0214946 9.98471E-05 9.98471E-05 9.98471E-05 9.98471E-05 0.0570225 0.511561 0.0321889 9.98471E-05 9.98471E-05 9.98471E-05 9.98471E-05 0.228536 9.98471E-05 9.98471E-05 9.98471E-05 0.0423245 9.98471E-05 0.0730148 0.00954115 9.98471E-05
9.98023E-05 9.98023E-05 9.98023E-05 9.98023E-05 9.98023E-05 9.98023E-05 0.023965 9.98023E-05 9.98023E-05 9.98023E-05 9.98023E-05 0.952516 9.98023E-05 9.98023E-05 9.98023E-05 9.98023E-05 9.98023E-05 9.98023E-05 0.00662582 0.0146971 9.98023E-05 9.98023E-05 9.98023E-05 9.98023E-05 9.98023E-05 9.98023E-05
0.00864613 9.98382E-05 9.98382E-05 0.197408 9.98382E-05 9.98382E-05 9.98382E-05 9.98382E-05 9.98382E-05 9.98382E-05 9.98382E-05 0.49166 9.98382E-05 0.107895 9.98382E-05 0.17228 9.98382E-05 9.98382E-05 9.98382E-05 9.98382E-05 0.00879352 0.00599441 9.98382E-05 9.98382E-05 0.0055257 9.98382E-05
0.00493676 9.98562E-05 0.0214497 9.98562E-05 9.98562E-05 9.98562E-05 0.0450243 9.98562E-05 9.98562E-05 0.241707 0.0706027 0.301662 9.98562E-05 0.0030436 0.139431 9.98562E-05 9.98562E-05 9.98562E-05 9.98562E-05 0.0555698 9.98562E-05 9.98562E-05 9.98562E-05 0.114975 9.98562E-05 9.98562E-05
9.97844E-05 9.97844E-05 9.97844E-05 9.97844E-05 9.97844E-05 9.97844E-05 9.97844E-05 9.97844E-05 9.97844E-05 9.97844E-05 9.97844E-05 0.987472 9.97844E-05 9.97844E-05 9.97844E-05 9.97844E-05 9.97844E-05 9.97844E-05 9.97844E-05 9.97844E-05 9.97844E-05 9.97844E-05 9.97844E-05 9.97844E-05 9.97844E-05 0.010133
9.98203E-05 9.98203E-05 9.98203E-05 9.98203E-05 0.0601948 9.98203E-05 9.98203E-05 9.98203E-05 9.98203E-05 9.98203E-05 9.98203E-05 0.695625 0.00929192 0.129607 9.98203E-05 9.98203E-05 9.98203E-05 9.98203E-05 9.98203E-05 9.98203E-05 9.98203E-05 0.0148123 0.0884732 9.98203E-05 9.98203E-05 9.98203E-05
9.98293E-05 0.0149551 9.98293E-05 0.00413903 9.98293E-05 9.98293E-05 9.98293E-05 0.0419325 0.0365088 9.98293E-05 9.98293E-05 0.886098 9.98293E-05 9.98293E-05 9.98293E-05 9.98293E-05 9.98293E-05 0.0104309 9.98293E-05 9.98293E-05 9.98293E-05 9.98293E-05 9.98293E-05 0.00403871 9.98293E-05 9.98293E-05
9.97755E-05 9.97755E-05 9.97755E-05 9.97755E-05 9.97755E-05 9.97755E-05 9.97755E-05 9.97755E-05 9.97755E-05 9.97755E-05 9.97755E-05 9.97755E-05 9.97755E-05 9.97755E-05 9.97755E-05 9.97755E-05 9.97755E-05 9.97755E-05 9.97755E-05 9.97755E-05 9.97755E-05 9.97755E-05 0.997506 9.97755E-05 9.97755E-05 9.97755E-05
9.97844E-05 9.97844E-05 9.97844E-05 9.97844E-05 9.97844E-05 0.0215056 9.97844E-05 9.97844E-05 9.97844E-05 9.97844E-05 9.97844E-05 9.97844E-05 9.97844E-05 9.97844E-05 9.97844E-05 9.97844E-05 9.97844E-05 9.97844E-05 9.97844E-05 9.97844E-05 9.97844E-05 9.97844E-05 0.9761 9.97844E-05 9.97844E-05 9.97844E-05
9.98652E-05 9.98652E-05 0.073999 9.98652E-05 0.110259 9.98652E-05 9.98652E-05 9.98652E-05 9.98652E-05 9.98652E-05 9.98652E-05 0.0533537 9.98652E-05 9.98652E-05 0.0854806 9.98652E-05 9.98652E-05 0.0350278 0.0456997 0.000197824 0.344004 0.0555762 9.98652E-05 9.98652E-05 0.0316238 0.16328
9.98293E-05 0.0395154 0.122558 0.0790572 9.98293E-05 9.98293E-05 9.98293E-05 9.98293E-05 9.98293E-05 9.98293E-05 9.98293E-05 0.0574458 9.98293E-05 9.98293E-05 9.98293E-05 0.0438364 9.98293E-05 0.0262548 9.98293E-05 9.98293E-05 9.98293E-05 0.629436 9.98293E-05 9.98293E-05 9.98293E-05 9.98293E-05
0.0263152 0.0774405 0.173147 9.98921E-05 0.0246512 0.018613 9.98921E-05 9.98921E-05 9.98921E-05 0.110535 0.0712363 0.0989218 9.98921E-05 0.089256 9.98921E-05 0.0266877 9.98921E-05 9.98921E-05 0.0760449 9.98921E-05 0.0613493 0.11742 9.98921E-05 9.98921E-05 0.0271834 9.98921E-05
9.97845E-05 9.97845E-05 9.97845E-05 9.97845E-05 9.97845E-05 9.97845E-05 9.97845E-05 9.97845E-05 9.97845E-05 9.97845E-05 9.97845E-05 9.97845E-05 9.97845E-05 9.97845E-05 0.0568822 9.97845E-05 9.97845E-05 9.97845E-05 9.97845E-05 9.97845E-05 9.97845E-05 0.940723 9.97845E-05 9.97845E-05 9.97845E-05 9.97845E-05
9.98292E-05 9.98292E-05 0.0116395 9.98292E-05 9.98292E-05 0.0240093 9.98292E-05 9.98292E-05 9.98292E-05 9.98292E-05 0.0506673 0.0100675 9.98292E-05 9.98292E-05 9.98292E-05 9.98292E-05 9.98292E-05 9.98292E-05 9.98292E-05 9.98292E-05 0.857974 0.0212247 9.98292E-05 9.98292E-05 9.98292E-05 0.0225212
9.98502E-05 9.98502E-05 9.98502E-05 9.98502E-05 9.98502E-05 9.98502E-05 9.98502E-05 9.98502E-05 0.0550675 0.0722153 0.052745 0.0941745 0.0655132 9.98502E-05 9.98502E-05 0.0649936 9.98502E-05 9.98502E-05 9.98502E-05 0.00372382 0.25205 0.168583 9.98502E-05 0.146536 0.022901 9.98502E-05
9.97754E-05 9.97754E-05 0.997506 9.97754E-05 9.97754E-05 9.97754E-05 9.97754E-05 9.97754E-05 9.97754E-05 9.97754E-05 9.97754E-05 9.97754E-05 9.97754E-05 9.97754E-05 9.97754E-05 9.97754E-05 9.97754E-05 9.97754E-05 9.97754E-05 9.97754E-05 9.97754E-05 9.97754E-05 9.97754E-05 9.97754E-05 9.97754E-05 9.97754E-05
9.98471E-05 0.020399 0.771646 0.00918202 9.98471E-05 0.0731124 9.98471E-05 9.98471E-05 0.0150115 0.0310312 0.0123385 9.98471E-05 9.98471E-05 9.98471E-05 9.98471E-05 9.98471E-05 9.98471E-05 9.98471E-05 9.98471E-05 9.98471E-05 0.0244422 9.98471E-05 9.98471E-05 9.98471E-05 9.98471E-05 0.0411401
9.98113E-05 9.98113E-05 9.98113E-05 9.98113E-05 9.98113E-05 0.0151803 0.0306928 9.98113E-05 9.98113E-05 9.98113E-05 9.98113E-05 0.0353198 9.98113E-05 9.98113E-05 0.0243122 9.98113E-05 9.98113E-05 9.98113E-05 9.98113E-05 9.98113E-05 9.98113E-05 0.892399 9.98113E-05 9.98113E-05 9.98113E-05 9.98113E-05
9.98472E-05 9.98472E-05 0.247419 9.98472E-05 9.98472E-05 9.98472E-05 0.00519171 9.98472E-05 9.98472E-05 9.98472E-05 9.98472E-05 9.98472E-05 9.98472E-05 0.0202392 9.98472E-05 9.98472E-05 0.0116311 9.98472E-05 0.100176 0.119835 0.0845938 0.37503 0.0341866 9.98472E-05 9.98472E-05 9.98472E-05
9.98292E-05 9.98292E-05 9.98292E-05 9.98292E-05 0.00144895 9.98292E-05 0.00470698 0.00973671 9.98292E-05 9.98292E-05 9.98292E-05 9.98292E-05 9.98292E-05 9.98292E-05 9.98292E-05 9.98292E-05 9.98292E-05 9.98292E-05 9.98292E-05 0.0163525 9.98292E-05 0.893439 9.98292E-05 0.017968 9.98292E-05 0.0544507
9.97754E-05 9.97754E-05 9.97754E-05 9.97754E-05 9.97754E-05 9.97754E-05 9.97754E-05 9.97754E-05 9.97754E-05 9.97754E-05 9.97754E-05 9.97754E-05 9.97754E-05 9.97754E-05 9.97754E-05 9.97754E-05 9.97754E-05 9.97754E-05 9.97754E-05 9.97754E-05 0.997506 9.97754E-05 9.97754E-05 9.97754E-05 9.97754E-05 9.97754E-05
0.112069 9.98472E-05 0.412215 0.00130627 9.98472E-05 9.98472E-05 9.98472E-05 9.98472E-05 9.98472E-05 0.0946458 9.98472E-05 9.98472E-05 9.98472E-05 9.98472E-05 9.98472E-05 0.126007 9.98472E-05 9.98472E-05 0.0543125 0.00781529 0.114417 9.98472E-05 0.0755146 9.98472E-05 9.98472E-05 9.98472E-05
9.98651E-05 0.471952 9.98651E-05 0.0260431 0.00213527 9.98651E-05 0.0187709 9.98651E-05 9.98651E-05 9.98651E-05 0.00452869 0.0399175 9.98651E-05 9.98651E-05 0.0696904 0.0047072 9.98651E-05 9.98651E-05 9.98651E-05 0.0744748 9.98651E-05 9.98651E-05 0.179471 9.98651E-05 9.98651E-05 0.106811
9.98203E-05 0.611484 9.98203E-05 9.98203E-05 9.98203E-05 9.98203E-05 9.98203E-05 9.98203E-05 0.148172 9.98203E-05 0.0282622 9.98203E-05 9.98203E-05 9.98203E-05 0.109136 0.0789662 9.98203E-05 9.98203E-05 9.98203E-05 9.98203E-05 9.98203E-05 9.98203E-05 9.98203E-05 9.98203E-05 0.0219838 9.98203E-05
9.98202E-05 9.98202E-05 9.98202E-05 9.98202E-05 0.122393 9.98202E-05 9.98202E-05 9.98202E-05 9.98202E-05 9.98202E-05 0.0373195 9.98202E-05 9.98202E-05 0.0674681 9.98202E-05 0.719419 9.98202E-05 9.98202E-05 9.98202E-05 0.00106117 9.98202E-05 9.98202E-05 9.98202E-05 0.0503435 9.98202E-05 9.98202E-05
9.98471E-05 0.208458 9.98471E-05 9.98471E-05 9.98471E-05 9.98471E-05 9.98471E-05 9.98471E-05 9.98471E-05 9.98471E-05 9.98471E-05 9.98471E-05 9.98471E-05 9.98471E-05 0.00195721 0.188186 9.98471E-05 0.00303077 9.98471E-05 0.0199255 0.0972825 0.115186 0.304176 0.0601006 9.98471E-05 9.98471E-05
0.015337 0.765738 0.0210386 9.98293E-05 9.98293E-05 9.98293E-05 9.98293E-05 9.98293E-05 9.98293E-05 9.98293E-05 9.98293E-05 9.98293E-05 9.98293E-05 0.0607426 9.98293E-05 9.98293E-05 9.98293E-05 9.98293E-05 0.0444153 9.98293E-05 0.0821177 9.98293E-05 9.98293E-05 0.0087135 9.98293E-05 9.98293E-05
9.98382E-05 0.0609757 9.98382E-05 9.98382E-05 9.98382E-05 9.98382E-05 9.98382E-05 9.98382E-05 0.0429056 0.0229683 9.98382E-05 9.98382E-05 9.98382E-05 9.98382E-05 9.98382E-05 0.48514 9.98382E-05 0.0670827 0.0148921 9.98382E-05 9.98382E-05 0.237724 0.0665142 9.98382E-05 9.98382E-05 9.98382E-05
0.0436178 0.517356 9.98651E-05 0.00811154 9.98651E-05 0.0564872 9.98651E-05 9.98651E-05 0.0326608 9.98651E-05 9.98651E-05 0.0576355 9.98651E-05 9.98651E-05 0.0396424 0.0228771 9.98651E-05 0.0893312 9.98651E-05 9.98651E-05 9.98651E-05 0.0416877 9.98651E-05 9.98651E-05 9.98651E-05 0.0890954
9.97754E-05 0.997506 9.97754E-05 9.97754E-05 9.97754E-05 9.97754E-05 9.97754E-05 9.97754E-05 9.97754E-05 9.97754E-05 9.97754E-05 9.97754E-05 9.97754E-05 9.97754E-05 9.97754E-05 9.97754E-05 9.97754E-05 9.97754E-05 9.97754E-05 9.97754E-05 9.97754E-05 9.97754E-05 9.97754E-05 9.97754E-05 9.97754E-05 9.97754E-05
0.0291164 0.184331 9.98561E-05 9.98561E-05 0.0303404 9.98561E-05 9.98561E-05 9.98561E-05 9.98561E-05 9.98561E-05 9.98561E-05 0.153773 9.98561E-05 9.98561E-05 0.0658312 0.227254 9.98561E-05 0.0756391 0.103947 9.98561E-05 9.98561E-05 0.00925719 9.98561E-05 9.98561E-05 9.98561E-05 0.118913
9.98651E-05 0.40939 9.98651E-05 9.98651E-05 9.98651E-05 0.038712 0.105604 9.98651E-05 9.98651E-05 9.98651E-05 0.0101832 0.0317526 0.0279237 9.98651E-05 9.98651E-05 9.98651E-05 9.98651E-05 0.118309 9.98651E-05 9.98651E-05 9.98651E-05 0.0691205 0.0869608 0.049625 0.0509203 9.98651E-05
9.98382E-05 0.494452 9.98382E-05 0.0620173 9.98382E-05 9.98382E-05 0.0836978 9.98382E-05 9.98382E-05 9.98382E-05 9.98382E-05 9.98382E-05 9.98382E-05 0.00539079 9.98382E-05 9.98382E-05 0.11418 0.0659908 9.98382E-05 9.98382E-05 9.98382E-05 0.0634349 0.109039 9.98382E-05 9.98382E-05 9.98382E-05
9.97754E-05 9.97754E-05 9.97754E-05 9.97754E-05 9.97754E-05 9.97754E-05 9.97754E-05 9.97754E-05 9.97754E-05 9.97754E-05 9.97754E-05 9.97754E-05 9.97754E-05 9.97754E-05 9.97754E-05 0.997506 9.97754E-05 9.97754E-05 9.97754E-05 9.97754E-05 9.97754E-05 9.97754E-05 9.97754E-05 9.97754E-05 9.97754E-05 9.97754E-05
9.98292E-05 0.585968 9.98292E-05 9.98292E-05 9.98292E-05 9.98292E-05 9.98292E-05 0.0476585 9.98292E-05 9.98292E-05 9.98292E-05 0.118294 0.0328766 9.98292E-05 9.98292E-05 0.0929253 9.98292E-05 9.98292E-05 9.98292E-05 0.0193909 0.10099 9.98292E-05 9.98292E-05 9.98292E-05 9.98292E-05 9.98292E-05
9.98382E-05 0.312231 0.0621911 9.98382E-05 9.98382E-05 0.0456728 9.98382E-05 9.98382E-05 9.98382E-05 9.98382E-05 9.98382E-05 9.98382E-05 9.98382E-05 9.98382E-05 0.319156 0.117753 0.0541933 9.98382E-05 9.98382E-05 9.98382E-05 9.98382E-05 9.98382E-05 0.0189106 0.0680957 9.98382E-05 9.98382E-05
9.98382E-05 0.536028 9.98382E-05 9.98382E-05 0.0410332 9.98382E-05 9.98382E-05 0.147967 9.98382E-05 0.0363548 9.98382E-05 0.142131 0.00173464 9.98382E-05 9.98382E-05 9.98382E-05 9.98382E-05 9.98382E-05 9.98382E-05 0.0249411 9.98382E-05 0.0680137 9.98382E-05 9.98382E-05 9.98382E-05 9.98382E-05
9.98203E-05 0.593529 9.98203E-05 9.98203E-05 9.98203E-05 9.98203E-05 0.210913 9.98203E-05 9.98203E-05 9.98203E-05 9.98203E-05 9.98203E-05 0.00882444 9.98203E-05 9.98203E-05 9.98203E-05 9.98203E-05 9.98203E-05 9.98203E-05 0.0616681 9.98203E-05 0.116303 9.98203E-05 0.00676572 9.98203E-05 9.98203E-05
9.97753E-05 9.97753E-05 9.97753E-05 9.97753E-05 9.97753E-05 9.97753E-05 9.97753E-05 9.97753E-05 9.97753E-05 9.97753E-05 9.97753E-05 9.97753E-05 9.97753E-05 9.97753E-05 9.97753E-05 9.97753E-05 9.97753E-05 9.97753E-05 9.97753E-05 0.997506 9.97753E-05 9.97753E-05 9.97753E-05 9.97753E-05 9.97753E-05 9.97753E-05
0.0618618 0.0547031 9.98651E-05 9.98651E-05 9.98651E-05 0.017228 0.0953162 9.98651E-05 0.000682192 9.98651E-05 9.98651E-05 0.110863 9.98651E-05 0.412134 9.98651E-05 9.98651E-05 0.0975566 0.0550831 9.98651E-05 0.0405685 9.98651E-05 9.98651E-05 0.0525054 9.98651E-05 9.98651E-05 9.98651E-05
9.98113E-05 0.043349 9.98113E-05 9.98113E-05 9.98113E-05 9.98113E-05 9.98113E-05 0.0314852 9.98113E-05 9.98113E-05 0.127624 9.98113E-05 9.98113E-05 0.692544 0.102901 9.98113E-05 9.98113E-05 9.98113E-05 9.98113E-05 9.98113E-05 9.98113E-05 9.98113E-05 9.98113E-05 9.98113E-05 9.98113E-05 9.98113E-05
0.0290817 0.0556191 0.0237951 9.98921E-05 9.98921E-05 0.00781589 9.98921E-05 0.0325443 9.98921E-05 0.0530316 9.98921E-05 0.0403136 9.98921E-05 0.425958 0.130485 9.98921E-05 9.98921E-05 0.0426906 9.98921E-05 0.0293584 0.085915 9.98921E-05 9.98921E-05 0.0333472 9.98921E-05 0.00884514
9.98561E-05 9.98561E-05 9.98561E-05 9.98561E-05 9.98561E-05 9.98561E-05 0.00872267 9.98561E-05 9.98561E-05 0.0248534 9.98561E-05 9.98561E-05 0.077682 0.623217 9.98561E-05 0.042317 0.0328202 0.117544 9.98561E-05 9.98561E-05 9.98561E-05 9.98561E-05 9.98561E-05 0.018755 0.0155306 0.0369604
0.0389297 9.98381E-05 9.98381E-05 9.98381E-05 0.0159514 9.98381E-05 9.98381E-05 9.98381E-05 9.98381E-05 9.98381E-05 9.98381E-05 0.11619 9.98381E-05 0.648135 9.98381E-05 9.98381E-05 0.0227203 9.98381E-05 9.98381E-05 9.98381E-05 0.071859 9.98381E-05 9.98381E-05 9.98381E-05 0.0326345 0.051783
0.0229086 9.98651E-05 9.98651E-05 9.98651E-05 9.98651E-05 9.98651E-05 0.066705 0.104321 9.98651E-05 9.98651E-05 9.98651E-05 0.0259502 9.98651E-05 0.345742 0.0184043 9.98651E-05 0.0447729 0.125158 9.98651E-05 0.00189277 9.98651E-05 0.0306752 0.211971 9.98651E-05 9.98651E-05 9.98651E-05
9.98382E-05 9.98382E-05 9.98382E-05 0.0149635 0.0181714 9.98382E-05 9.98382E-05 0.00634553 0.0530995 9.98382E-05 9.98382E-05 9.98382E-05 9.98382E-05 0.176477 0.0843272 9.98382E-05 9.98382E-05 0.643455 9.98382E-05 0.00136342 9.98382E-05 9.98382E-05 9.98382E-05 9.98382E-05 9.98382E-05 9.98382E-05
9.98293E-05 9.98293E-05 9.98293E-05 0.119275 9.98293E-05 0.0400555 0.0245653 9.98293E-05 9.98293E-05 0.102222 9.98293E-05 9.98293E-05 9.98293E-05 0.532676 9.98293E-05 9.98293E-05 0.129034 0.0502751 9.98293E-05 9.98293E-05 9.98293E-05 9.98293E-05 9.98293E-05 9.98293E-05 9.98293E-05 9.98293E-05
9.98381E-05 9.98381E-05 9.98381E-05 9.98381E-05 9.98381E-05 9.98381E-05 9.98381E-05 9.98381E-05 9.98381E-05 0.00350111 0.0557172 9.98381E-05 0.0692432 0.642329 0.148714 0.00729185 0.0530646 9.98381E-05 9.98381E-05 0.0183413 9.98381E-05 9.98381E-05 9.98381E-05 9.98381E-05 9.98381E-05 9.98381E-05
0.0164107 0.0230899 0.0249681 0.0728635 9.98652E-05 0.0158781 9.98652E-05 9.98652E-05 9.98652E-05 9.98652E-05 9.98652E-05 9.98652E-05 9.98652E-05 0.6069 0.0426365 9.98652E-05 0.105069 0.0117419 9.98652E-05 9.98652E-05 9.98652E-05 9.98652E-05 0.0690126 0.00993198 9.98652E-05 9.98652E-05
9.98382E-05 9.98382E-05 0.0397696 9.98382E-05 9.98382E-05 9.98382E-05 9.98382E-05 0.0780626 0.0409828 0.00317438 0.0398278 9.98382E-05 9.98382E-05 0.445142 9.98382E-05 9.98382E-05 9.98382E-05 0.211909 0.139335 9.98382E-05 9.98382E-05 9.98382E-05 9.98382E-05 9.98382E-05 9.98382E-05 9.98382E-05
0.034515 9.98292E-05 9.98292E-05 9.98292E-05 9.98292E-05 9.98292E-05 9.98292E-05 0.0481295 9.98292E-05 0.113587 9.98292E-05 9.98292E-05 9.98292E-05 9.98292E-05 9.98292E-05 9.98292E-05 9.98292E-05 0.105174 9.98292E-05 9.98292E-05 0.0904977 9.98292E-05 0.596591 9.98292E-05 9.98292E-05 0.00960887
9.97754E-05 9.97754E-05 9.97754E-05 9.97754E-05 9.97754E-05 9.97754E-05 9.97754E-05 9.97754E-05 9.97754E-05 9.97754E-05 9.97754E-05 9.97754E-05 9.97754E-05 9.97754E-05 9.97754E-05 9.97754E-05 9.97754E-05 0.997506 9.97754E-05 9.97754E-05 9.97754E-05 9.97754E-05 9.97754E-05 9.97754E-05 9.97754E-05 9.97754E-05
0.0243717 9.98562E-05 0.000358283 9.98562E-05 9.98562E-05 9.98562E-05 9.98562E-05 9.98562E-05 9.98562E-05 0.0588307 0.0276839 9.98562E-05 9.98562E-05 0.251249 9.98562E-05 0.0472072 9.98562E-05 0.417618 0.114801 0.0426509 9.98562E-05 0.0136322 9.98562E-05 9.98562E-05 9.98562E-05 9.98562E-05
0.0154115 9.98382E-05 9.98382E-05 0.00149912 9.98382E-05 9.98382E-05 0.0910669 9.98382E-05 9.98382E-05 0.0629183 9.98382E-05 9.98382E-05 0.062077 0.736854 9.98382E-05 9.98382E-05 9.98382E-05 9.98382E-05 9.98382E-05 9.98382E-05 9.98382E-05 0.0150069 0.0133694 9.98382E-05 9.98382E-05 9.98382E-05
9.98381E-05 9.98381E-05 0.0370273 9.98381E-05 9.98381E-05 9.98381E-05 9.98381E-05 9.98381E-05 9.98381E-05 0.283629 0.0317789 9.98381E-05 9.98381E-05 0.259476 0.0797197 0.217083 9.98381E-05 0.0525136 9.98381E-05 9.98381E-05 9.98381E-05 9.98381E-05 9.98381E-05 0.0369761 9.98381E-05 9.98381E-05
9.97934E-05 9.97934E-05 9.97934E-05 0.0257966 9.97934E-05 9.97934E-05 9.97934E-05 0.920803 9.97934E-05 9.97934E-05 9.97934E-05 9.97934E-05 9.97934E-05 9.97934E-05 9.97934E-05 9.97934E-05 9.97934E-05 9.97934E-05 9.97934E-05 9.97934E-05 9.97934E-05 0.0511055 9.97934E-05 9.97934E-05 9.97934E-05 9.97934E-05
9.98024E-05 9.98024E-05 9.98024E-05 9.98024E-05 9.98024E-05 9.98024E-05 0.925741 9.98024E-05 9.98024E-05 9.98024E-05 9.98024E-05 9.98024E-05 0.015893 9.98024E-05 9.98024E-05 9.98024E-05 9.98024E-05 9.98024E-05 9.98024E-05 9.98024E-05 9.98024E-05 0.00314677 9.98024E-05 0.0530238 9.98024E-05 9.98024E-05
9.98382E-05 9.98382E-05 9.98382E-05 0.00650224 9.98382E-05 9.98382E-05 9.98382E-05 0.784165 9.98382E-05 0.0695187 9.98382E-05 9.98382E-05 9.98382E-05 9.98382E-05 9.98382E-05 0.0845418 0.0167005 9.98382E-05 0.00436565 0.00602559 9.98382E-05 9.98382E-05 9.98382E-05 9.98382E-05 9.98382E-05 0.0263836
9.98023E-05 0.0309793 0.0226084 9.98023E-05 9.98023E-05 9.98023E-05 9.98023E-05 0.92565 9.98023E-05 9.98023E-05 0.0185666 9.98023E-05 9.98023E-05 9.98023E-05 9.98023E-05 9.98023E-05 9.98023E-05 9.98023E-05 9.98023E-05 9.98023E-05 9.98023E-05 9.98023E-05 9.98023E-05 9.98023E-05 9.98023E-05 9.98023E-05
9.98023E-05 9.98023E-05 9.98023E-05 9.98023E-05 9.98023E-05 9.98023E-05 0.091672 0.726848 9.98023E-05 9.98023E-05 9.98023E-05 0.0948739 9.98023E-05 9.98023E-05 0.0844103 9.98023E-05 9.98023E-05 9.98023E-05 9.98023E-05 9.98023E-05 9.98023E-05 9.98023E-05 9.98023E-05 9.98023E-05 9.98023E-05 9.98023E-05
9.98651E-05 9.98651E-05 9.98651E-05 0.0487538 9.98651E-05 0.0635257 0.290009 0.157416 0.0621571 9.98651E-05 0.0569246 9.98651E-05 9.98651E-05 0.122397 0.038665 9.98651E-05 9.98651E-05 9.98651E-05 9.98651E-05 0.000789752 0.153858 9.98651E-05 9.98651E-05 9.98651E-05 0.0040065 9.98651E-05
9.98202E-05 9.98202E-05 9.98202E-05 0.012944 9.98202E-05 9.98202E-05 0.793666 9.98202E-05 9.98202E-05 9.98202E-05 0.102354 9.98202E-05 9.98202E-05 0.071617 9.98202E-05 9.98202E-05 9.98202E-05 9.98202E-05 9.98202E-05 9.98202E-05 9.98202E-05 9.98202E-05 9.98202E-05 9.98202E-05 0.00414876 0.0132736
0.0139647 9.98561E-05 9.98561E-05 9.98561E-05 0.0760516 0.023603 0.552763 0.0525242 0.0236536 9.98561E-05 9.98561E-05 0.00370806 9.98561E-05 9.98561E-05 0.0635808 9.98561E-05 9.98561E-05 0.0586772 9.98561E-05 9.98561E-05 0.129877 9.98561E-05 9.98561E-05 9.98561E-05 9.98561E-05 9.98561E-05
9.98023E-05 9.98023E-05 9.98023E-05 9.98023E-05 9.98023E-05 9.98023E-05 0.861243 0.0740318 9.98023E-05 9.98023E-05 9.98023E-05 9.98023E-05 9.98023E-05 9.98023E-05 0.0316105 9.98023E-05 9.98023E-05 9.98023E-05 0.0309194 9.98023E-05 9.98023E-05 9.98023E-05 9.98023E-05 9.98023E-05 9.98023E-05 9.98023E-05
9.98651E-05 0.0455857 9.98651E-05 9.98651E-05 9.98651E-05 9.98651E-05 0.122358 9.98651E-05 9.98651E-05 9.98651E-05 0.0290964 0.0728587 0.0212296 0.0835445 0.495134 9.98651E-05 9.98651E-05 9.98651E-05 9.98651E-05 0.0365987 9.98651E-05 9.98651E-05 0.0387692 9.98651E-05 0.0173747 0.0359528
0.00468569 9.98023E-05 9.98023E-05 9.98023E-05 9.98023E-05 9.98023E-05 9.98023E-05 9.98023E-05 9.98023E-05 9.98023E-05 0.0189088 9.98023E-05 9.98023E-05 9.98023E-05 0.957345 9.98023E-05 9.98023E-05 9.98023E-05 9.98023E-05 9.98023E-05 9.98023E-05 0.0168651 9.98023E-05 9.98023E-05 9.98023E-05 9.98023E-05
9.98383E-05 9.98383E-05 9.98383E-05 9.98383E-05 0.0140757 9.98383E-05 0.0882803 0.0323228 9.98383E-05 0.0524302 9.98383E-05 9.98383E-05 9.98383E-05 9.98383E-05 0.781321 9.98383E-05 9.98383E-05 0.00146381 9.98383E-05 9.98383E-05 9.98383E-05 9.98383E-05 9.98383E-05 9.98383E-05 0.00305905 0.0252496
9.98382E-05 9.98382E-05 9.98382E-05 9.98382E-05 0.0164285 9.98382E-05 9.98382E-05 9.98382E-05 9.98382E-05 9.98382E-05 0.0173163 9.98382E-05 0.0708306 9.98382E-05 0.774659 0.00259226 9.98382E-05 9.98382E-05 9.98382E-05 0.0292734 0.075133 9.98382E-05 9.98382E-05 0.0119697 9.98382E-05 9.98382E-05
9.98292E-05 0.0283408 9.98292E-05 9.98292E-05 0.080943 0.012566 0.0503641 0.0633093 9.98292E-05 9.98292E-05 9.98292E-05 9.98292E-05 0.0979239 9.98292E-05 0.664656 9.98292E-05 9.98292E-05 9.98292E-05 9.98292E-05 9.98292E-05 9.98292E-05 9.98292E-05 9.98292E-05 9.98292E-05 9.98292E-05 9.98292E-05
9.98561E-05 0.210435 0.10808 9.98561E-05 0.0345943 9.98561E-05 9.98561E-05 9.98561E-05 9.98561E-05 9.98561E-05 9.98561E-05 9.98561E-05 0.0176182 0.107251 0.333031 9.98561E-05 9.98561E-05 9.98561E-05 9.98561E-05 0.0182701 0.112619 0.0550053 9.98561E-05 9.98561E-05 0.00149789 9.98561E-05
9.98561E-05 0.110947 0.00947678 9.98561E-05 9.98561E-05 9.98561E-05 0.161784 9.98561E-05 0.0297967 9.98561E-05 9.98561E-05 9.98561E-05 0.0109104 9.98561E-05 0.431655 0.194074 9.98561E-05 9.98561E-05 9.98561E-05 0.00558025 0.0227799 9.98561E-05 9.98561E-05 9.98561E-05 0.0213969 9.98561E-05
0.0593235 9.98382E-05 9.98382E-05 9.98382E-05 9.98382E-05 9.98382E-05 9.98382E-05 9.98382E-05 0.00831113 9.98382E-05 0.00617225 0.0121799 9.98382E-05 9.98382E-05 0.740521 9.98382E-05 9.98382E-05 0.0439434 0.0870188 0.0407325 9.98382E-05 9.98382E-05 9.98382E-05 9.98382E-05 9.98382E-05 9.98382E-05
9.98024E-05 9.98024E-05 9.98024E-05 9.98024E-05 9.98024E-05 9.98024E-05 9.98024E-05 9.98024E-05 9.98024E-05 9.98024E-05 9.98024E-05 9.98024E-05 9.98024E-05 0.122109 0.58477 9.98024E-05 9.98024E-05 9.98024E-05 9.98024E-05 9.98024E-05 0.139313 9.98024E-05 0.151612 9.98024E-05 9.98024E-05 9.98024E-05
9.98382E-05 9.98382E-05 9.98382E-05 9.98382E-05 9.98382E-05 9.98382E-05 0.00564947 9.98382E-05 9.98382E-05 0.201389 9.98382E-05 9.98382E-05 9.98382E-05 9.98382E-05 0.611645 9.98382E-05 9.98382E-05 0.0606303 9.98382E-05 9.98382E-05 9.98382E-05 0.0487164 0.0045681 0.0653973 9.98382E-05 0.00020679
9.98741E-05 9.98741E-05 0.0446376 9.98741E-05 0.00587996 9.98741E-05 9.98741E-05 0.171384 9.98741E-05 0.0521276 9.98741E-05 0.0120491 0.0546256 0.0570195 0.445178 0.0810519 9.98741E-05 9.98741E-05 9.98741E-05 9.98741E-05 9.98741E-05 0.0184585 9.98741E-05 0.0230606 9.98741E-05 0.0331297
0.0195459 9.9901E-05 0.054762 0.0338434 0.0763869 0.0134492 0.0084186 9.9901E-05 0.0455686 9.9901E-05 9.9901E-05 0.0304105 9.9901E-05 9.9901E-05 0.484694 9.9901E-05 0.0284496 0.112784 0.0434347 9.9901E-05 9.9901E-05 9.9901E-05 0.00293945 9.9901E-05 0.0346401 0.00957411
0.0272542 9.98651E-05 9.98651E-05 9.98651E-05 9.98651E-05 0.00539502 9.98651E-05 0.152161 9.98651E-05 0.030451 0.0490703 0.0322259 9.98651E-05 9.98651E-05 0.518476 9.98651E-05 9.98651E-05 0.0422125 9.98651E-05 9.98651E-05 0.0472618 0.0201081 0.0738859 9.98651E-05 9.98651E-05 9.98651E-05
9.98292E-05 9.98292E-05 9.98292E-05 0.113728 9.98292E-05 0.0330286 9.98292E-05 9.98292E-05 9.98292E-05 9.98292E-05 9.98292E-05 9.98292E-05 9.98292E-05 0.0940789 0.505423 0.15389 9.98292E-05 9.98292E-05 0.035312 9.98292E-05 9.98292E-05 9.98292E-05 0.0626429 9.98292E-05 9.98292E-05 9.98292E-05
9.98561E-05 9.98561E-05 9.98561E-05 0.102465 9.98561E-05 0.0736451 9.98561E-05 0.0690954 9.98561E-05 9.98561E-05 9.98561E-05 9.98561E-05 9.98561E-05 0.268651 0.368914 0.0198168 9.98561E-05 0.00085694 0.0140553 9.98561E-05 9.98561E-05 0.0782849 9.98561E-05 9.98561E-05 0.00261774 9.98561E-05
9.98651E-05 0.246502 0.00867602 0.0921375 9.98651E-05 9.98651E-05 0.0126897 0.00786535 9.98651E-05 0.0107315 0.088454 9.98651E-05 9.98651E-05 0.129866 0.396978 9.98651E-05 9.98651E-05 9.98651E-05 9.98651E-05 9.98651E-05 0.0035581 9.98651E-05 9.98651E-05 9.98651E-05 0.00104476 9.98651E-05
0.0107915 9.98293E-05 9.98293E-05 9.98293E-05 9.98293E-05 9.98293E-05 9.98293E-05 0.0853094 9.98293E-05 9.98293E-05 9.98293E-05 0.0674475 9.98293E-05 9.98293E-05 0.664565 9.98293E-05 9.98293E-05 0.0113097 9.98293E-05 9.98293E-05 0.143772 9.98293E-05 9.98293E-05 9.98293E-05 0.0149091 9.98293E-05
0.0163408 9.98382E-05 9.98382E-05 0.217099 9.98382E-05 9.98382E-05 0.00234865 0.0134242 9.98382E-05 0.019384 0.00959909 9.98382E-05 9.98382E-05 0.190368 0.529639 9.98382E-05 9.98382E-05 9.98382E-05 9.98382E-05 9.98382E-05 9.98382E-05 9.98382E-05 9.98382E-05 9.98382E-05 9.98382E-05 9.98382E-05
9.98472E-05 9.98472E-05 9.98472E-05 0.150932 9.98472E-05 9.98472E-05 0.0194361 9.98472E-05 9.98472E-05 9.98472E-05 9.98472E-05 9.98472E-05 9.98472E-05 0.0529107 0.398238 0.00537906 9.98472E-05 0.0169329 0.00896972 0.334666 9.98472E-05 9.98472E-05 9.98472E-05 9.98472E-05 9.98472E-05 0.0108385
9.98741E-05 0.00051166 9.98741E-05 0.176179 9.98741E-05 9.98741E-05 9.98741E-05 9.98741E-05 9.98741E-05 0.0895888 0.0347292 0.0291514 9.98741E-05 0.315643 9.98741E-05 9.98741E-05 0.0989437 9.98741E-05 0.0785839 9.98741E-05 0.0641534 0.00971292 0.0960887 9.98741E-05 9.98741E-05 0.00531647
9.98561E-05 9.98561E-05 9.98561E-05 9.98561E-05 0.0397815 9.98561E-05 0.124004 9.98561E-05 9.98561E-05 0.131199 9.98561E-05 0.00910068 9.98561E-05 0.277335 0.127193 0.0723575 9.98561E-05 9.98561E-05 0.0271472 9.98561E-05 9.98561E-05 9.98561E-05 9.98561E-05 9.98561E-05 0.00863874 0.181645
9.98561E-05 9.98561E-05 9.98561E-05 0.0213657 9.98561E-05 0.0380833 9.98561E-05 9.98561E-05 0.0133104 0.296684 9.98561E-05 0.0226573 0.0267795 0.383149 0.123568 9.98561E-05 9.98561E-05 9.98561E-05 9.98561E-05 0.0338577 9.98561E-05 0.0389469 9.98561E-05 9.98561E-05 9.98561E-05 9.98561E-05
9.98292E-05 9.98292E-05 9.98292E-05 9.98292E-05 9.98292E-05 9.98292E-05 9.98292E-05 9.98292E-05 9.98292E-05 0.352987 9.98292E-05 0.100942 9.98292E-05 0.34049 0.0598842 0.0319318 9.98292E-05 9.98292E-05 0.0242639 9.98292E-05 9.98292E-05 9.98292E-05 0.087605 9.98292E-05 9.98292E-05 9.98292E-05
0.0148 9.98382E-05 9.98382E-05 0.606375 9.98382E-05 9.98382E-05 0.0107519 9.98382E-05 0.12647 0.137639 9.98382E-05 0.00636562 9.98382E-05 9.98382E-05 9.98382E-05 9.98382E-05 9.98382E-05 9.98382E-05 0.0315019 9.98382E-05 9.98382E-05 9.98382E-05 9.98382E-05 9.98382E-05 9.98382E-05 0.0642993
9.98472E-05 0.0485526 9.98472E-05 0.619562 9.98472E-05 9.98472E-05 9.98472E-05 9.98472E-05 0.063291 0.0990425 9.98472E-05 9.98472E-05 0.00548827 9.98472E-05 0.0334228 9.98472E-05 9.98472E-05 9.98472E-05 0.0574006 9.98472E-05 9.98472E-05 0.000578583 9.98472E-05 0.0709638 9.98472E-05 9.98472E-05
9.98472E-05 9.98472E-05 9.98472E-05 0.669985 9.98472E-05 9.98472E-05 9.98472E-05 9.98472E-05 0.154051 0.0123684 0.0144708 9.98472E-05 0.0450112 0.0201761 9.98472E-05 9.98472E-05 9.98472E-05 9.98472E-05 0.00927384 0.00799193 9.98472E-05 9.98472E-05 9.98472E-05 9.98472E-05 9.98472E-05 0.0649746
0.0682014 0.0268767 9.9901E-05 0.3452 0.00544408 0.0344019 9.9901E-05 9.9901E-05 9.9901E-05 0.0249518 0.21906 9.9901E-05 0.01122 0.00180627 9.9901E-05 9.9901E-05 0.100154 0.000422329 0.0540267 9.9901E-05 0.0834844 0.0101068 9.9901E-05 9.9901E-05 0.0135447 9.9901E-05
9.98023E-05 9.98023E-05 9.98023E-05 0.830804 9.98023E-05 9.98023E-05 0.0581787 9.98023E-05 9.98023E-05 9.98023E-05 9.98023E-05 9.98023E-05 9.98023E-05 0.0470675 9.98023E-05 9.98023E-05 9.98023E-05 0.0617545 9.98023E-05 9.98023E-05 9.98023E-05 9.98023E-05 9.98023E-05 9.98023E-05 9.98023E-05 9.98023E-05
9.98472E-05 9.98472E-05 9.98472E-05 0.684847 0.00881127 0.0476831 9.98472E-05 9.98472E-05 9.98472E-05 0.0777532 0.0371813 9.98472E-05 0.0802013 9.98472E-05 9.98472E-05 9.98472E-05 9.98472E-05 9.98472E-05 9.98472E-05 0.0198288 9.98472E-05 0.0397468 9.98472E-05 9.98472E-05 0.0022497 9.98472E-05
0.0881279 0.00334548 9.98651E-05 0.340174 9.98651E-05 0.204256 9.98651E-05 0.0703377 9.98651E-05 9.98651E-05 0.0301163 9.98651E-05 0.0635449 9.98651E-05 9.98651E-05 9.98651E-05 0.092851 9.98651E-05 9.98651E-05 9.98651E-05 0.0492054 9.98651E-05 0.0245042 0.0320395 9.98651E-05 9.98651E-05
9.98561E-05 9.98561E-05 9.98561E-05 0.441374 0.084657 9.98561E-05 9.98561E-05 0.00320333 0.115994 9.98561E-05 9.98561E-05 9.98561E-05 0.109938 9.98561E-05 0.0415063 9.98561E-05 0.0116602 0.0812213 0.042976 9.98561E-05 9.98561E-05 9.98561E-05 0.0658716 9.98561E-05 9.98561E-05 9.98561E-05
0.0157759 9.98113E-05 0.0211665 0.66611 9.98113E-05 9.98113E-05 9.98113E-05 9.98113E-05 9.98113E-05 9.98113E-05 9.98113E-05 9.98113E-05 9.98113E-05 9.98113E-05 9.98113E-05 0.0398305 0.255021 9.98113E-05 9.98113E-05 9.98113E-05 9.98113E-05 9.98113E-05 9.98113E-05 9.98113E-05 9.98113E-05 9.98113E-05
9.98756E-05 9.98756E-05 9.98756E-05 0.318825 9.98756E-05 0.0935808 0.0319821 9.98756E-05 9.98756E-05 0.138855 9.98756E-05 0.0423521 9.98756E-05 0.0353038 9.98756E-05 9.98756E-05 0.107481 9.98756E-05 0.00287232 9.98756E-05 9.98756E-05 0.030497 0.0453408 0.0103773 9.98756E-05 0.141134
9.98113E-05 9.98113E-05 9.98113E-05 0.766898 0.0395327 9.98113E-05 9.98113E-05 9.98113E-05 0.05364 9.98113E-05 0.0208345 9.98113E-05 0.116999 9.98113E-05 9.98113E-05 9.98113E-05 9.98113E-05 9.98113E-05 9.98113E-05 9.98113E-05 9.98113E-05 9.98113E-05 9.98113E-05 9.98113E-05 9.98113E-05 9.98113E-05
9.9892E-05 9.9892E-05 9.9892E-05 9.9892E-05 0.077863 9.9892E-05 9.9892E-05 0.0903812 0.0176563 0.238026 0.329622 0.0582408 0.00800311 0.0476294 9.9892E-05 9.9892E-05 0.0669029 9.9892E-05 9.9892E-05 0.0119121 0.0314611 9.9892E-05 9.9892E-05 0.010081 0.00290138 0.00812145
0.0338361 9.98382E-05 9.98382E-05 0.764481 9.98382E-05 9.98382E-05 9.98382E-05 9.98382E-05 9.98382E-05 9.98382E-05 9.98382E-05 9.98382E-05 9.98382E-05 9.98382E-05 0.00549489 0.000241288 9.98382E-05 9.98382E-05 0.00874655 0.000300731 0.0427786 9.98382E-05 9.98382E-05 9.98382E-05 9.98382E-05 0.142324
0.0290108 9.98831E-05 9.98831E-05 0.229534 9.98831E-05 0.0342162 9.98831E-05 9.98831E-05 0.022998 0.134684 0.279215 9.98831E-05 0.0244524 0.0490227 9.98831E-05 0.0170905 9.98831E-05 9.98831E-05 0.0761923 0.0164804 0.0818974 9.98831E-05 0.00390798 9.98831E-05 9.98831E-05 9.98831E-05
0.997506 9.97755E-05 9.97755E-05 9.97755E-05 9.97755E-05 9.97755E-05 9.97755E-05 9.97755E-05 9.97755E-05 9.97755E-05 9.97755E-05 9.97755E-05 9.97755E-05 9.97755E-05 9.97755E-05 9.97755E-05 9.97755E-05 9.97755E-05 9.97755E-05 9.97755E-05 9.97755E-05 9.97755E-05 9.97755E-05 9.97755E-05 9.97755E-05 9.97755E-05
9.98382E-05 9.98382E-05 0.0387822 0.0595522 9.98382E-05 9.98382E-05 9.98382E-05 9.98382E-05 0.161181 0.3868 0.260906 9.98382E-05 9.98382E-05 0.00886084 9.98382E-05 9.98382E-05 0.060027 9.98382E-05 9.98382E-05 0.0220948 9.98382E-05 9.98382E-05 9.98382E-05 9.98382E-05 9.98382E-05 9.98382E-05
9.98472E-05 9.98472E-05 9.98472E-05 0.156682 9.98472E-05 9.98472E-05 9.98472E-05 9.98472E-05 0.420234 0.093364 0.0178336 9.98472E-05 0.00599056 9.98472E-05 9.98472E-05 9.98472E-05 9.98472E-05 9.98472E-05 0.0614945 9.98472E-05 9.98472E-05 0.116684 9.98472E-05 9.98472E-05 0.0170669 0.108954
0.966674 9.97934E-05 9.97934E-05 9.97934E-05 9.97934E-05 9.97934E-05 9.97934E-05 9.97934E-05 0.0026393 9.97934E-05 9.97934E-05 9.97934E-05 9.97934E-05 9.97934E-05 9.97934E-05 9.97934E-05 0.0283912 9.97934E-05 9.97934E-05 9.97934E-05 9.97934E-05 9.97934E-05 9.97934E-05 9.97934E-05 9.97934E-05 9.97934E-05
0.00271769 9.98561E-05 0.000557683 0.139544 9.98561E-05 0.105147 9.98561E-05 9.98561E-05 0.179158 0.235493 0.0319498 9.98561E-05 9.98561E-05 9.98561E-05 9.98561E-05 9.98561E-05 0.195147 9.98561E-05 0.0283936 9.98561E-05 9.98561E-05 9.98561E-05 9.98561E-05 9.98561E-05 9.98561E-05 0.0802945
9.98382E-05 9.98382E-05 9.98382E-05 0.179295 9.98382E-05 9.98382E-05 9.98382E-05 9.98382E-05 9.98382E-05 9.98382E-05 0.511409 9.98382E-05 9.98382E-05 9.98382E-05 0.0342293 0.106945 0.110287 9.98382E-05 0.0218019 9.98382E-05 0.0143754 9.98382E-05 0.0198598 9.98382E-05 9.98382E-05 9.98382E-05
0.192257 0.0638738 9.98741E-05 0.249421 0.0183889 9.98741E-05 9.98741E-05 0.0110542 0.143481 0.183169 9.98741E-05 9.98741E-05 0.00918167 0.0802458 9.98741E-05 9.98741E-05 0.00993353 9.98741E-05 9.98741E-05 9.98741E-05 9.98741E-05 9.98741E-05 9.98741E-05 0.00871057 9.98741E-05 0.0288856
9.98292E-05 9.98292E-05 9.98292E-05 0.00272214 0.025782 9.98292E-05 0.0387435 9.98292E-05 0.117159 9.98292E-05 9.98292E-05 9.98292E-05 9.98292E-05 9.98292E-05 9.98292E-05 9.98292E-05 0.716649 9.98292E-05 9.98292E-05 9.98292E-05 9.98292E-05 9.98292E-05 9.98292E-05 9.98292E-05 0.0207234 0.0763248
9.98023E-05 9.98023E-05 9.98023E-05 9.98023E-05 9.98023E-05 9.98023E-05 9.98023E-05 9.98023E-05 9.98023E-05 9.98023E-05 0.135569 9.98023E-05 0.0290505 9.98023E-05 9.98023E-05 9.98023E-05 0.823686 9.98023E-05 9.98023E-05 9.98023E-05 9.98023E-05 9.98023E-05 9.98023E-05 0.00949928 9.98023E-05 9.98023E-05
9.98023E-05 9.98023E-05 9.98023E-05 9.98023E-05 9.98023E-05 9.98023E-05 9.98023E-05 9.98023E-05 9.98023E-05 0.0453142 9.98023E-05 9.98023E-05 9.98023E-05 9.98023E-05 9.98023E-05 9.98023E-05 0.813802 9.98023E-05 9.98023E-05 9.98023E-05 9.98023E-05 9.98023E-05 9.98023E-05 0.00505777 9.98023E-05 0.13363
0.0352993 9.98202E-05 9.98202E-05 9.98202E-05 9.98202E-05 9.98202E-05 0.0372817 9.98202E-05 9.98202E-05 0.0613274 9.98202E-05 0.0083792 9.98202E-05 9.98202E-05 9.98202E-05 9.98202E-05 0.813053 9.98202E-05 9.98202E-05 0.0426635 9.98202E-05 9.98202E-05 9.98202E-05 9.98202E-05 9.98202E-05 9.98202E-05
