9.99101E-05 9.99101E-05 0.104029 0.0290426 9.99101E-05 9.99101E-05 9.99101E-05 0.087867 0.16208 0.0416589 0.0418886 9.99101E-05 0.444243 9.99101E-05 0.0347729 0.0216048 9.99101E-05 9.99101E-05 0.0318141 9.99101E-05
9.99191E-05 9.99191E-05 0.120651 0.0362978 9.99191E-05 9.99191E-05 9.99191E-05 0.0379348 9.99191E-05 0.000932571 0.131088 9.99191E-05 0.528394 0.0918196 0.00485656 9.99191E-05 0.0184292 9.99191E-05 0.00372138 0.0249762
0.00636854 0.0502046 0.0471955 9.9937E-05 0.0576239 0.00933814 0.0122007 0.0551308 0.00063976 0.051054 9.9937E-05 9.9937E-05 0.577771 9.9937E-05 9.9937E-05 0.0354382 9.9937E-05 9.9937E-05 0.0831075 0.0132279
9.98652E-05 9.98652E-05 9.98652E-05 0.0206911 0.0109775 9.98652E-05 9.98652E-05 9.98652E-05 9.98652E-05 0.017712 0.0375635 9.98652E-05 0.911558 9.98652E-05 9.98652E-05 9.98652E-05 9.98652E-05 9.98652E-05 9.98652E-05 9.98652E-05
0.0602506 0.0150317 0.116405 9.9937E-05 9.9937E-05 0.0296882 0.0202515 0.0240224 0.0736353 0.059424 0.0635976 0.039704 0.464127 9.9937E-05 9.9937E-05 9.9937E-05 9.9937E-05 0.00726791 0.0258953 9.9937E-05
9.98383E-05 9.98383E-05 9.98383E-05 9.98383E-05 9.98383E-05 9.98383E-05 9.98383E-05 9.98383E-05 9.98383E-05 9.98383E-05 0.0666663 9.98383E-05 0.931537 9.98383E-05 9.98383E-05 9.98383E-05 9.98383E-05 9.98383E-05 9.98383E-05 9.98383E-05
9.98472E-05 9.98472E-05 9.98472E-05 9.98472E-05 9.98472E-05 0.00329406 9.98472E-05 9.98472E-05 9.98472E-05 9.98472E-05 0.0206458 9.98472E-05 0.974363 9.98472E-05 9.98472E-05 9.98472E-05 9.98472E-05 9.98472E-05 9.98472E-05 9.98472E-05
0.0543958 9.9937E-05 0.0477783 9.9937E-05 9.9937E-05 0.0711416 9.9937E-05 0.043951 0.194494 0.0906214 9.9937E-05 9.9937E-05 0.344617 0.0102406 0.0439902 0.0203422 9.9937E-05 0.0233895 0.0327839 0.0215558
9.98831E-05 9.98831E-05 0.141855 9.98831E-05 9.98831E-05 9.98831E-05 9.98831E-05 9.98831E-05 0.140587 9.98831E-05 0.0837111 0.0430764 0.553927 9.98831E-05 0.000313902 9.98831E-05 0.0352308 9.98831E-05 9.98831E-05 9.98831E-05
0.0118453 9.99281E-05 0.117557 0.00581015 9.99281E-05 9.99281E-05 9.99281E-05 9.99281E-05 0.0560131 0.150506 0.0863438 0.0629211 0.400383 0.00377762 9.99281E-05 0.0077283 9.99281E-05 9.99281E-05 0.0482312 0.0480847
9.98831E-05 9.98831E-05 9.98831E-05 0.0275305 9.98831E-05 9.98831E-05 9.98831E-05 0.0300137 9.98831E-05 9.98831E-05 9.98831E-05 0.0701839 0.73832 0.0132182 9.98831E-05 9.98831E-05 0.0749385 9.98831E-05 0.0444969 9.98831E-05
9.98831E-05 9.98831E-05 0.0146814 9.98831E-05 9.98831E-05 9.98831E-05 0.0069271 9.98831E-05 0.276611 0.0566252 0.0858852 9.98831E-05 0.548117 9.98831E-05 9.98831E-05 9.98831E-05 0.00985514 9.98831E-05 9.98831E-05 9.98831E-05
9.98562E-05 9.98562E-05 9.98562E-05 9.98562E-05 9.98562E-05 9.98562E-05 9.98562E-05 0.0099536 9.98562E-05 9.98562E-05 9.98562E-05 0.0118564 0.955437 0.0211555 9.98562E-05 9.98562E-05 9.98562E-05 9.98562E-05 9.98562E-05 9.98562E-05
9.98292E-05 9.98292E-05 9.98292E-05 9.98292E-05 9.98292E-05 9.98292E-05 9.98292E-05 9.98292E-05 9.98292E-05 9.98292E-05 9.98292E-05 9.98292E-05 0.998103 9.98292E-05 9.98292E-05 9.98292E-05 9.98292E-05 9.98292E-05 9.98292E-05 9.98292E-05
9.98562E-05 9.98562E-05 9.98562E-05 9.98562E-05 9.98562E-05 0.0073947 9.98562E-05 9.98562E-05 9.98562E-05 9.98562E-05 9.98562E-05 9.98562E-05 0.9595 9.98562E-05 0.0147496 0.0167581 9.98562E-05 9.98562E-05 9.98562E-05 9.98562E-05
9.98562E-05 9.98562E-05 9.98562E-05 9.98562E-05 9.98562E-05 9.98562E-05 0.00447388 9.98562E-05 9.98562E-05 9.98562E-05 9.98562E-05 0.0104588 0.938767 9.98562E-05 0.0447031 9.98562E-05 9.98562E-05 9.98562E-05 9.98562E-05 9.98562E-05
0.0525217 9.99011E-05 0.0702242 9.99011E-05 9.99011E-05 9.99011E-05 9.99011E-05 9.99011E-05 0.0166695 0.12449 9.99011E-05 9.99011E-05 0.617867 0.0114622 0.0144042 0.0891201 9.99011E-05 9.99011E-05 0.00214234 9.99011E-05
0.0824418 9.98921E-05 0.0744599 9.98921E-05 0.0355683 9.98921E-05 9.98921E-05 9.98921E-05 9.98921E-05 0.0644811 9.98921E-05 9.98921E-05 0.615243 9.98921E-05 0.0134276 0.0965363 9.98921E-05 9.98921E-05 0.0166429 9.98921E-05
9.98831E-05 9.98831E-05 0.00635299 9.98831E-05 0.0404773 0.0228993 9.98831E-05 9.98831E-05 9.98831E-05 0.223799 9.98831E-05 0.0114833 0.672685 9.98831E-05 9.98831E-05 0.0210055 9.98831E-05 9.98831E-05 9.98831E-05 9.98831E-05
9.98292E-05 9.98292E-05 9.98292E-05 9.98292E-05 9.98292E-05 9.98292E-05 9.98292E-05 9.98292E-05 9.98292E-05 9.98292E-05 9.98292E-05 9.98292E-05 9.98292E-05 9.98292E-05 9.98292E-05 9.98292E-05 9.98292E-05 9.98292E-05 0.998103 9.98292E-05
9.99101E-05 9.99101E-05 0.336835 0.0252141 0.0419928 0.0143512 9.99101E-05 0.0253838 9.99101E-05 9.99101E-05 0.120325 9.99101E-05 0.119067 0.0129405 0.0261772 9.99101E-05 9.99101E-05 9.99101E-05 0.276715 9.99101E-05
9.99101E-05 9.99101E-05 0.346774 0.0762818 9.99101E-05 9.99101E-05 9.99101E-05 0.0499035 9.99101E-05 9.99101E-05 0.138308 9.99101E-05 0.0703255 0.00359886 0.0362471 9.99101E-05 0.0450746 0.00620698 0.226281 9.99101E-05
0.18404 9.99011E-05 0.0882266 9.99011E-05 0.059268 9.99011E-05 0.0169951 0.0155179 9.99011E-05 9.99011E-05 0.264838 9.99011E-05 0.171677 0.00714438 9.99011E-05 9.99011E-05 9.99011E-05 9.99011E-05 0.191194 9.99011E-05
0.0983853 0.013291 0.0627784 9.99191E-05 0.0901536 9.99191E-05 9.99191E-05 0.00688819 9.99191E-05 9.99191E-05 0.168275 9.99191E-05 0.219037 0.000126192 0.0879739 9.99191E-05 9.99191E-05 9.99191E-05 0.136817 0.115375
0.00788688 9.9928E-05 0.0913588 9.9928E-05 0.0459097 0.0486962 9.9928E-05 9.9928E-05 0.170981 9.9928E-05 0.343178 0.0397484 0.0821681 9.9928E-05 0.0243304 0.000741412 9.9928E-05 9.9928E-05 0.121695 0.0225071
9.98652E-05 9.98652E-05 0.353603 9.98652E-05 9.98652E-05 0.0591784 9.98652E-05 9.98652E-05 9.98652E-05 9.98652E-05 0.0914071 9.98652E-05 0.229946 9.98652E-05 9.98652E-05 9.98652E-05 9.98652E-05 9.98652E-05 0.264368 9.98652E-05
0.0130722 9.99101E-05 0.203375 9.99101E-05 9.99101E-05 0.021399 9.99101E-05 9.99101E-05 9.99101E-05 9.99101E-05 0.342838 0.0369719 0.0314082 0.0374913 0.0265028 9.99101E-05 0.0340703 9.99101E-05 0.251873 9.99101E-05
9.9928E-05 9.9928E-05 0.298296 0.0330611 0.0797991 9.9928E-05 9.9928E-05 0.00321958 0.0154123 0.0125442 0.20339 9.9928E-05 0.152232 9.9928E-05 0.0158567 0.0215458 0.0150728 9.9928E-05 0.148771 9.9928E-05
9.99101E-05 9.99101E-05 0.347472 9.99101E-05 0.0324969 9.99101E-05 9.99101E-05 0.0363454 0.00640404 0.00569038 0.178865 9.99101E-05 0.197784 0.0221369 9.99101E-05 9.99101E-05 0.0138839 9.99101E-05 0.157923 9.99101E-05
9.98293E-05 9.98293E-05 9.98293E-05 9.98293E-05 9.98293E-05 9.98293E-05 9.98293E-05 9.98293E-05 9.98293E-05 9.98293E-05 9.98293E-05 9.98293E-05 9.98293E-05 9.98293E-05 9.98293E-05 9.98293E-05 9.98293E-05 9.98293E-05 0.998103 9.98293E-05
9.98472E-05 9.98472E-05 9.98472E-05 9.98472E-05 9.98472E-05 9.98472E-05 9.98472E-05 9.98472E-05 9.98472E-05 0.00351197 9.98472E-05 0.0123184 9.98472E-05 9.98472E-05 9.98472E-05 9.98472E-05 9.98472E-05 9.98472E-05 0.982472 9.98472E-05
9.98382E-05 9.98382E-05 9.98382E-05 9.98382E-05 0.00743989 9.98382E-05 9.98382E-05 9.98382E-05 9.98382E-05 9.98382E-05 9.98382E-05 9.98382E-05 9.98382E-05 9.98382E-05 9.98382E-05 9.98382E-05 9.98382E-05 9.98382E-05 0.990763 9.98382E-05
9.98293E-05 9.98293E-05 9.98293E-05 9.98293E-05 9.98293E-05 9.98293E-05 9.98293E-05 9.98293E-05 9.98293E-05 9.98293E-05 9.98293E-05 9.98293E-05 9.98293E-05 9.98293E-05 9.98293E-05 9.98293E-05 9.98293E-05 9.98293E-05 0.998103 9.98293E-05
9.98742E-05 9.98742E-05 0.00736574 9.98742E-05 9.98742E-05 0.0110303 9.98742E-05 0.00324375 9.98742E-05 9.98742E-05 9.98742E-05 9.98742E-05 9.98742E-05 9.98742E-05 9.98742E-05 9.98742E-05 0.0173174 9.98742E-05 0.931986 0.0276581
9.98652E-05 9.98652E-05 9.98652E-05 9.98652E-05 9.98652E-05 9.98652E-05 9.98652E-05 0.00556485 9.98652E-05 9.98652E-05 9.98652E-05 9.98652E-05 0.00688044 9.98652E-05 9.98652E-05 0.00835531 9.98652E-05 0.0226168 0.955085 9.98652E-05
0.125654 9.9919E-05 0.100793 9.9919E-05 9.9919E-05 0.0391716 9.9919E-05 0.0598602 0.129082 9.9919E-05 0.257037 9.9919E-05 0.00488155 9.9919E-05 9.9919E-05 0.0405299 9.9919E-05 0.0263338 0.200112 0.0156452
0.0291581 9.9928E-05 0.0257788 0.0618675 9.9928E-05 0.00543526 0.0943407 0.088957 9.9928E-05 9.9928E-05 0.137207 9.9928E-05 0.103087 0.119541 9.9928E-05 0.0251744 9.9928E-05 9.9928E-05 0.178438 0.130215
0.222379 9.99011E-05 0.0453795 9.99011E-05 0.0375624 0.00532263 9.99011E-05 0.0152552 9.99011E-05 9.99011E-05 0.285567 9.99011E-05 0.203389 0.0566167 9.99011E-05 9.99011E-05 9.99011E-05 9.99011E-05 0.127429 9.99011E-05
9.98652E-05 9.98652E-05 0.599589 9.98652E-05 9.98652E-05 0.0254661 0.0760568 9.98652E-05 9.98652E-05 9.98652E-05 0.215494 9.98652E-05 0.0818955 9.98652E-05 9.98652E-05 9.98652E-05 9.98652E-05 9.98652E-05 9.98652E-05 9.98652E-05
0.00377508 9.9937E-05 0.338533 9.9937E-05 0.0215449 0.0898025 0.0543898 9.9937E-05 0.0816428 9.9937E-05 0.235809 0.0204527 0.136828 9.9937E-05 9.9937E-05 9.9937E-05 0.0114304 0.000722889 0.0042193 0.00014995
0.0213656 9.98921E-05 0.489955 9.98921E-05 9.98921E-05 0.0944937 9.98921E-05 9.98921E-05 9.98921E-05 9.98921E-05 0.255877 9.98921E-05 0.0965402 0.0174446 9.98921E-05 9.98921E-05 9.98921E-05 9.98921E-05 0.0154195 0.00770624
0.00726037 9.98921E-05 0.513659 9.98921E-05 9.98921E-05 9.98921E-05 9.98921E-05 9.98921E-05 9.98921E-05 0.0357128 0.107821 9.98921E-05 0.163692 0.0856847 9.98921E-05 9.98921E-05 9.98921E-05 0.0301286 0.0548432 9.98921E-05
9.99011E-05 9.99011E-05 0.733555 0.00437246 0.0332407 0.0388879 0.0376324 0.0289075 9.99011E-05 9.99011E-05 9.99011E-05 9.99011E-05 0.0607489 0.0428876 9.99011E-05 9.99011E-05 9.99011E-05 9.99011E-05 0.018669 9.99011E-05
0.0072566 9.98921E-05 0.713391 9.98921E-05 0.0455332 0.0195452 0.0171252 9.98921E-05 0.100773 9.98921E-05 9.98921E-05 9.98921E-05 9.98921E-05 9.98921E-05 9.98921E-05 0.0731005 9.98921E-05 9.98921E-05 9.98921E-05 0.0220763
0.00421095 9.9937E-05 0.544217 0.000789694 9.9937E-05 0.00498639 0.0496831 0.0491115 9.9937E-05 0.0837185 0.0239048 9.9937E-05 0.0698533 0.0166986 0.0148021 0.0863615 9.9937E-05 9.9937E-05 0.0509632 9.9937E-05
0.00771157 9.99049E-05 0.609281 9.99049E-05 0.0220472 0.0413655 0.00638461 9.99049E-05 9.99049E-05 0.143855 9.99049E-05 9.99049E-05 0.0838028 9.99049E-05 9.99049E-05 0.00832591 9.99049E-05 9.99049E-05 0.0761273 9.99049E-05
9.99011E-05 9.99011E-05 0.657615 0.00931738 0.0303777 0.050615 9.99011E-05 9.99011E-05 9.99011E-05 9.99011E-05 0.0813073 0.0513399 0.0524025 0.01656 9.99011E-05 9.99011E-05 9.99011E-05 9.99011E-05 0.0493667 9.99011E-05
0.0652103 9.98831E-05 0.624982 9.98831E-05 9.98831E-05 9.98831E-05 9.98831E-05 9.98831E-05 0.0960636 9.98831E-05 0.0700301 0.0335256 0.0618771 9.98831E-05 9.98831E-05 9.98831E-05 9.98831E-05 9.98831E-05 0.0470127 9.98831E-05
9.98383E-05 9.98383E-05 9.98383E-05 9.98383E-05 9.98383E-05 0.995091 9.98383E-05 9.98383E-05 0.00311166 9.98383E-05 9.98383E-05 9.98383E-05 9.98383E-05 9.98383E-05 9.98383E-05 9.98383E-05 9.98383E-05 9.98383E-05 9.98383E-05 9.98383E-05
9.98652E-05 9.98652E-05 9.98652E-05 9.98652E-05 9.98652E-05 0.949328 9.98652E-05 9.98652E-05 9.98652E-05 9.98652E-05 0.007561 9.98652E-05 0.0164991 9.98652E-05 9.98652E-05 0.0124116 9.98652E-05 9.98652E-05 9.98652E-05 0.0127026
9.98293E-05 9.98293E-05 9.98293E-05 9.98293E-05 9.98293E-05 0.998103 9.98293E-05 9.98293E-05 9.98293E-05 9.98293E-05 9.98293E-05 9.98293E-05 9.98293E-05 9.98293E-05 9.98293E-05 9.98293E-05 9.98293E-05 9.98293E-05 9.98293E-05 9.98293E-05
9.98293E-05 9.98293E-05 9.98293E-05 9.98293E-05 9.98293E-05 0.998103 9.98293E-05 9.98293E-05 9.98293E-05 9.98293E-05 9.98293E-05 9.98293E-05 9.98293E-05 9.98293E-05 9.98293E-05 9.98293E-05 9.98293E-05 9.98293E-05 9.98293E-05 9.98293E-05
9.98293E-05 9.98293E-05 9.98293E-05 9.98293E-05 9.98293E-05 0.998103 9.98293E-05 9.98293E-05 9.98293E-05 9.98293E-05 9.98293E-05 9.98293E-05 9.98293E-05 9.98293E-05 9.98293E-05 9.98293E-05 9.98293E-05 9.98293E-05 9.98293E-05 9.98293E-05
9.98293E-05 9.98293E-05 9.98293E-05 9.98293E-05 9.98293E-05 0.998103 9.98293E-05 9.98293E-05 9.98293E-05 9.98293E-05 9.98293E-05 9.98293E-05 9.98293E-05 9.98293E-05 9.98293E-05 9.98293E-05 9.98293E-05 9.98293E-05 9.98293E-05 9.98293E-05
0.0226227 9.98742E-05 9.98742E-05 9.98742E-05 0.00772593 0.960241 9.98742E-05 9.98742E-05 9.98742E-05 0.00595885 9.98742E-05 9.98742E-05 9.98742E-05 0.00137411 9.98742E-05 9.98742E-05 0.000679026 9.98742E-05 9.98742E-05 9.98742E-05
9.98652E-05 9.98652E-05 0.00324355 9.98652E-05 9.98652E-05 0.989246 9.98652E-05 9.98652E-05 9.98652E-05 9.98652E-05 9.98652E-05 0.00115892 9.98652E-05 9.98652E-05 9.98652E-05 9.98652E-05 9.98652E-05 9.98652E-05 0.00277578 0.00207793
9.98383E-05 9.98383E-05 9.98383E-05 9.98383E-05 0.0035411 0.994662 9.98383E-05 9.98383E-05 9.98383E-05 9.98383E-05 9.98383E-05 9.98383E-05 9.98383E-05 9.98383E-05 9.98383E-05 9.98383E-05 9.98383E-05 9.98383E-05 9.98383E-05 9.98383E-05
9.98652E-05 9.98652E-05 0.545821 9.98652E-05 9.98652E-05 0.159353 9.98652E-05 9.98652E-05 9.98652E-05 9.98652E-05 0.187404 9.98652E-05 0.0935293 9.98652E-05 9.98652E-05 9.98652E-05 0.0123948 9.98652E-05 9.98652E-05 9.98652E-05
9.98921E-05 0.109949 0.262754 0.0930969 0.0103229 0.0319651 9.98921E-05 9.98921E-05 9.98921E-05 9.98921E-05 0.329741 0.0768428 0.0841286 9.98921E-05 9.98921E-05 9.98921E-05 9.98921E-05 9.98921E-05 9.98921E-05 9.98921E-05
9.99191E-05 9.99191E-05 0.149305 0.0729442 9.99191E-05 0.043108 9.99191E-05 0.0444995 0.0429719 0.0228711 0.582143 9.99191E-05 9.99191E-05 9.99191E-05 0.00585926 9.99191E-05 0.0180611 9.99191E-05 0.0107954 0.00654298
9.99011E-05 0.0605552 0.186283 9.99011E-05 9.99011E-05 9.99011E-05 0.00406262 9.99011E-05 0.0345037 9.99011E-05 0.438065 0.0984095 0.110085 9.99011E-05 9.99011E-05 9.99011E-05 0.0192301 9.99011E-05 9.99011E-05 0.0477068
9.98831E-05 9.98831E-05 0.143525 9.98831E-05 9.98831E-05 0.0170946 0.0561501 9.98831E-05 9.98831E-05 0.050161 0.569549 9.98831E-05 9.98831E-05 9.98831E-05 9.98831E-05 9.98831E-05 9.98831E-05 0.0912204 0.0710006 9.98831E-05
0.0319701 9.98921E-05 0.331728 9.98921E-05 9.98921E-05 9.98921E-05 9.98921E-05 0.0755725 0.0145337 9.98921E-05 0.374725 9.98921E-05 0.101625 0.0335833 9.98921E-05 9.98921E-05 9.98921E-05 9.98921E-05 0.0350633 9.98921E-05
0.0339565 9.9955E-05 0.311259 0.0256446 0.00230295 0.0259399 0.00427057 0.0783561 9.9955E-05 9.9955E-05 0.132202 0.0149824 0.0656951 9.9955E-05 0.0190943 9.9955E-05 0.0522872 0.0626993 0.0970467 0.0737635
9.98293E-05 9.98293E-05 9.98293E-05 9.98293E-05 9.98293E-05 9.98293E-05 9.98293E-05 9.98293E-05 9.98293E-05 9.98293E-05 0.998103 9.98293E-05 9.98293E-05 9.98293E-05 9.98293E-05 9.98293E-05 9.98293E-05 9.98293E-05 9.98293E-05 9.98293E-05
0.0143974 0.0130101 9.99101E-05 0.00261947 9.99101E-05 9.99101E-05 9.99101E-05 9.99101E-05 9.99101E-05 0.0206497 0.908983 9.99101E-05 0.010793 0.00192979 9.99101E-05 0.00929763 0.00679103 0.0105301 9.99101E-05 9.99101E-05
9.98921E-05 0.0882678 0.293217 0.099948 9.98921E-05 0.0271077 9.98921E-05 9.98921E-05 9.98921E-05 9.98921E-05 0.357765 0.0610549 0.0428149 9.98921E-05 9.98921E-05 9.98921E-05 9.98921E-05 0.0286268 9.98921E-05 9.98921E-05
0.0124437 9.99011E-05 9.99011E-05 0.0166241 9.99011E-05 9.99011E-05 9.99011E-05 9.99011E-05 9.99011E-05 0.0158408 0.857346 0.0191033 0.0406827 0.00942041 9.99011E-05 0.0199706 9.99011E-05 0.00746984 9.99011E-05 9.99011E-05
9.98675E-05 9.98675E-05 9.98675E-05 9.98675E-05 9.98675E-05 0.00496957 9.98675E-05 9.98675E-05 9.98675E-05 9.98675E-05 0.864393 0.018605 9.98675E-05 0.0217209 9.98675E-05 0.0888137 9.98675E-05 9.98675E-05 9.98675E-05 9.98675E-05
9.98651E-05 9.98651E-05 0.00430922 9.98651E-05 9.98651E-05 0.00330623 9.98651E-05 9.98651E-05 9.98651E-05 9.98651E-05 0.883606 9.98651E-05 9.98651E-05 9.98651E-05 9.98651E-05 0.0930061 0.0142745 9.98651E-05 9.98651E-05 9.98651E-05
9.98651E-05 9.98651E-05 0.0517258 9.98651E-05 9.98651E-05 0.00897517 9.98651E-05 9.98651E-05 9.98651E-05 9.98651E-05 0.808365 0.0294434 9.98651E-05 9.98651E-05 9.98651E-05 0.0999931 9.98651E-05 9.98651E-05 9.98651E-05 9.98651E-05
9.98741E-05 9.98741E-05 0.117422 0.00262683 0.0475375 9.98741E-05 9.98741E-05 9.98741E-05 0.0462731 9.98741E-05 0.724159 9.98741E-05 0.0605833 9.98741E-05 9.98741E-05 9.98741E-05 9.98741E-05 9.98741E-05 9.98741E-05 9.98741E-05
9.9928E-05 0.103742 0.0758528 9.9928E-05 0.0157461 0.0392234 0.0142389 9.9928E-05 9.9928E-05 0.00673205 0.583375 0.00568608 0.0123125 9.9928E-05 9.9928E-05 0.0608845 9.9928E-05 9.9928E-05 0.076575 0.00483282
9.98831E-05 9.98831E-05 0.303557 9.98831E-05 9.98831E-05 0.00840723 9.98831E-05 0.0546595 9.98831E-05 9.98831E-05 0.436361 0.0829756 0.0360421 9.98831E-05 9.98831E-05 9.98831E-05 9.98831E-05 9.98831E-05 0.0766993 9.98831E-05
9.98472E-05 9.98472E-05 9.98472E-05 9.98472E-05 9.98472E-05 9.98472E-05 9.98472E-05 9.98472E-05 9.98472E-05 0.0603073 0.910336 9.98472E-05 9.98472E-05 0.0276594 9.98472E-05 9.98472E-05 9.98472E-05 9.98472E-05 9.98472E-05 9.98472E-05
9.98651E-05 0.0316165 9.98651E-05 9.98651E-05 0.0057147 9.98651E-05 9.98651E-05 9.98651E-05 9.98651E-05 0.0635017 0.883145 9.98651E-05 9.98651E-05 9.98651E-05 0.0145243 9.98651E-05 9.98651E-05 9.98651E-05 9.98651E-05 9.98651E-05
0.00128795 9.98921E-05 9.98921E-05 0.00946908 0.0233283 0.00107835 9.98921E-05 9.98921E-05 9.98921E-05 0.120655 0.787386 9.98921E-05 9.98921E-05 0.00812145 0.0474753 9.98921E-05 9.98921E-05 9.98921E-05 9.98921E-05 9.98921E-05
9.98741E-05 9.98741E-05 9.98741E-05 9.98741E-05 0.00223241 9.98741E-05 0.00764797 9.98741E-05 9.98741E-05 0.101281 0.865031 9.98741E-05 9.98741E-05 0.0119892 0.0104202 9.98741E-05 9.98741E-05 9.98741E-05 9.98741E-05 9.98741E-05
9.98741E-05 9.98741E-05 0.480772 9.98741E-05 9.98741E-05 0.103667 0.0476851 9.98741E-05 9.98741E-05 9.98741E-05 0.294086 9.98741E-05 9.98741E-05 9.98741E-05 0.0590019 9.98741E-05 9.98741E-05 0.0133898 9.98741E-05 9.98741E-05
9.98831E-05 9.98831E-05 0.548051 9.98831E-05 9.98831E-05 0.104909 9.98831E-05 9.98831E-05 0.157003 9.98831E-05 0.109881 0.0335966 9.98831E-05 9.98831E-05 9.98831E-05 9.98831E-05 9.98831E-05 9.98831E-05 0.0190438 0.0262171
9.99191E-05 0.00682785 0.434312 9.99191E-05 0.00582237 0.0287656 0.0195625 0.0239174 9.99191E-05 9.99191E-05 0.160287 9.99191E-05 0.157001 9.99191E-05 9.99191E-05 9.99191E-05 0.0587194 9.99191E-05 0.0639715 0.0399145
9.98562E-05 9.98562E-05 0.522388 9.98562E-05 9.98562E-05 0.0783855 9.98562E-05 9.98562E-05 9.98562E-05 9.98562E-05 0.33716 9.98562E-05 9.98562E-05 9.98562E-05 9.98562E-05 9.98562E-05 9.98562E-05 9.98562E-05 0.0604683 9.98562E-05
9.98741E-05 9.98741E-05 0.416335 0.0235965 9.98741E-05 0.0796853 9.98741E-05 9.98741E-05 9.98741E-05 9.98741E-05 0.335244 9.98741E-05 9.98741E-05 9.98741E-05 9.98741E-05 9.98741E-05 9.98741E-05 0.0287618 0.114979 9.98741E-05
9.98921E-05 9.98921E-05 0.310334 9.98921E-05 9.98921E-05 0.0260022 0.0711649 9.98921E-05 0.010574 9.98921E-05 0.44578 9.98921E-05 0.0857851 0.00926637 9.98921E-05 9.98921E-05 0.039895 9.98921E-05 9.98921E-05 9.98921E-05
0.0196287 9.98831E-05 0.425107 9.98831E-05 9.98831E-05 0.0548209 9.98831E-05 9.98831E-05 0.0762924 9.98831E-05 0.316481 9.98831E-05 9.98831E-05 9.98831E-05 0.0255028 9.98831E-05 0.0808679 9.98831E-05 9.98831E-05 9.98831E-05
9.98921E-05 0.0470614 0.358185 9.98921E-05 9.98921E-05 0.0854782 9.98921E-05 9.98921E-05 0.0630133 0.0526309 0.372967 9.98921E-05 9.98921E-05 9.98921E-05 0.0145693 9.98921E-05 9.98921E-05 9.98921E-05 0.00489607 9.98921E-05
9.98562E-05 9.98562E-05 0.389742 9.98562E-05 9.98562E-05 0.0640413 0.0311167 9.98562E-05 9.98562E-05 9.98562E-05 0.513503 9.98562E-05 9.98562E-05 9.98562E-05 9.98562E-05 9.98562E-05 9.98562E-05 9.98562E-05 9.98562E-05 9.98562E-05
9.9928E-05 0.0359008 0.499307 0.0301057 0.0870444 0.00507198 0.0396037 9.9928E-05 0.0123752 0.0543974 0.179326 0.0209493 0.00442367 9.9928E-05 9.9928E-05 9.9928E-05 9.9928E-05 9.9928E-05 0.0306955 9.9928E-05
9.9928E-05 9.9928E-05 0.383173 9.9928E-05 9.9928E-05 0.0456744 0.000749167 9.9928E-05 9.9928E-05 0.0195315 0.339289 9.9928E-05 0.0433943 0.0334891 0.0028788 0.0463336 0.0226315 9.9928E-05 0.052727 0.00932969
9.99011E-05 9.99011E-05 0.358013 9.99011E-05 9.99011E-05 0.0396922 9.99011E-05 9.99011E-05 9.99011E-05 9.99011E-05 0.369684 9.99011E-05 0.0678997 0.0395261 9.99011E-05 0.0562007 0.00447312 9.99011E-05 0.0307472 0.0326648
0.031366 9.99101E-05 0.396092 9.99101E-05 0.0118843 0.0868504 9.99101E-05 0.0810795 9.99101E-05 0.0408722 0.242547 9.99101E-05 9.99101E-05 9.99101E-05 0.0269811 9.99101E-05 9.99101E-05 9.99101E-05 0.073413 0.00791493
0.0495473 9.9937E-05 0.400591 9.9937E-05 9.9937E-05 0.0819291 0.0104209 0.0739795 9.9937E-05 0.0207269 0.267155 0.00713053 9.9937E-05 9.9937E-05 0.00170994 9.9937E-05 0.00505688 0.00150145 0.0717238 0.00782829
0.0277536 9.99101E-05 0.537074 0.019752 9.99101E-05 0.0168412 9.99101E-05 0.0184511 0.0317255 9.99101E-05 0.198939 0.00528174 9.99101E-05 9.99101E-05 9.99101E-05 0.0877174 0.0554658 9.99101E-05 9.99101E-05 9.99101E-05
9.98831E-05 9.98831E-05 0.504485 9.98831E-05 9.98831E-05 0.0211105 9.98831E-05 0.0381991 9.98831E-05 9.98831E-05 0.330678 0.0694588 9.98831E-05 9.98831E-05 9.98831E-05 9.98831E-05 0.0238653 9.98831E-05 0.0109048 9.98831E-05
9.99011E-05 9.99011E-05 0.486626 0.0281579 9.99011E-05 0.0203177 9.99011E-05 0.00627633 0.010036 9.99011E-05 0.281697 9.99011E-05 0.0703124 9.99011E-05 9.99011E-05 9.99011E-05 0.0460525 9.99011E-05 0.0494252 9.99011E-05
9.98921E-05 9.98921E-05 0.366905 9.98921E-05 9.98921E-05 0.038584 9.98921E-05 9.98921E-05 9.98921E-05 9.98921E-05 0.392006 0.0472306 0.0643281 9.98921E-05 9.98921E-05 0.0546583 0.0110352 9.98921E-05 0.0240546 9.98921E-05
9.99101E-05 9.99101E-05 0.143502 9.99101E-05 9.99101E-05 0.0408848 0.0214021 0.00772223 9.99101E-05 9.99101E-05 0.58543 9.99101E-05 9.99101E-05 9.99101E-05 0.00657095 0.00453852 0.0802799 0.0247804 0.0838895 9.99101E-05
9.99101E-05 9.99101E-05 0.424953 9.99101E-05 9.99101E-05 0.0618401 9.99101E-05 0.0476678 9.99101E-05 9.99101E-05 0.312658 0.0504953 0.0280367 9.99101E-05 0.00218901 0.0395825 0.0154568 9.99101E-05 0.0161216 9.99101E-05
9.98831E-05 9.98831E-05 0.745177 9.98831E-05 9.98831E-05 0.0423341 9.98831E-05 0.043117 0.0191786 9.98831E-05 9.98831E-05 0.108008 9.98831E-05 0.0225231 9.98831E-05 9.98831E-05 9.98831E-05 9.98831E-05 9.98831E-05 0.0183638
9.98831E-05 9.98831E-05 0.750012 9.98831E-05 9.98831E-05 9.98831E-05 9.98831E-05 0.0453947 0.0990723 9.98831E-05 9.98831E-05 9.98831E-05 9.98831E-05 0.0243672 9.98831E-05 0.00664372 0.0371941 9.98831E-05 9.98831E-05 0.0360174
0.00570465 9.98831E-05 0.655828 9.98831E-05 9.98831E-05 9.98831E-05 9.98831E-05 9.98831E-05 9.98831E-05 0.0194861 0.107575 0.0532718 0.126799 0.0300373 9.98831E-05 9.98831E-05 9.98831E-05 9.98831E-05 9.98831E-05 9.98831E-05
9.9933E-05 0.0223101 0.594004 9.9933E-05 9.9933E-05 9.9933E-05 0.0619517 9.9933E-05 9.9933E-05 9.9933E-05 9.9933E-05 0.0233213 0.0486513 0.0472324 0.0354033 0.00331158 0.106142 0.00842824 0.0160141 0.032431
9.99011E-05 9.99011E-05 0.612802 9.99011E-05 9.99011E-05 0.0518865 9.99011E-05 0.03984 9.99011E-05 9.99011E-05 0.0167854 0.0301133 9.99011E-05 0.0724664 0.0479678 9.99011E-05 0.0522801 9.99011E-05 9.99011E-05 0.0747594
9.99011E-05 9.99011E-05 0.73564 9.99011E-05 0.0231479 0.0618647 9.99011E-05 0.0154225 9.99011E-05 9.99011E-05 0.0427231 9.99011E-05 9.99011E-05 9.99011E-05 0.0632434 9.99011E-05 9.99011E-05 0.0342536 0.00830031 0.014305
9.98831E-05 9.98831E-05 0.903865 0.0104753 0.0155588 9.98831E-05 9.98831E-05 9.98831E-05 0.00773049 0.0132454 9.98831E-05 9.98831E-05 0.0222039 9.98831E-05 9.98831E-05 0.0256228 9.98831E-05 9.98831E-05 9.98831E-05 9.98831E-05
0.0735036 0.0213545 0.553503 9.99191E-05 0.0569596 9.99191E-05 9.99191E-05 9.99191E-05 0.115377 0.0570076 9.99191E-05 9.99191E-05 0.00269048 9.99191E-05 9.99191E-05 0.0696129 0.026927 9.99191E-05 0.00501532 0.0171493
0.0113139 9.98831E-05 0.700043 9.98831E-05 9.98831E-05 9.98831E-05 0.00960387 9.98831E-05 9.98831E-05 0.0580516 9.98831E-05 9.98831E-05 9.98831E-05 9.98831E-05 9.98831E-05 0.017249 0.164161 9.98831E-05 9.98831E-05 0.0382786
0.104461 9.99259E-05 0.565433 9.99259E-05 0.0128121 9.99259E-05 9.99259E-05 9.99259E-05 0.14075 0.0426986 9.99259E-05 9.99259E-05 0.00583858 0.0184508 0.0195064 0.0401484 9.99259E-05 9.99259E-05 0.0097754 0.0392257
0.0635641 9.99011E-05 0.752425 9.99011E-05 9.99011E-05 9.99011E-05 9.99011E-05 9.99011E-05 0.0432649 9.99011E-05 9.99011E-05 9.99011E-05 0.0736182 9.99011E-05 0.0205611 9.99011E-05 0.0265829 0.0096254 0.000780513 0.0084789
9.99011E-05 9.99011E-05 0.527572 9.99011E-05 9.99011E-05 9.99011E-05 9.99011E-05 9.99011E-05 0.178937 0.0775453 0.00431082 9.99011E-05 0.0480029 0.0271535 0.0577629 9.99011E-05 9.99011E-05 9.99011E-05 0.0668121 0.0108042
0.0260772 0.035213 0.595231 0.0122155 0.0429289 0.105993 9.99101E-05 9.99101E-05 0.0639598 9.99101E-05 9.99101E-05 9.99101E-05 0.0801503 9.99101E-05 9.99101E-05 0.00912419 9.99101E-05 9.99101E-05 0.0281082 9.99101E-05
9.98922E-05 0.0098977 0.789169 9.98922E-05 9.98922E-05 0.0280826 9.98922E-05 9.98922E-05 9.98922E-05 0.0580478 9.98922E-05 9.98922E-05 0.0551651 9.98922E-05 0.0398783 9.98922E-05 9.98922E-05 0.00106489 0.0174961 9.98922E-05
9.99011E-05 9.99011E-05 0.592104 0.0485066 9.99011E-05 9.99011E-05 9.99011E-05 0.0318769 9.99011E-05 9.99011E-05 0.0928376 0.00954736 9.99011E-05 9.99011E-05 0.120213 0.0851919 9.99011E-05 0.0166276 0.0019957 9.99011E-05
9.9928E-05 9.9928E-05 0.603662 0.0113954 0.0650884 0.0477729 0.0715922 9.9928E-05 9.9928E-05 0.0364048 9.9928E-05 0.0169275 9.9928E-05 0.0317715 9.9928E-05 0.00619456 0.0811632 0.00373272 0.0234952 9.9928E-05
0.0219546 0.0284655 0.522548 9.9928E-05 9.9928E-05 9.9928E-05 0.0123522 9.9928E-05 9.9928E-05 0.0381951 0.0441076 0.136965 9.9928E-05 0.035694 0.0375448 9.9928E-05 0.0552278 0.028129 0.0380166 9.9928E-05
0.0353491 9.99101E-05 0.595971 9.99101E-05 9.99101E-05 0.0331157 9.99101E-05 0.018025 9.99101E-05 9.99101E-05 0.0292904 0.0306664 9.99101E-05 0.0655729 0.0433072 9.99101E-05 0.0585467 9.99101E-05 9.99101E-05 0.0891561
0.022273 0.0476178 0.52752 9.9946E-05 0.0429386 0.00255786 0.0300118 9.9946E-05 9.9946E-05 0.0297305 0.0196522 0.122467 9.9946E-05 0.0454062 0.0144817 9.9946E-05 0.0356577 0.0213121 0.0377739 9.9946E-05
9.99011E-05 0.112278 0.623042 0.00315192 0.0106065 0.0725546 9.99011E-05 9.99011E-05 0.0350676 9.99011E-05 9.99011E-05 9.99011E-05 0.0732844 9.99011E-05 9.99011E-05 9.99011E-05 9.99011E-05 9.99011E-05 0.0453663 0.0235494
0.0796259 9.99101E-05 0.614611 0.00600817 9.99101E-05 9.99101E-05 9.99101E-05 9.99101E-05 0.0461721 9.99101E-05 0.113274 0.00442827 0.0928886 9.99101E-05 0.0332042 9.99101E-05 0.00617329 9.99101E-05 0.00261513 9.99101E-05
0.121275 9.99011E-05 0.566952 9.99011E-05 0.00281352 9.99011E-05 9.99011E-05 0.00764788 0.0256431 9.99011E-05 0.0850991 9.99011E-05 0.107928 9.99011E-05 0.0774247 0.00411679 9.99011E-05 9.99011E-05 9.99011E-05 9.99011E-05
9.99101E-05 9.99101E-05 0.599875 9.99101E-05 9.99101E-05 9.99101E-05 0.00595635 0.0531633 9.99101E-05 0.0204417 0.0780768 9.99101E-05 0.00982968 9.99101E-05 9.99101E-05 0.0519867 0.040113 0.0936105 0.0459476 9.99101E-05
9.99101E-05 9.99101E-05 0.645815 9.99101E-05 0.0127512 9.99101E-05 0.0241438 0.0361658 9.99101E-05 9.99101E-05 0.0891393 9.99101E-05 0.045899 9.99101E-05 9.99101E-05 0.0104221 0.048283 0.0715575 0.0148241 9.99101E-05
0.150674 0.00627864 0.670924 9.98921E-05 0.0100504 0.0156206 9.98921E-05 9.98921E-05 9.98921E-05 0.077478 9.98921E-05 9.98921E-05 9.98921E-05 9.98921E-05 9.98921E-05 0.0159453 9.98921E-05 0.0518301 9.98921E-05 9.98921E-05
0.0184127 9.9919E-05 0.597037 9.9919E-05 9.9919E-05 0.0120105 9.9919E-05 9.9919E-05 0.0995941 0.0440842 0.0202344 9.9919E-05 9.9919E-05 0.00127301 0.0398335 0.0489055 0.0566796 9.9919E-05 0.0610368 9.9919E-05
0.162593 0.0255354 0.690254 9.98831E-05 0.0219696 0.0401262 9.98831E-05 9.98831E-05 9.98831E-05 0.0542094 9.98831E-05 9.98831E-05 9.98831E-05 9.98831E-05 9.98831E-05 9.98831E-05 9.98831E-05 9.98831E-05 0.00401387 9.98831E-05
0.00216836 0.0184685 0.77499 0.000135194 0.00463506 9.99101E-05 9.99101E-05 0.0265371 9.99101E-05 0.0157192 9.99101E-05 9.99101E-05 0.133034 9.99101E-05 9.99101E-05 9.99101E-05 0.00910617 9.99101E-05 0.014207 9.99101E-05
0.0814327 9.99191E-05 0.635919 9.99191E-05 9.99191E-05 9.99191E-05 9.99191E-05 0.0347563 0.017206 0.072515 9.99191E-05 0.00841829 0.00261296 9.99191E-05 0.0207556 9.99191E-05 0.0695594 0.0332932 9.99191E-05 0.0226319
0.0478118 0.0282947 0.676959 9.99101E-05 0.0517142 0.00781783 9.99101E-05 0.0823441 9.99101E-05 9.99101E-05 9.99101E-05 9.99101E-05 9.99101E-05 0.0550396 9.99101E-05 0.0205432 9.99101E-05 0.000364095 9.99101E-05 0.0281123
0.0704616 0.0384043 0.638882 9.99011E-05 0.0496707 0.00824735 9.99011E-05 0.108913 9.99011E-05 9.99011E-05 9.99011E-05 9.99011E-05 9.99011E-05 9.99011E-05 9.99011E-05 0.0402158 9.99011E-05 0.0421967 9.99011E-05 0.00191003
0.0522061 9.98921E-05 0.684751 9.98921E-05 9.98921E-05 9.98921E-05 0.0364722 0.00788445 0.023032 9.98921E-05 0.00250443 9.98921E-05 0.149895 9.98921E-05 9.98921E-05 9.98921E-05 9.98921E-05 9.98921E-05 0.0420559 9.98921E-05
0.00720502 9.99011E-05 0.739813 9.99011E-05 0.0830063 0.0164034 0.0171305 0.0436477 9.99011E-05 0.0872231 9.99011E-05 0.00378589 9.99011E-05 9.99011E-05 9.99011E-05 9.99011E-05 9.99011E-05 9.99011E-05 9.99011E-05 0.000685877
9.98921E-05 9.98921E-05 0.723809 0.0306254 9.98921E-05 9.98921E-05 9.98921E-05 0.0200909 9.98921E-05 9.98921E-05 0.0737651 0.056251 9.98921E-05 9.98921E-05 0.045284 0.00929614 0.0396797 9.98921E-05 9.98921E-05 9.98921E-05
9.99011E-05 0.0385802 0.783202 0.000149093 9.99011E-05 0.00180686 0.00136771 0.0389246 9.99011E-05 0.0349178 0.0823982 9.99011E-05 9.99011E-05 9.99011E-05 9.99011E-05 9.99011E-05 9.99011E-05 0.0175543 9.99011E-05 9.99011E-05
9.98832E-05 0.0266987 0.718931 0.0770474 9.98832E-05 0.0135917 0.0487949 9.98832E-05 9.98832E-05 9.98832E-05 9.98832E-05 0.0378097 0.075828 9.98832E-05 9.98832E-05 9.98832E-05 9.98832E-05 9.98832E-05 9.98832E-05 9.98832E-05
0.0502445 9.99101E-05 0.638908 0.0548839 9.99101E-05 0.0222 9.99101E-05 0.026282 9.99101E-05 0.0382433 0.111833 9.99101E-05 0.0291603 0.0101633 9.99101E-05 0.017082 9.99101E-05 9.99101E-05 9.99101E-05 9.99101E-05
0.028809 9.98831E-05 0.732413 0.0178758 9.98831E-05 9.98831E-05 9.98831E-05 0.0208868 9.98831E-05 9.98831E-05 9.98831E-05 9.98831E-05 0.123893 9.98831E-05 9.98831E-05 9.98831E-05 0.0309048 9.98831E-05 0.0439186 9.98831E-05
9.99011E-05 9.99011E-05 0.510211 0.0209698 9.99011E-05 9.99011E-05 0.0138175 0.0247215 9.99011E-05 9.99011E-05 0.371328 9.99011E-05 0.00378593 9.99011E-05 9.99011E-05 9.99011E-05 0.00423422 9.99011E-05 0.0196422 0.030191
9.99281E-05 0.0281342 0.726175 9.99281E-05 0.0125551 0.0388266 9.99281E-05 9.99281E-05 0.000184503 0.00357959 0.124665 0.0153457 9.99281E-05 9.99281E-05 0.00302955 0.0355814 9.99281E-05 9.99281E-05 0.000943664 0.0101804
0.00412159 9.99191E-05 0.7622 0.0372169 9.99191E-05 9.99191E-05 0.0531839 0.0235982 0.00130357 9.99191E-05 0.0311114 9.99191E-05 0.0235205 9.99191E-05 0.0123271 0.0376134 9.99191E-05 9.99191E-05 0.0129041 9.99191E-05
9.98921E-05 0.128819 0.737172 0.0252958 9.98921E-05 0.0229485 0.0121814 9.98921E-05 9.98921E-05 9.98921E-05 0.0535678 9.98921E-05 9.98921E-05 9.98921E-05 9.98921E-05 9.98921E-05 9.98921E-05 0.0159525 0.00286516 9.98921E-05
9.99011E-05 9.99011E-05 0.612446 0.0048529 9.99011E-05 9.99011E-05 0.014867 9.99011E-05 9.99011E-05 9.99011E-05 0.0453866 0.0264305 0.0863294 9.99011E-05 0.0830213 0.0837594 9.99011E-05 9.99011E-05 0.0418086 9.99011E-05
0.0937144 9.99191E-05 0.529928 9.99191E-05 9.99191E-05 0.00121169 0.0147843 9.99191E-05 9.99191E-05 9.99191E-05 0.107493 0.0159016 0.0648356 0.014131 9.99191E-05 0.0571822 0.0834589 9.99191E-05 0.0164597 9.99191E-05
0.00348796 9.9919E-05 0.604389 0.00920608 0.090566 9.9919E-05 9.9919E-05 9.9919E-05 0.129956 9.9919E-05 0.0681686 9.9919E-05 0.0700119 0.00697384 9.9919E-05 0.00857866 0.00141108 9.9919E-05 9.9919E-05 0.00635168
0.0429303 9.99101E-05 0.721172 0.012386 9.99101E-05 0.0309653 9.99101E-05 9.99101E-05 9.99101E-05 0.0328852 0.00742784 0.0435236 0.0165484 9.99101E-05 0.0425896 9.99101E-05 9.99101E-05 9.99101E-05 0.0485728 9.99101E-05
9.98921E-05 9.98921E-05 0.814783 0.00579454 9.98921E-05 9.98921E-05 9.98921E-05 9.98921E-05 0.00252171 0.0335328 0.0100023 9.98921E-05 0.0391612 9.98921E-05 9.98921E-05 0.0679743 9.98921E-05 9.98921E-05 9.98921E-05 0.0250308
9.9919E-05 9.9919E-05 0.704701 0.0128622 9.9919E-05 9.9919E-05 0.0110813 9.9919E-05 0.00279553 9.9919E-05 0.0127943 0.0132398 0.0895 9.9919E-05 0.00591684 0.0413475 0.0604044 9.9919E-05 9.9919E-05 0.0444581
9.98921E-05 9.98921E-05 0.77481 9.98921E-05 0.00915332 0.00802218 0.0400925 0.0521198 9.98921E-05 9.98921E-05 0.0445821 9.98921E-05 9.98921E-05 9.98921E-05 9.98921E-05 0.0144786 0.0555429 9.98921E-05 9.98921E-05 9.98921E-05
0.0280667 9.98921E-05 0.825289 0.0164995 0.00140893 0.0176962 9.98921E-05 9.98921E-05 9.98921E-05 9.98921E-05 0.0776486 0.0304188 9.98921E-05 0.00177342 9.98921E-05 9.98921E-05 9.98921E-05 9.98921E-05 9.98921E-05 9.98921E-05
0.0637328 9.99101E-05 0.582808 9.99101E-05 9.99101E-05 0.0130349 0.0538052 9.99101E-05 0.0880841 9.99101E-05 0.0938915 9.99101E-05 0.00816162 0.0600253 0.0326143 0.00284325 9.99101E-05 9.99101E-05 9.99101E-05 9.99101E-05
0.0299606 9.98921E-05 0.793564 9.98921E-05 9.98921E-05 9.98921E-05 9.98921E-05 0.0281855 0.0594786 9.98921E-05 0.0207367 9.98921E-05 9.98921E-05 9.98921E-05 0.0512403 0.00545276 9.98921E-05 0.0101833 9.98921E-05 9.98921E-05
0.103292 0.0304593 0.416816 9.9946E-05 9.9946E-05 0.0278435 0.0132474 0.0597158 0.145849 0.0419582 0.0299166 0.0381282 9.9946E-05 0.0452376 0.00942664 9.9946E-05 0.0290638 9.9946E-05 9.9946E-05 0.00844629
0.0250311 0.310502 0.474214 9.9919E-05 0.0189514 0.00240566 9.9919E-05 0.00784321 9.9919E-05 9.9919E-05 9.9919E-05 0.0393587 0.0341693 9.9919E-05 9.9919E-05 0.0407565 0.0198721 9.9919E-05 9.9919E-05 0.0259965
0.0151171 9.9937E-05 0.519549 9.9937E-05 9.9937E-05 0.00149862 9.9937E-05 0.0155848 0.0535058 0.143558 9.9937E-05 0.0045498 0.0360733 0.0214065 0.036894 0.0500075 0.0868927 9.9937E-05 9.9937E-05 0.0146636
0.0100546 0.124435 0.445528 9.99101E-05 0.045007 0.072901 0.119992 9.99101E-05 0.0741668 9.99101E-05 9.99101E-05 0.0504381 9.99101E-05 0.0246851 9.99101E-05 9.99101E-05 9.99101E-05 9.99101E-05 9.99101E-05 0.031793
0.92006 9.98831E-05 9.98831E-05 9.98831E-05 0.0303029 0.00234331 0.00901465 9.98831E-05 9.98831E-05 9.98831E-05 9.98831E-05 9.98831E-05 9.98831E-05 0.010203 0.00328399 9.98831E-05 9.98831E-05 0.0234938 9.98831E-05 9.98831E-05
0.998103 9.98293E-05 9.98293E-05 9.98293E-05 9.98293E-05 9.98293E-05 9.98293E-05 9.98293E-05 9.98293E-05 9.98293E-05 9.98293E-05 9.98293E-05 9.98293E-05 9.98293E-05 9.98293E-05 9.98293E-05 9.98293E-05 9.98293E-05 9.98293E-05 9.98293E-05
0.985223 9.98472E-05 9.98472E-05 0.00325138 9.98472E-05 9.98472E-05 9.98472E-05 9.98472E-05 9.98472E-05 0.00982824 9.98472E-05 9.98472E-05 9.98472E-05 9.98472E-05 9.98472E-05 9.98472E-05 9.98472E-05 9.98472E-05 9.98472E-05 9.98472E-05
0.998103 9.98293E-05 9.98293E-05 9.98293E-05 9.98293E-05 9.98293E-05 9.98293E-05 9.98293E-05 9.98293E-05 9.98293E-05 9.98293E-05 9.98293E-05 9.98293E-05 9.98293E-05 9.98293E-05 9.98293E-05 9.98293E-05 9.98293E-05 9.98293E-05 9.98293E-05
0.701473 0.0499885 9.99101E-05 9.99101E-05 0.00130307 0.0194215 0.0104056 9.99101E-05 9.99101E-05 9.99101E-05 9.99101E-05 9.99101E-05 9.99101E-05 9.99101E-05 0.0548144 0.0732231 0.0275552 9.99101E-05 0.0190763 0.0417399
0.981697 9.98383E-05 9.98383E-05 9.98383E-05 9.98383E-05 9.98383E-05 9.98383E-05 9.98383E-05 9.98383E-05 9.98383E-05 9.98383E-05 0.0165059 9.98383E-05 9.98383E-05 9.98383E-05 9.98383E-05 9.98383E-05 9.98383E-05 9.98383E-05 9.98383E-05
0.998103 9.98293E-05 9.98293E-05 9.98293E-05 9.98293E-05 9.98293E-05 9.98293E-05 9.98293E-05 9.98293E-05 9.98293E-05 9.98293E-05 9.98293E-05 9.98293E-05 9.98293E-05 9.98293E-05 9.98293E-05 9.98293E-05 9.98293E-05 9.98293E-05 9.98293E-05
0.953243 9.98472E-05 9.98472E-05 9.98472E-05 9.98472E-05 9.98472E-05 9.98472E-05 9.98472E-05 9.98472E-05 9.98472E-05 9.98472E-05 9.98472E-05 9.98472E-05 0.0139061 9.98472E-05 9.98472E-05 9.98472E-05 9.98472E-05 9.98472E-05 0.0311534
0.997287 9.98383E-05 9.98383E-05 9.98383E-05 9.98383E-05 9.98383E-05 9.98383E-05 9.98383E-05 9.98383E-05 9.98383E-05 9.98383E-05 9.98383E-05 9.98383E-05 9.98383E-05 0.000915799 9.98383E-05 9.98383E-05 9.98383E-05 9.98383E-05 9.98383E-05
0.998103 9.98293E-05 9.98293E-05 9.98293E-05 9.98293E-05 9.98293E-05 9.98293E-05 9.98293E-05 9.98293E-05 9.98293E-05 9.98293E-05 9.98293E-05 9.98293E-05 9.98293E-05 9.98293E-05 9.98293E-05 9.98293E-05 9.98293E-05 9.98293E-05 9.98293E-05
0.99721 9.98477E-05 9.98477E-05 9.98477E-05 9.98477E-05 9.98477E-05 9.98477E-05 0.00063081 9.98477E-05 9.98477E-05 9.98477E-05 9.98477E-05 9.98477E-05 9.98477E-05 9.98477E-05 9.98477E-05 9.98477E-05 0.000462269 9.98477E-05 9.98477E-05
0.998103 9.98293E-05 9.98293E-05 9.98293E-05 9.98293E-05 9.98293E-05 9.98293E-05 9.98293E-05 9.98293E-05 9.98293E-05 9.98293E-05 9.98293E-05 9.98293E-05 9.98293E-05 9.98293E-05 9.98293E-05 9.98293E-05 9.98293E-05 9.98293E-05 9.98293E-05
0.96126 9.98472E-05 9.98472E-05 9.98472E-05 9.98472E-05 9.98472E-05 9.98472E-05 9.98472E-05 9.98472E-05 9.98472E-05 9.98472E-05 0.0232571 9.98472E-05 9.98472E-05 9.98472E-05 0.013786 9.98472E-05 9.98472E-05 9.98472E-05 9.98472E-05
0.958598 9.98472E-05 9.98472E-05 9.98472E-05 0.0193865 9.98472E-05 9.98472E-05 9.98472E-05 0.0203184 9.98472E-05 9.98472E-05 9.98472E-05 9.98472E-05 9.98472E-05 9.98472E-05 9.98472E-05 9.98472E-05 9.98472E-05 9.98472E-05 9.98472E-05
0.987737 9.98383E-05 9.98383E-05 9.98383E-05 9.98383E-05 9.98383E-05 9.98383E-05 9.98383E-05 9.98383E-05 9.98383E-05 9.98383E-05 9.98383E-05 9.98383E-05 9.98383E-05 9.98383E-05 9.98383E-05 9.98383E-05 0.0104663 9.98383E-05 9.98383E-05
0.540466 0.0199681 0.0739491 9.9928E-05 0.0465125 0.00600956 0.0251474 9.9928E-05 0.0773798 9.9928E-05 0.101329 9.9928E-05 9.9928E-05 0.00757843 9.9928E-05 9.9928E-05 0.0127723 0.0398909 0.0481978 9.9928E-05
0.930957 9.98652E-05 0.00757126 9.98652E-05 9.98652E-05 9.98652E-05 9.98652E-05 9.98652E-05 9.98652E-05 9.98652E-05 0.00240338 9.98652E-05 9.98652E-05 0.0221878 9.98652E-05 9.98652E-05 0.0353829 9.98652E-05 9.98652E-05 9.98652E-05
0.972398 9.98472E-05 9.98472E-05 9.98472E-05 9.98472E-05 9.98472E-05 9.98472E-05 9.98472E-05 9.98472E-05 0.00630374 9.98472E-05 0.019601 9.98472E-05 9.98472E-05 9.98472E-05 9.98472E-05 9.98472E-05 9.98472E-05 9.98472E-05 9.98472E-05
0.0966194 0.0247378 0.120433 9.99101E-05 9.99101E-05 9.99101E-05 9.99101E-05 0.0396617 0.485159 9.99101E-05 9.99101E-05 9.99101E-05 0.0699522 0.0094905 9.99101E-05 0.0468276 0.0969116 0.00920782 9.99101E-05 9.99101E-05
0.0142783 9.991E-05 9.991E-05 9.991E-05 9.991E-05 0.00206605 0.04698 0.0717575 0.482928 9.991E-05 0.271353 9.991E-05 0.0208479 9.991E-05 0.00252249 0.0340982 0.0521697 9.991E-05 9.991E-05 9.991E-05
0.00690604 9.991E-05 9.991E-05 9.991E-05 9.991E-05 9.991E-05 0.0661727 0.0874833 0.499493 9.991E-05 0.281076 0.00545802 0.00826887 9.991E-05 0.0131613 0.0174678 0.0135146 9.991E-05 9.991E-05 9.991E-05
0.0905246 9.9919E-05 0.380711 9.9919E-05 0.0478241 9.9919E-05 0.0376817 0.00482602 0.27577 9.9919E-05 9.9919E-05 9.9919E-05 9.9919E-05 9.9919E-05 0.00581732 0.0315403 0.0680223 0.0415414 9.9919E-05 0.014842
0.08105 9.9928E-05 0.0370793 9.9928E-05 9.9928E-05 9.9928E-05 0.0517917 0.0998037 0.238095 9.9928E-05 0.147705 0.105239 0.109822 9.9928E-05 9.9928E-05 0.0209759 0.0198807 0.0686377 0.0191202 9.9928E-05
9.99011E-05 9.99011E-05 0.179115 9.99011E-05 0.0230936 9.99011E-05 9.99011E-05 9.99011E-05 0.46508 9.99011E-05 0.054356 9.99011E-05 0.236267 0.0154384 9.99011E-05 9.99011E-05 9.99011E-05 0.0108823 0.0141648 0.000502911
0.0806884 9.99191E-05 0.311071 9.99191E-05 0.0525227 0.0176725 9.99191E-05 0.0958738 0.212736 0.0215978 9.99191E-05 9.99191E-05 0.0403635 0.0233357 9.99191E-05 0.0313734 0.111866 9.99191E-05 9.99191E-05 9.99191E-05
0.0158499 9.991E-05 9.991E-05 9.991E-05 9.991E-05 0.00256122 0.053647 0.0742641 0.488907 9.991E-05 0.273881 9.991E-05 0.0228417 9.991E-05 0.00374059 0.0355275 0.0277809 9.991E-05 9.991E-05 9.991E-05
