9.9937E-05 9.9937E-05 9.9937E-05 0.0431586 9.9937E-05 0.0576778 0.061889 0.01608 0.0497204 0.138191 0.0337595 9.9937E-05 0.0286885 0.00783552 9.9937E-05 0.0602617 9.9937E-05 0.502038
0.02814 9.9928E-05 9.9928E-05 9.9928E-05 9.9928E-05 0.0497265 0.0397083 9.9928E-05 0.00316948 0.173633 0.0272524 9.9928E-05 9.9928E-05 0.0344468 0.00797626 0.0967152 9.9928E-05 0.538433
9.9937E-05 0.0186522 0.0175348 0.0089122 0.0248152 9.9937E-05 0.0458742 0.04458 0.091437 0.0306809 9.9937E-05 0.0896984 9.9937E-05 0.0209467 9.9937E-05 9.9937E-05 9.9937E-05 0.606169
0.000699446 9.98831E-05 9.98831E-05 0.00374438 9.98831E-05 0.0240408 9.98831E-05 9.98831E-05 9.98831E-05 9.98831E-05 9.98831E-05 9.98831E-05 9.98831E-05 9.98831E-05 9.98831E-05 0.0277528 9.98831E-05 0.942464
9.9946E-05 0.136053 0.0258427 0.00425982 0.0304898 9.9946E-05 0.00272162 9.9946E-05 0.0362345 0.104442 0.0256081 9.9946E-05 0.0261183 0.0418379 9.9946E-05 0.0252638 9.9946E-05 0.540529
9.98562E-05 9.98562E-05 9.98562E-05 9.98562E-05 9.98562E-05 9.98562E-05 9.98562E-05 9.98562E-05 9.98562E-05 9.98562E-05 9.98562E-05 9.98562E-05 9.98562E-05 9.98562E-05 9.98562E-05 0.0581292 9.98562E-05 0.940273
9.98562E-05 9.98562E-05 9.98562E-05 9.98562E-05 9.98562E-05 9.98562E-05 9.98562E-05 9.98562E-05 9.98562E-05 9.98562E-05 9.98562E-05 9.98562E-05 9.98562E-05 9.98562E-05 9.98562E-05 0.0379887 9.98562E-05 0.960414
0.0273043 0.163768 0.0658685 0.0884655 9.9937E-05 9.9937E-05 0.0372027 0.00389964 0.0139098 0.061502 0.063997 9.9937E-05 9.9937E-05 0.0592455 9.9937E-05 9.9937E-05 9.9937E-05 0.414137
9.99011E-05 9.99011E-05 9.99011E-05 9.99011E-05 0.00603354 9.99011E-05 9.99011E-05 9.99011E-05 9.99011E-05 0.153117 0.0490995 9.99011E-05 0.0456798 9.99011E-05 0.0661341 0.0942 9.99011E-05 0.584637
0.0381742 0.0410199 9.9946E-05 0.0832989 9.9946E-05 0.00803481 0.0140118 0.0399135 0.0310245 0.111162 9.9946E-05 9.9946E-05 0.0910141 9.9946E-05 9.9946E-05 0.0768968 0.0106327 0.454217
9.99101E-05 9.99101E-05 9.99101E-05 9.99101E-05 9.99101E-05 0.0163203 0.0419374 9.99101E-05 0.0525497 9.99101E-05 0.0148222 9.99101E-05 0.044032 0.0212071 0.0806006 9.99101E-05 9.99101E-05 0.727531
9.99101E-05 0.200014 9.99101E-05 9.99101E-05 0.0173192 9.99101E-05 9.99101E-05 0.000466719 9.99101E-05 0.0702035 9.99101E-05 9.99101E-05 9.99101E-05 9.99101E-05 0.0189071 0.0731812 0.0286971 0.590212
0.00317573 9.98921E-05 9.98921E-05 9.98921E-05 9.98921E-05 9.98921E-05 0.0277408 0.0150453 9.98921E-05 9.98921E-05 9.98921E-05 9.98921E-05 0.0033044 9.98921E-05 9.98921E-05 9.98921E-05 0.00345866 0.946076
9.98472E-05 9.98472E-05 9.98472E-05 9.98472E-05 9.98472E-05 9.98472E-05 9.98472E-05 9.98472E-05 9.98472E-05 9.98472E-05 9.98472E-05 9.98472E-05 9.98472E-05 9.98472E-05 9.98472E-05 9.98472E-05 9.98472E-05 0.998303
9.98562E-05 9.98562E-05 9.98562E-05 9.98562E-05 9.98562E-05 9.98562E-05 9.98562E-05 9.98562E-05 9.98562E-05 9.98562E-05 0.0294222 9.98562E-05 9.98562E-05 9.98562E-05 9.98562E-05 9.98562E-05 9.98562E-05 0.96898
9.98651E-05 9.98651E-05 9.98651E-05 9.98651E-05 0.0394631 9.98651E-05 9.98651E-05 9.98651E-05 9.98651E-05 9.98651E-05 0.0284841 9.98651E-05 9.98651E-05 9.98651E-05 9.98651E-05 9.98651E-05 9.98651E-05 0.930555
0.0516166 9.9919E-05 0.0214277 0.016844 9.9919E-05 9.9919E-05 9.9919E-05 0.133068 9.9919E-05 0.00663388 0.0050008 0.0285137 9.9919E-05 0.0693331 9.9919E-05 9.9919E-05 9.9919E-05 0.666663
0.036356 9.9919E-05 0.00468051 9.9919E-05 9.9919E-05 9.9919E-05 9.9919E-05 0.109653 0.0143309 0.0407543 0.0219585 0.0366814 9.9919E-05 0.0570457 9.9919E-05 9.9919E-05 9.9919E-05 0.677641
9.9928E-05 0.0215684 0.00982496 0.0218774 9.9928E-05 9.9928E-05 9.9928E-05 0.0399006 0.00549331 9.9928E-05 0.0397092 0.0739606 0.00988492 0.0223135 9.9928E-05 9.9928E-05 9.9928E-05 0.754668
9.98472E-05 9.98472E-05 9.98472E-05 9.98472E-05 9.98472E-05 9.98472E-05 9.98472E-05 9.98472E-05 0.998303 9.98472E-05 9.98472E-05 9.98472E-05 9.98472E-05 9.98472E-05 9.98472E-05 9.98472E-05 9.98472E-05 9.98472E-05
0.0160962 9.9928E-05 0.0162383 0.000395772 9.9928E-05 0.0114528 0.0058947 9.9928E-05 0.279705 0.431674 0.0425917 0.0720564 9.9928E-05 9.9928E-05 9.9928E-05 9.9928E-05 9.9928E-05 0.123096
0.00571898 9.99281E-05 9.99281E-05 9.99281E-05 9.99281E-05 0.0757009 0.0222964 9.99281E-05 0.239697 0.388599 0.0164742 0.0344499 9.99281E-05 9.99281E-05 0.0681023 0.0477134 9.99281E-05 0.100448
0.0351612 9.99101E-05 9.99101E-05 9.99101E-05 0.0245116 9.99101E-05 9.99101E-05 9.99101E-05 0.198528 0.15483 9.99101E-05 0.0244152 9.99101E-05 0.182183 9.99101E-05 0.171011 9.99101E-05 0.20836
9.9928E-05 9.9928E-05 9.9928E-05 0.0517412 9.9928E-05 9.9928E-05 0.0373415 9.9928E-05 0.14173 0.126702 0.00531573 0.178732 9.9928E-05 0.0833908 9.9928E-05 0.134993 0.0442789 0.194976
9.9946E-05 9.9946E-05 0.0345816 0.010707 9.9946E-05 9.9946E-05 9.9946E-05 0.0101763 0.126596 0.183131 0.0164942 0.0513742 0.0422727 0.0254886 9.9946E-05 0.29906 0.0156412 0.183878
9.99011E-05 9.99011E-05 0.059528 0.021337 9.99011E-05 9.99011E-05 9.99011E-05 9.99011E-05 0.276423 0.345852 9.99011E-05 9.99011E-05 9.99011E-05 0.0087766 9.99011E-05 0.0439001 9.99011E-05 0.243085
0.00909583 9.99191E-05 0.0316598 9.99191E-05 9.99191E-05 9.99191E-05 9.99191E-05 9.99191E-05 0.281117 0.313489 0.0388849 9.99191E-05 0.0665287 9.99191E-05 0.0301796 0.180204 9.99191E-05 0.0479417
9.9928E-05 0.000631113 9.9928E-05 0.0172284 9.9928E-05 0.0363071 9.9928E-05 0.0111731 0.155463 0.423644 0.0304198 0.0790446 9.9928E-05 9.9928E-05 9.9928E-05 0.0385974 9.9928E-05 0.206693
9.99191E-05 9.99191E-05 9.99191E-05 9.99191E-05 9.99191E-05 0.000813864 0.0272428 0.00134353 0.161291 0.460168 9.99191E-05 0.0536932 9.99191E-05 9.99191E-05 0.024576 0.0307906 9.99191E-05 0.239182
9.98472E-05 9.98472E-05 9.98472E-05 9.98472E-05 9.98472E-05 9.98472E-05 9.98472E-05 9.98472E-05 0.998303 9.98472E-05 9.98472E-05 9.98472E-05 9.98472E-05 9.98472E-05 9.98472E-05 9.98472E-05 9.98472E-05 9.98472E-05
9.98472E-05 9.98472E-05 9.98472E-05 9.98472E-05 9.98472E-05 9.98472E-05 9.98472E-05 9.98472E-05 0.998303 9.98472E-05 9.98472E-05 9.98472E-05 9.98472E-05 9.98472E-05 9.98472E-05 9.98472E-05 9.98472E-05 9.98472E-05
9.98562E-05 9.98562E-05 9.98562E-05 9.98562E-05 9.98562E-05 9.98562E-05 9.98562E-05 9.98562E-05 0.99114 9.98562E-05 9.98562E-05 0.00726231 9.98562E-05 9.98562E-05 9.98562E-05 9.98562E-05 9.98562E-05 9.98562E-05
9.98472E-05 9.98472E-05 9.98472E-05 9.98472E-05 9.98472E-05 9.98472E-05 9.98472E-05 9.98472E-05 0.998303 9.98472E-05 9.98472E-05 9.98472E-05 9.98472E-05 9.98472E-05 9.98472E-05 9.98472E-05 9.98472E-05 9.98472E-05
9.98831E-05 9.98831E-05 9.98831E-05 9.98831E-05 9.98831E-05 9.98831E-05 0.00417518 0.0043591 0.91816 0.00982831 9.98831E-05 9.98831E-05 9.98831E-05 9.98831E-05 9.98831E-05 9.98831E-05 0.0621792 9.98831E-05
9.98741E-05 9.98741E-05 9.98741E-05 9.98741E-05 9.98741E-05 9.98741E-05 0.0301794 9.98741E-05 0.956267 9.98741E-05 9.98741E-05 9.98741E-05 9.98741E-05 0.00724396 9.98741E-05 0.00491134 9.98741E-05 9.98741E-05
9.9937E-05 9.9937E-05 0.0220402 0.0407877 9.9937E-05 0.0302071 0.0429471 0.0209933 0.151801 0.267034 9.9937E-05 9.9937E-05 9.9937E-05 0.153814 9.9937E-05 0.161626 0.0321238 0.0759257
0.141388 9.9946E-05 0.0314844 0.017053 0.0859395 0.026116 9.9946E-05 0.0492799 0.186514 0.186227 9.9946E-05 0.000556767 9.9946E-05 0.0310773 9.9946E-05 0.0849312 9.9946E-05 0.158833
0.0745488 9.99101E-05 0.0225068 9.99101E-05 9.99101E-05 9.99101E-05 9.99101E-05 9.99101E-05 0.152302 0.136543 9.99101E-05 0.00779451 9.99101E-05 0.197476 9.99101E-05 0.173596 9.99101E-05 0.234233
9.98831E-05 9.98831E-05 0.019856 9.98831E-05 0.0966899 9.98831E-05 9.98831E-05 9.98831E-05 9.98831E-05 0.687117 9.98831E-05 9.98831E-05 9.98831E-05 9.98831E-05 9.98831E-05 0.111178 9.98831E-05 0.0838607
0.00982308 9.9955E-05 0.084288 0.0149436 0.0491152 9.9955E-05 0.0158945 9.9955E-05 0.0105162 0.444326 9.9955E-05 0.0169671 0.039229 0.00774747 0.0327438 0.131611 9.9955E-05 0.142296
9.99101E-05 9.99101E-05 0.118213 9.99101E-05 9.99101E-05 9.99101E-05 9.99101E-05 9.99101E-05 0.0386612 0.519449 0.00616473 9.99101E-05 9.99101E-05 9.99101E-05 0.014153 0.171431 0.0364164 0.0945124
0.137549 9.98921E-05 9.98921E-05 0.02842 9.98921E-05 9.98921E-05 9.98921E-05 0.00325272 0.0594518 0.570872 9.98921E-05 9.98921E-05 9.98921E-05 9.98921E-05 9.98921E-05 9.98921E-05 9.98921E-05 0.199256
0.0587925 9.99371E-05 0.03322 9.99371E-05 0.0379616 9.99371E-05 0.0276093 9.99371E-05 0.0101266 0.699389 9.99371E-05 0.0373871 9.99371E-05 0.0103689 9.99371E-05 0.000340463 0.0179729 0.0661324
9.99101E-05 9.99101E-05 0.0247729 0.017618 0.051302 9.99101E-05 9.99101E-05 0.109049 9.99101E-05 0.71178 9.99101E-05 0.0268314 9.99101E-05 0.022853 0.0347949 9.99101E-05 9.99101E-05 9.99101E-05
0.0131352 0.0116987 0.00610691 0.017041 0.043024 0.0386921 0.054468 0.092265 0.0843566 0.50632 0.0489515 9.9955E-05 9.9955E-05 0.0236752 9.9955E-05 9.9955E-05 9.9955E-05 0.0597659
0.074034 9.99281E-05 0.0445015 0.0347328 0.0131144 9.99281E-05 0.0128784 0.00207512 0.080156 0.586351 9.99281E-05 9.99281E-05 9.99281E-05 0.0249801 9.99281E-05 9.99281E-05 9.99281E-05 0.126378
0.0251909 9.99281E-05 0.0198349 9.99281E-05 9.99281E-05 0.0184994 0.000767404 9.99281E-05 0.0456857 0.713096 9.99281E-05 0.0478351 9.99281E-05 0.0291628 9.99281E-05 0.0651233 9.99281E-05 0.0340048
9.99011E-05 9.99011E-05 9.99011E-05 0.0108562 9.99011E-05 0.0231318 9.99011E-05 9.99011E-05 0.0273315 0.66918 9.99011E-05 9.99011E-05 0.0315713 0.130207 9.99011E-05 9.99011E-05 9.99011E-05 0.106624
9.98472E-05 9.98472E-05 0.998303 9.98472E-05 9.98472E-05 9.98472E-05 9.98472E-05 9.98472E-05 9.98472E-05 9.98472E-05 9.98472E-05 9.98472E-05 9.98472E-05 9.98472E-05 9.98472E-05 9.98472E-05 9.98472E-05 9.98472E-05
0.00854659 9.99011E-05 0.963388 0.00258379 9.99011E-05 9.99011E-05 9.99011E-05 0.00305543 9.99011E-05 9.99011E-05 9.99011E-05 9.99011E-05 9.99011E-05 9.99011E-05 9.99011E-05 0.00750861 0.00684955 0.00696869
9.98472E-05 9.98472E-05 0.998303 9.98472E-05 9.98472E-05 9.98472E-05 9.98472E-05 9.98472E-05 9.98472E-05 9.98472E-05 9.98472E-05 9.98472E-05 9.98472E-05 9.98472E-05 9.98472E-05 9.98472E-05 9.98472E-05 9.98472E-05
9.98472E-05 9.98472E-05 0.998303 9.98472E-05 9.98472E-05 9.98472E-05 9.98472E-05 9.98472E-05 9.98472E-05 9.98472E-05 9.98472E-05 9.98472E-05 9.98472E-05 9.98472E-05 9.98472E-05 9.98472E-05 9.98472E-05 9.98472E-05
9.98472E-05 9.98472E-05 0.998303 9.98472E-05 9.98472E-05 9.98472E-05 9.98472E-05 9.98472E-05 9.98472E-05 9.98472E-05 9.98472E-05 9.98472E-05 9.98472E-05 9.98472E-05 9.98472E-05 9.98472E-05 9.98472E-05 9.98472E-05
9.98472E-05 9.98472E-05 0.998303 9.98472E-05 9.98472E-05 9.98472E-05 9.98472E-05 9.98472E-05 9.98472E-05 9.98472E-05 9.98472E-05 9.98472E-05 9.98472E-05 9.98472E-05 9.98472E-05 9.98472E-05 9.98472E-05 9.98472E-05
0.00612882 9.99101E-05 0.951317 9.99101E-05 9.99101E-05 9.99101E-05 0.00899132 0.00866338 9.99101E-05 9.99101E-05 0.00527359 0.00154664 0.0097852 0.00729503 9.99101E-05 9.99101E-05 9.99101E-05 9.99101E-05
9.98562E-05 9.98562E-05 0.992032 9.98562E-05 9.98562E-05 9.98562E-05 9.98562E-05 9.98562E-05 0.00637007 9.98562E-05 9.98562E-05 9.98562E-05 9.98562E-05 9.98562E-05 9.98562E-05 9.98562E-05 9.98562E-05 9.98562E-05
9.98472E-05 9.98472E-05 0.998303 9.98472E-05 9.98472E-05 9.98472E-05 9.98472E-05 9.98472E-05 9.98472E-05 9.98472E-05 9.98472E-05 9.98472E-05 9.98472E-05 9.98472E-05 9.98472E-05 9.98472E-05 9.98472E-05 9.98472E-05
9.98831E-05 9.98831E-05 0.149737 9.98831E-05 9.98831E-05 9.98831E-05 9.98831E-05 9.98831E-05 9.98831E-05 0.667609 9.98831E-05 9.98831E-05 9.98831E-05 9.98831E-05 0.0207589 0.0493352 9.98831E-05 0.111261
9.99191E-05 0.129018 0.011631 9.99191E-05 9.99191E-05 0.05748 9.99191E-05 9.99191E-05 9.99191E-05 0.298254 0.0214024 9.99191E-05 0.0737678 9.99191E-05 9.99191E-05 0.33905 0.00943528 0.0590615
9.99191E-05 9.99191E-05 0.0657535 0.00392971 9.99191E-05 0.0551013 0.0552246 0.0247745 0.0140186 0.321823 9.99191E-05 9.99191E-05 9.99191E-05 9.99191E-05 0.0293197 0.429156 9.99191E-05 9.99191E-05
9.99191E-05 0.00652181 9.99191E-05 9.99191E-05 0.00827932 9.99191E-05 0.0146305 9.99191E-05 9.99191E-05 0.290539 9.99191E-05 9.99191E-05 0.0796802 9.99191E-05 0.0404285 0.360199 0.0814965 0.117325
0.00577197 0.0130418 0.0292631 9.99191E-05 0.097103 9.99191E-05 0.00860218 9.99191E-05 0.10945 0.311046 0.0156593 9.99191E-05 9.99191E-05 9.99191E-05 9.99191E-05 0.409163 9.99191E-05 9.99191E-05
0.0276788 9.991E-05 9.991E-05 0.00699185 9.991E-05 9.991E-05 0.0789087 9.991E-05 0.0602144 0.396195 9.991E-05 9.991E-05 9.991E-05 0.0435028 9.991E-05 0.272901 9.991E-05 0.112608
9.9955E-05 0.0366699 0.032498 0.0403781 9.9955E-05 9.9955E-05 0.091449 0.000339311 0.102891 0.355877 0.0285722 9.9955E-05 9.9955E-05 0.0321424 0.0664187 0.0774614 0.093097 0.0417058
9.98562E-05 9.98562E-05 9.98562E-05 9.98562E-05 9.98562E-05 9.98562E-05 9.98562E-05 9.98562E-05 0.00536554 9.98562E-05 9.98562E-05 9.98562E-05 9.98562E-05 9.98562E-05 9.98562E-05 0.993037 9.98562E-05 9.98562E-05
9.99101E-05 9.99101E-05 9.99101E-05 9.99101E-05 9.99101E-05 0.000106023 9.99101E-05 0.0371394 0.0143525 0.0451994 9.99101E-05 9.99101E-05 9.99101E-05 0.0173138 0.0112125 0.800578 9.99101E-05 0.0730991
9.99101E-05 0.115952 0.0165397 9.99101E-05 9.99101E-05 0.0663235 9.99101E-05 9.99101E-05 9.99101E-05 0.33214 9.99101E-05 9.99101E-05 0.0410337 9.99101E-05 9.99101E-05 0.355238 0.0382223 0.0335527
9.9919E-05 9.9919E-05 9.9919E-05 9.9919E-05 0.00170704 9.9919E-05 9.9919E-05 0.0507494 0.0259748 0.071189 0.0034559 9.9919E-05 0.00288118 9.9919E-05 0.00542969 0.778114 9.9919E-05 0.0596002
0.000353976 9.99101E-05 0.011404 9.99101E-05 9.99101E-05 9.99101E-05 9.99101E-05 0.100185 9.99101E-05 0.261927 9.99101E-05 9.99101E-05 0.00792227 0.00127576 9.99101E-05 0.597265 9.99101E-05 0.018667
9.99011E-05 9.99011E-05 0.0129165 9.99011E-05 9.99011E-05 9.99011E-05 9.99011E-05 0.0944028 0.00725223 0.263171 9.99011E-05 9.99011E-05 0.00868358 9.99011E-05 9.99011E-05 0.595564 9.99011E-05 0.0169109
9.98921E-05 9.98921E-05 0.00934628 9.98921E-05 9.98921E-05 9.98921E-05 9.98921E-05 0.0798516 0.000718944 0.27213 9.98921E-05 9.98921E-05 0.023545 9.98921E-05 9.98921E-05 0.61321 9.98921E-05 9.98921E-05
9.98921E-05 9.98921E-05 9.98921E-05 9.98921E-05 9.98921E-05 9.98921E-05 9.98921E-05 9.98921E-05 9.98921E-05 0.194848 9.98921E-05 0.0433526 9.98921E-05 9.98921E-05 0.0176745 0.665973 0.0296673 0.047286
9.9928E-05 9.9928E-05 0.0335797 0.0166664 0.0351998 9.9928E-05 9.9928E-05 0.069885 0.0860864 0.258674 9.9928E-05 0.0410909 0.0245511 9.9928E-05 9.9928E-05 0.363015 9.9928E-05 0.0704525
9.99011E-05 9.99011E-05 0.0188097 9.99011E-05 9.99011E-05 9.99011E-05 0.0443203 9.99011E-05 0.0835991 0.431611 9.99011E-05 9.99011E-05 0.0408537 9.99011E-05 9.99011E-05 0.296986 9.99011E-05 0.0827215
0.00544159 9.98561E-05 9.98561E-05 9.98561E-05 9.98561E-05 9.98561E-05 9.98561E-05 9.98561E-05 9.98561E-05 9.98561E-05 9.98561E-05 9.98561E-05 9.98561E-05 9.98561E-05 9.98561E-05 0.992961 9.98561E-05 9.98561E-05
0.0194717 9.98561E-05 9.98561E-05 9.98561E-05 9.98561E-05 9.98561E-05 9.98561E-05 9.98561E-05 9.98561E-05 9.98561E-05 9.98561E-05 9.98561E-05 9.98561E-05 9.98561E-05 9.98561E-05 0.978931 9.98561E-05 9.98561E-05
0.0490367 9.9892E-05 0.00862402 0.00774073 9.9892E-05 0.0223769 9.9892E-05 9.9892E-05 9.9892E-05 9.9892E-05 0.0431313 9.9892E-05 9.9892E-05 9.9892E-05 9.9892E-05 0.867892 9.9892E-05 9.9892E-05
0.0435095 9.98651E-05 9.98651E-05 0.0141969 9.98651E-05 9.98651E-05 9.98651E-05 9.98651E-05 9.98651E-05 9.98651E-05 9.98651E-05 9.98651E-05 9.98651E-05 9.98651E-05 9.98651E-05 0.940796 9.98651E-05 9.98651E-05
9.99101E-05 0.0214262 0.101034 9.99101E-05 0.0449831 9.99101E-05 9.99101E-05 9.99101E-05 9.99101E-05 0.617817 0.0907882 0.00137576 9.99101E-05 9.99101E-05 9.99101E-05 0.121327 9.99101E-05 0.000249912
9.99101E-05 9.99101E-05 0.101704 0.00902082 0.00474345 9.99101E-05 9.99101E-05 9.99101E-05 0.0103683 0.607263 9.99101E-05 9.99101E-05 0.0612732 9.99101E-05 9.99101E-05 0.126304 0.0783247 9.99101E-05
9.9928E-05 9.9928E-05 0.0372738 9.9928E-05 0.0368995 9.9928E-05 0.0234376 9.9928E-05 0.0768226 0.473982 9.9928E-05 0.0065489 9.9928E-05 9.9928E-05 0.0427626 0.119992 0.0442858 0.137196
9.98921E-05 9.98921E-05 0.081412 9.98921E-05 9.98921E-05 9.98921E-05 0.0291857 9.98921E-05 0.0731335 0.74535 9.98921E-05 9.98921E-05 9.98921E-05 9.98921E-05 9.98921E-05 0.066251 9.98921E-05 0.00346876
9.99191E-05 9.99191E-05 0.0964475 9.99191E-05 9.99191E-05 0.0339288 9.99191E-05 9.99191E-05 0.11036 0.631039 9.99191E-05 9.99191E-05 0.00372278 0.00493743 0.00376021 0.0497018 9.99191E-05 0.0652035
0.0130727 9.99011E-05 0.0297915 9.99011E-05 0.0806789 9.99011E-05 9.99011E-05 9.99011E-05 9.99011E-05 0.511619 9.99011E-05 9.99011E-05 9.99011E-05 9.99011E-05 0.0252376 0.283426 9.99011E-05 0.055075
9.9937E-05 0.0125488 0.0485087 0.00510369 9.9937E-05 9.9937E-05 9.9937E-05 0.00578708 0.000175498 0.571048 0.00996715 9.9937E-05 9.9937E-05 0.0311453 0.0756376 0.210698 0.0286809 9.9937E-05
9.99011E-05 0.0910462 0.0571826 9.99011E-05 9.99011E-05 9.99011E-05 9.99011E-05 9.99011E-05 0.02912 0.546657 9.99011E-05 0.0302009 0.0155557 9.99011E-05 9.99011E-05 0.229138 9.99011E-05 9.99011E-05
9.98742E-05 9.98742E-05 0.0555924 9.98742E-05 0.0415226 9.98742E-05 9.98742E-05 9.98742E-05 9.98742E-05 0.619583 9.98742E-05 9.98742E-05 9.98742E-05 9.98742E-05 9.98742E-05 0.281904 9.98742E-05 9.98742E-05
0.039655 0.0464948 0.0227544 0.0137944 0.0338989 0.0516696 9.9946E-05 9.9946E-05 0.0244818 0.523619 0.0116966 0.0346077 0.0595552 9.9946E-05 9.9946E-05 0.137173 9.9946E-05 9.9946E-05
0.0327007 9.9928E-05 0.0603781 9.9928E-05 9.9928E-05 9.9928E-05 0.0134274 0.0366179 0.0498285 0.570523 9.9928E-05 9.9928E-05 9.9928E-05 9.9928E-05 0.0177977 0.136449 0.0294716 0.0520068
0.0314754 9.9919E-05 0.0386936 9.9919E-05 9.9919E-05 9.9919E-05 9.9919E-05 0.0903703 0.0233585 0.532108 9.9919E-05 9.9919E-05 9.9919E-05 9.9919E-05 0.0108097 0.18269 0.0285674 0.0610275
9.9937E-05 9.9937E-05 0.0800902 0.0286403 0.0149137 9.9937E-05 0.0977004 9.9937E-05 0.064607 0.607017 0.0104558 9.9937E-05 0.00270657 0.0303055 0.0115839 0.05128 9.9937E-05 9.9937E-05
9.99191E-05 9.99191E-05 0.0708262 0.0246017 0.0372789 9.99191E-05 0.0613357 9.99191E-05 0.0665898 0.597945 9.99191E-05 9.99191E-05 0.0139038 0.0385534 9.99191E-05 0.0880663 9.99191E-05 9.99191E-05
9.99101E-05 9.99101E-05 0.0245866 9.99101E-05 9.99101E-05 0.0230592 0.031464 0.0506476 9.99101E-05 0.563469 9.99101E-05 9.99101E-05 9.99101E-05 0.0349833 0.071243 0.199548 9.99101E-05 9.99101E-05
9.99101E-05 9.99101E-05 0.0313528 9.99101E-05 9.99101E-05 9.99101E-05 0.0412531 9.99101E-05 0.00962539 0.653508 9.99101E-05 9.99101E-05 0.0729674 9.99101E-05 0.0145256 0.157498 9.99101E-05 0.0182704
9.99191E-05 9.99191E-05 0.0203352 9.99191E-05 0.000431859 0.0179566 9.99191E-05 9.99191E-05 0.0546328 0.605704 9.99191E-05 9.99191E-05 9.99191E-05 9.99191E-05 0.0597092 0.161617 0.0157767 0.0629376
9.9919E-05 9.9919E-05 0.0393558 9.9919E-05 0.0118151 9.9919E-05 9.9919E-05 0.0387623 0.0318152 0.501473 9.9919E-05 9.9919E-05 0.0261654 9.9919E-05 0.0225864 0.24046 9.9919E-05 0.0866675
9.99101E-05 9.99101E-05 0.0515623 9.99101E-05 0.00594958 9.99101E-05 9.99101E-05 0.0188232 0.100444 0.413885 0.0288854 9.99101E-05 9.99101E-05 9.99101E-05 0.079046 0.300406 9.99101E-05 9.99101E-05
9.9925E-05 9.9925E-05 0.0534512 9.9925E-05 9.9925E-05 9.9925E-05 0.0472848 0.050184 9.9925E-05 0.58799 0.0076234 9.9925E-05 0.0269813 9.9925E-05 0.00710469 0.174797 9.9925E-05 0.0436838
0.0104365 9.9919E-05 0.0606809 9.9919E-05 9.9919E-05 0.00772111 0.00864793 0.0174281 9.9919E-05 0.740522 9.9919E-05 9.9919E-05 0.112557 0.00310178 9.9919E-05 9.9919E-05 0.0380053 9.9919E-05
0.0510942 0.0340291 9.99101E-05 0.0614845 9.99101E-05 9.99101E-05 0.0457863 9.99101E-05 9.99101E-05 0.715971 9.99101E-05 9.99101E-05 0.0168959 9.99101E-05 0.0729978 9.99101E-05 0.000742417 9.99101E-05
0.0599197 9.99191E-05 9.99191E-05 9.99191E-05 0.00992927 0.010708 9.99191E-05 9.99191E-05 0.00408972 0.719785 0.0044192 9.99191E-05 0.0658712 9.99191E-05 9.99191E-05 0.00359271 9.99191E-05 0.120786
0.0461966 9.9928E-05 9.9928E-05 9.9928E-05 0.0704092 9.9928E-05 9.9928E-05 0.0136823 0.0128816 0.566573 0.0412758 9.9928E-05 0.0306801 9.9928E-05 0.107605 9.9928E-05 0.0619069 0.0479898
0.0606429 9.9937E-05 0.0560584 0.0143517 9.9937E-05 9.9937E-05 0.0536215 9.9937E-05 9.9937E-05 0.552188 0.0421166 0.01458 0.0389639 9.9937E-05 0.0476257 0.0247916 0.0943605 9.9937E-05
9.99101E-05 0.0670918 0.0523312 9.99101E-05 9.99101E-05 9.99101E-05 0.00899989 9.99101E-05 9.99101E-05 0.753857 0.0479469 0.0291264 9.99101E-05 9.99101E-05 9.99101E-05 0.0189054 0.0207422 9.99101E-05
9.98921E-05 9.98921E-05 9.98921E-05 9.98921E-05 9.98921E-05 0.044924 9.98921E-05 0.0202801 9.98921E-05 0.892147 9.98921E-05 0.0248225 9.98921E-05 9.98921E-05 0.00887528 9.98921E-05 9.98921E-05 0.00775282
9.99101E-05 0.152112 9.99101E-05 0.0558641 9.99101E-05 9.99101E-05 9.99101E-05 0.0480331 9.99101E-05 0.534719 9.99101E-05 0.0495914 9.99101E-05 0.0993221 0.0208155 9.99101E-05 9.99101E-05 0.0385438
0.0147817 0.0176779 9.9928E-05 0.0123322 0.0202732 9.9928E-05 0.00268529 0.0354262 9.9928E-05 0.641017 9.9928E-05 9.9928E-05 9.9928E-05 0.0309124 0.172003 9.9928E-05 0.0520913 9.9928E-05
0.0185618 0.0907473 9.99281E-05 0.104325 9.99281E-05 9.99281E-05 9.99281E-05 0.0251412 0.0149214 0.537705 0.0143724 9.99281E-05 9.99281E-05 0.144627 0.011343 9.99281E-05 9.99281E-05 0.0374563
0.0138761 9.9937E-05 9.9937E-05 9.9937E-05 9.9937E-05 0.00427316 9.9937E-05 9.9937E-05 0.00187047 0.681718 0.0252905 0.0146687 9.9937E-05 0.0679999 0.013245 0.0304408 0.0417104 0.104207
0.0375563 0.162093 9.9946E-05 0.0308757 9.9946E-05 9.9946E-05 0.0194471 9.9946E-05 0.0418968 0.486793 0.0592946 9.9946E-05 9.9946E-05 0.0138365 0.00227073 0.0594646 0.00508717 0.0807852
9.99191E-05 0.0846036 0.0996653 9.99191E-05 9.99191E-05 9.99191E-05 9.99191E-05 0.0150213 0.021781 0.607918 9.99191E-05 0.0650865 9.99191E-05 0.017669 9.99191E-05 9.99191E-05 0.00189782 0.0854579
9.99011E-05 9.99011E-05 0.0292614 9.99011E-05 0.00128825 9.99011E-05 9.99011E-05 9.99011E-05 0.0228474 0.80262 0.050537 9.99011E-05 9.99011E-05 9.99011E-05 9.99011E-05 9.99011E-05 0.0568045 0.0355423
9.99191E-05 0.00812588 9.99191E-05 9.99191E-05 0.00466025 0.0589662 0.0296708 0.0920808 9.99191E-05 0.621702 0.0962905 9.99191E-05 0.0176191 9.99191E-05 9.99191E-05 0.0699851 9.99191E-05 9.99191E-05
0.0508654 9.9937E-05 0.0349569 0.00341575 0.0865276 0.0266388 9.9937E-05 0.00889852 0.00591269 0.594627 9.9937E-05 0.0793799 0.0317197 9.9937E-05 0.0763579 9.9937E-05 9.9937E-05 9.9937E-05
0.0417758 0.0621082 9.9928E-05 9.9928E-05 0.0509604 9.9928E-05 9.9928E-05 9.9928E-05 0.0580865 0.511323 0.0408113 0.0133843 0.1408 0.0294025 0.0505486 9.9928E-05 9.9928E-05 9.9928E-05
0.0619207 9.9937E-05 0.067542 9.9937E-05 9.9937E-05 9.9937E-05 0.0387059 9.9937E-05 9.9937E-05 0.507687 0.0661478 9.9937E-05 0.0380641 0.0346491 0.0499324 0.00821664 0.118983 0.00745191
0.0373888 0.103343 0.00798427 9.9937E-05 0.0496402 9.9937E-05 9.9937E-05 9.9937E-05 0.0317773 0.529036 0.0433798 0.0124058 0.119906 0.0388622 0.0255772 9.9937E-05 9.9937E-05 9.9937E-05
0.011402 0.109885 0.0725379 9.99101E-05 9.99101E-05 9.99101E-05 9.99101E-05 9.99101E-05 0.0412691 0.613512 9.99101E-05 0.0651748 9.99101E-05 9.99101E-05 9.99101E-05 9.99101E-05 0.0488692 0.0363511
9.99281E-05 9.99281E-05 9.99281E-05 9.99281E-05 9.99281E-05 0.00634712 0.0208462 9.99281E-05 0.00512477 0.500077 0.053797 0.033223 9.99281E-05 0.0799966 0.0172999 0.12599 9.99281E-05 0.156499
9.9937E-05 0.000234285 9.9937E-05 0.0033127 9.9937E-05 9.9937E-05 0.029074 9.9937E-05 9.9937E-05 0.509553 0.0457852 0.0139397 0.000353718 0.122067 0.0204924 0.0954817 9.9937E-05 0.159007
0.0204562 0.00340644 9.9946E-05 9.9946E-05 0.0415991 9.9946E-05 0.0497442 0.0556018 0.0655737 0.642765 9.9946E-05 0.00546881 0.0146875 0.0042858 0.0501244 9.9946E-05 9.9946E-05 0.0456879
9.99101E-05 0.0462819 9.99101E-05 9.99101E-05 0.0569398 9.99101E-05 0.0344154 9.99101E-05 0.0425469 0.706903 9.99101E-05 0.0311911 9.99101E-05 9.99101E-05 0.04452 9.99101E-05 9.99101E-05 0.0362023
9.99011E-05 0.0972227 0.0306629 9.99011E-05 9.99011E-05 9.99011E-05 9.99011E-05 0.0434013 9.99011E-05 0.64672 9.99011E-05 0.0295945 9.99011E-05 0.147346 0.00395421 9.99011E-05 9.99011E-05 9.99011E-05
0.0213371 0.0843817 0.00584982 0.0420491 9.9937E-05 9.9937E-05 9.9937E-05 0.013727 0.0502245 0.571449 0.0513601 9.9937E-05 9.9937E-05 0.0529294 0.0599991 0.0459932 9.9937E-05 9.9937E-05
9.98921E-05 0.0756261 0.0215998 9.98921E-05 9.98921E-05 9.98921E-05 9.98921E-05 9.98921E-05 0.0109758 0.665098 9.98921E-05 0.0626608 9.98921E-05 0.162841 9.98921E-05 9.98921E-05 9.98921E-05 9.98921E-05
9.99101E-05 9.99101E-05 9.99101E-05 0.0104855 0.0161687 9.99101E-05 0.00806533 9.99101E-05 0.0106358 0.767017 9.99101E-05 0.0458863 9.99101E-05 9.99101E-05 0.0106982 9.99101E-05 9.99101E-05 0.130044
0.0325289 0.0193272 9.9946E-05 0.0291393 9.9946E-05 0.0177941 0.0442709 9.9946E-05 9.9946E-05 0.598308 0.0348166 9.9946E-05 0.0120303 0.0962442 0.0654116 9.9946E-05 0.0257805 0.0237486
0.0535342 9.99101E-05 9.99101E-05 0.0446454 0.00695372 9.99101E-05 0.0914229 0.0144493 9.99101E-05 0.654037 9.99101E-05 0.075274 9.99101E-05 0.0586839 9.99101E-05 9.99101E-05 9.99101E-05 9.99101E-05
9.99011E-05 0.0733543 9.99011E-05 9.99011E-05 9.99011E-05 9.99011E-05 0.0902991 0.0616748 9.99011E-05 0.610226 9.99011E-05 0.0909705 9.99011E-05 0.0500651 9.99011E-05 9.99011E-05 0.0223108 9.99011E-05
9.99101E-05 0.0372894 9.99101E-05 0.00226758 0.0131331 9.99101E-05 0.0140167 9.99101E-05 0.044897 0.655011 9.99101E-05 9.99101E-05 9.99101E-05 0.0891387 9.99101E-05 9.99101E-05 9.99101E-05 0.143248
9.98921E-05 9.98921E-05 0.0234101 0.0385724 9.98921E-05 9.98921E-05 0.0516878 9.98921E-05 9.98921E-05 0.714744 9.98921E-05 0.124547 9.98921E-05 0.0458407 9.98921E-05 9.98921E-05 9.98921E-05 9.98921E-05
9.99011E-05 9.99011E-05 9.99011E-05 9.99011E-05 9.99011E-05 0.0386882 0.0196333 0.0103958 9.99011E-05 0.788303 0.0522745 9.99011E-05 0.0571967 9.99011E-05 0.0324095 9.99011E-05 9.99011E-05 9.99011E-05
9.9928E-05 0.0161017 9.9928E-05 9.9928E-05 0.0278172 0.0168123 0.0258393 9.9928E-05 9.9928E-05 0.786461 0.0396188 9.9928E-05 0.00232172 9.9928E-05 9.9928E-05 0.0704421 0.00426948 0.00951742
0.0109586 9.99191E-05 0.0168463 9.99191E-05 0.0785445 0.0418357 9.99191E-05 9.99191E-05 9.99191E-05 0.724193 9.99191E-05 9.99191E-05 0.0052839 0.00761164 9.99191E-05 9.99191E-05 0.0042701 0.109557
9.99191E-05 9.99191E-05 0.0243116 9.99191E-05 9.99191E-05 0.0202792 0.0702714 0.0503337 0.0161759 0.711297 0.0156091 9.99191E-05 9.99191E-05 0.0785098 9.99191E-05 9.99191E-05 9.99191E-05 0.012313
0.00311713 9.99191E-05 9.99191E-05 9.99191E-05 9.99191E-05 0.0335052 0.0332499 9.99191E-05 0.062793 0.692154 9.99191E-05 9.99191E-05 9.99191E-05 0.0340712 0.017742 9.99191E-05 0.00832741 0.114141
9.99011E-05 9.99011E-05 9.99011E-05 9.99011E-05 9.99011E-05 0.02572 0.0260394 9.99011E-05 0.0271043 0.644094 9.99011E-05 9.99011E-05 9.99011E-05 9.99011E-05 9.99011E-05 0.225772 0.0263708 0.0238004
9.98921E-05 0.0790598 0.0481086 9.98921E-05 9.98921E-05 9.98921E-05 9.98921E-05 9.98921E-05 9.98921E-05 0.721966 0.00343651 9.98921E-05 0.0336195 9.98921E-05 9.98921E-05 0.112611 9.98921E-05 9.98921E-05
9.9928E-05 9.9928E-05 9.9928E-05 9.9928E-05 0.040288 0.0188829 0.0349145 0.0503715 0.00663346 0.706809 0.0521197 9.9928E-05 9.9928E-05 0.0082743 9.9928E-05 0.0572206 9.9928E-05 0.023687
9.99011E-05 9.99011E-05 0.0474845 9.99011E-05 0.0366263 0.0670182 9.99011E-05 9.99011E-05 0.0316618 0.653768 9.99011E-05 0.0329349 9.99011E-05 9.99011E-05 9.99011E-05 0.129408 9.99011E-05 9.99011E-05
9.99101E-05 9.99101E-05 9.99101E-05 9.99101E-05 0.0698826 0.0671808 9.99101E-05 0.0703048 0.0519814 0.562431 0.0633296 9.99101E-05 9.99101E-05 9.99101E-05 9.99101E-05 0.0387407 9.99101E-05 0.07515
0.0188159 9.9946E-05 0.00752146 9.9946E-05 0.00464577 0.0257026 9.9946E-05 0.0764499 0.00782235 0.604843 9.9946E-05 9.9946E-05 0.00486153 0.0756666 0.0678009 0.0787982 9.9946E-05 0.0264717
9.9928E-05 0.115227 9.9928E-05 0.000535601 9.9928E-05 0.0167082 9.9928E-05 0.00228795 9.9928E-05 0.598651 9.9928E-05 0.0545506 9.9928E-05 0.0164609 9.9928E-05 0.0880954 0.0394806 0.0672028
9.9928E-05 9.9928E-05 0.0292444 9.9928E-05 9.9928E-05 0.036669 0.0173218 9.9928E-05 0.0693176 0.673281 0.0285006 9.9928E-05 0.0499737 0.0794902 9.9928E-05 0.00543717 9.9928E-05 0.00996539
9.99011E-05 9.99011E-05 9.99011E-05 0.0504226 9.99011E-05 0.0521595 9.99011E-05 0.0443571 9.99011E-05 0.772897 9.99011E-05 9.99011E-05 9.99011E-05 9.99011E-05 9.99011E-05 0.0174252 0.000884825 0.0607546
9.991E-05 9.991E-05 9.991E-05 0.0753036 9.991E-05 0.0319542 9.991E-05 0.0309422 9.991E-05 0.669422 9.991E-05 9.991E-05 0.00660098 9.991E-05 0.0614712 0.0281172 9.991E-05 0.0951892
9.991E-05 9.991E-05 9.991E-05 9.991E-05 0.0306494 9.991E-05 0.0442517 0.0149739 9.991E-05 0.707408 9.991E-05 0.0467102 9.991E-05 0.0393249 0.0636262 0.0520565 9.991E-05 9.991E-05
9.99011E-05 9.99011E-05 0.0058723 9.99011E-05 9.99011E-05 0.0289108 9.99011E-05 9.99011E-05 9.99011E-05 0.794092 9.99011E-05 0.00139671 0.0561241 0.0111522 9.99011E-05 0.101353 9.99011E-05 9.99011E-05
0.06313 9.9928E-05 0.000887111 9.9928E-05 0.0684184 9.9928E-05 0.0108368 9.9928E-05 9.9928E-05 0.639816 0.0195341 0.00748824 0.022434 0.0806756 9.9928E-05 0.0859803 9.9928E-05 9.9928E-05
9.99101E-05 0.0598124 9.99101E-05 9.99101E-05 9.99101E-05 9.99101E-05 0.0135506 0.0559486 9.99101E-05 0.676519 0.0856145 9.99101E-05 0.016072 0.0371901 9.99101E-05 0.0542936 9.99101E-05 9.99101E-05
0.0637079 0.037523 0.0225549 0.0233179 0.0344158 9.9964E-05 0.0662366 9.9964E-05 9.9964E-05 0.402939 0.0195095 0.0162802 0.0703545 0.134401 0.0412808 0.0654055 0.0016735 9.9964E-05
9.9946E-05 0.141197 0.00730409 9.9946E-05 0.0067424 9.9946E-05 0.0132524 0.0561401 9.9946E-05 0.440338 9.9946E-05 0.0893622 0.0717326 0.0282143 0.0622492 9.9946E-05 0.043821 0.0390476
0.0227314 9.9946E-05 0.00452546 0.0565817 9.9946E-05 9.9946E-05 0.0213206 0.108511 9.9946E-05 0.50038 0.0281755 0.00582208 0.0358616 0.0426762 0.121528 9.9946E-05 9.9946E-05 0.0512874
0.0262481 0.140614 0.0619627 0.04625 0.122884 9.99281E-05 9.99281E-05 9.99281E-05 9.99281E-05 0.41196 9.99281E-05 0.104847 0.0483301 0.035115 0.000989641 9.99281E-05 9.99281E-05 9.99281E-05
0.0107607 9.98742E-05 9.98742E-05 9.98742E-05 9.98742E-05 9.98742E-05 9.98742E-05 9.98742E-05 9.98742E-05 9.98742E-05 0.00196594 0.0629024 9.98742E-05 0.922973 9.98742E-05 9.98742E-05 9.98742E-05 9.98742E-05
9.98472E-05 9.98472E-05 9.98472E-05 9.98472E-05 9.98472E-05 9.98472E-05 9.98472E-05 9.98472E-05 9.98472E-05 9.98472E-05 9.98472E-05 9.98472E-05 9.98472E-05 0.998303 9.98472E-05 9.98472E-05 9.98472E-05 9.98472E-05
0.00383892 9.98652E-05 9.98652E-05 9.98652E-05 9.98652E-05 0.0138959 9.98652E-05 9.98652E-05 9.98652E-05 9.98652E-05 9.98652E-05 9.98652E-05 9.98652E-05 0.980767 9.98652E-05 9.98652E-05 9.98652E-05 9.98652E-05
9.98472E-05 9.98472E-05 9.98472E-05 9.98472E-05 9.98472E-05 9.98472E-05 9.98472E-05 9.98472E-05 9.98472E-05 9.98472E-05 9.98472E-05 9.98472E-05 9.98472E-05 0.998303 9.98472E-05 9.98472E-05 9.98472E-05 9.98472E-05
9.99281E-05 9.99281E-05 0.000613645 9.99281E-05 0.100057 9.99281E-05 9.99281E-05 0.0199782 0.0149978 9.99281E-05 0.0282737 0.037543 9.99281E-05 0.735507 0.0172619 0.00108086 9.99281E-05 0.0438875
9.98562E-05 9.98562E-05 9.98562E-05 9.98562E-05 9.98562E-05 9.98562E-05 9.98562E-05 9.98562E-05 9.98562E-05 9.98562E-05 9.98562E-05 9.98562E-05 0.00523441 0.993168 9.98562E-05 9.98562E-05 9.98562E-05 9.98562E-05
9.98472E-05 9.98472E-05 9.98472E-05 9.98472E-05 9.98472E-05 9.98472E-05 9.98472E-05 9.98472E-05 9.98472E-05 9.98472E-05 9.98472E-05 9.98472E-05 9.98472E-05 0.998303 9.98472E-05 9.98472E-05 9.98472E-05 9.98472E-05
0.008171 9.98831E-05 9.98831E-05 0.004047 9.98831E-05 9.98831E-05 0.000140109 9.98831E-05 9.98831E-05 9.98831E-05 9.98831E-05 9.98831E-05 9.98831E-05 0.986166 9.98831E-05 9.98831E-05 0.00017706 9.98831E-05
9.98472E-05 9.98472E-05 9.98472E-05 9.98472E-05 9.98472E-05 9.98472E-05 9.98472E-05 9.98472E-05 9.98472E-05 9.98472E-05 9.98472E-05 9.98472E-05 9.98472E-05 0.998303 9.98472E-05 9.98472E-05 9.98472E-05 9.98472E-05
9.98472E-05 9.98472E-05 9.98472E-05 9.98472E-05 9.98472E-05 9.98472E-05 9.98472E-05 9.98472E-05 9.98472E-05 9.98472E-05 9.98472E-05 9.98472E-05 9.98472E-05 0.998303 9.98472E-05 9.98472E-05 9.98472E-05 9.98472E-05
9.98562E-05 9.98562E-05 9.98562E-05 9.98562E-05 0.0108897 9.98562E-05 9.98562E-05 9.98562E-05 9.98562E-05 9.98562E-05 9.98562E-05 9.98562E-05 9.98562E-05 0.987513 9.98562E-05 9.98562E-05 9.98562E-05 9.98562E-05
9.98562E-05 9.98562E-05 9.98562E-05 9.98562E-05 9.98562E-05 9.98562E-05 9.98562E-05 9.98562E-05 9.98562E-05 9.98562E-05 9.98562E-05 9.98562E-05 9.98562E-05 0.986976 9.98562E-05 9.98562E-05 0.0114266 9.98562E-05
9.98742E-05 9.98742E-05 9.98742E-05 9.98742E-05 9.98742E-05 9.98742E-05 9.98742E-05 0.0066664 9.98742E-05 9.98742E-05 9.98742E-05 0.00530892 0.00385405 0.982772 9.98742E-05 9.98742E-05 9.98742E-05 9.98742E-05
9.98831E-05 9.98831E-05 0.00183786 9.98831E-05 9.98831E-05 9.98831E-05 9.98831E-05 0.00658203 9.98831E-05 9.98831E-05 0.00385953 9.98831E-05 0.00898021 0.977442 9.98831E-05 9.98831E-05 9.98831E-05 9.98831E-05
9.98562E-05 9.98562E-05 9.98562E-05 9.98562E-05 9.98562E-05 9.98562E-05 9.98562E-05 9.98562E-05 9.98562E-05 9.98562E-05 9.98562E-05 0.00678231 9.98562E-05 0.99162 9.98562E-05 9.98562E-05 9.98562E-05 9.98562E-05
9.99191E-05 0.101756 0.00478527 9.99191E-05 0.043429 9.99191E-05 9.99191E-05 9.99191E-05 0.0359972 0.10602 9.99191E-05 0.0793566 9.99191E-05 0.515678 0.021299 0.09078 9.99191E-05 9.99191E-05
0.0328284 9.98831E-05 9.98831E-05 9.98831E-05 9.98831E-05 9.98831E-05 9.98831E-05 9.98831E-05 9.98831E-05 9.98831E-05 9.98831E-05 9.98831E-05 9.98831E-05 0.95135 0.00802006 0.00633513 0.000168163 9.98831E-05
9.98652E-05 9.98652E-05 9.98652E-05 9.98652E-05 9.98652E-05 9.98652E-05 9.98652E-05 9.98652E-05 9.98652E-05 9.98652E-05 0.0057286 0.0223289 9.98652E-05 0.970445 9.98652E-05 9.98652E-05 9.98652E-05 9.98652E-05
0.0294639 0.315768 9.9919E-05 9.9919E-05 9.9919E-05 9.9919E-05 0.0329042 0.0680102 9.9919E-05 0.16423 9.9919E-05 9.9919E-05 9.9919E-05 0.134624 0.110188 0.0132857 9.9919E-05 0.130627
9.9937E-05 0.150431 9.9937E-05 9.9937E-05 0.0888153 9.9937E-05 0.0906617 0.0496326 9.9937E-05 0.00525119 0.00125302 9.9937E-05 0.0247701 0.0872673 0.0879476 0.332585 9.9937E-05 0.0806856
9.9928E-05 0.213068 0.0047062 9.9928E-05 0.0860071 9.9928E-05 0.0923569 0.019338 9.9928E-05 9.9928E-05 9.9928E-05 9.9928E-05 0.047935 0.0434436 0.0815391 0.34981 9.9928E-05 0.0609964
9.9928E-05 0.155462 9.9928E-05 0.0781424 0.0631148 9.9928E-05 0.0175615 0.0240339 9.9928E-05 0.389789 0.00809755 0.0589273 9.9928E-05 0.119469 0.0846025 9.9928E-05 9.9928E-05 9.9928E-05
9.9946E-05 0.118705 9.9946E-05 0.0140438 0.0447029 9.9946E-05 0.102772 0.0678328 0.00797074 0.134919 9.9946E-05 9.9946E-05 0.0811741 0.137423 0.0708226 0.0435967 9.9946E-05 0.175437
9.9919E-05 0.35076 9.9919E-05 0.0306938 9.9919E-05 0.0092819 9.9919E-05 9.9919E-05 0.0115513 0.221834 9.9919E-05 9.9919E-05 9.9919E-05 0.0241234 0.00417027 0.0485095 9.9919E-05 0.298176
0.0299574 0.0834746 0.0198466 0.0256888 9.9946E-05 9.9946E-05 0.100024 0.0328589 9.9946E-05 0.29096 9.9946E-05 0.06289 0.000329921 0.134178 0.132985 9.9946E-05 9.9946E-05 0.0862072
9.9937E-05 0.185416 9.9937E-05 9.9937E-05 0.0644599 9.9937E-05 0.104738 0.0577798 9.9937E-05 0.0228428 0.00343762 9.9937E-05 0.0461976 0.080175 0.0588369 0.330022 9.9937E-05 0.0453949
9.994E-05 0.283351 0.00794804 0.0475164 0.0183934 9.994E-05 0.0414334 9.994E-05 9.994E-05 0.11387 9.994E-05 0.00960551 0.0239583 0.0834961 0.14517 0.16001 9.994E-05 0.0646478
9.9937E-05 0.171276 0.037604 0.0625676 0.125817 9.9937E-05 9.9937E-05 0.0391412 0.0200797 9.9937E-05 9.9937E-05 9.9937E-05 0.116663 0.0873804 0.0430293 0.291294 9.9937E-05 0.00444703
9.9937E-05 0.289444 0.0310628 0.0837573 9.9937E-05 9.9937E-05 0.0368926 9.9937E-05 0.0187159 0.182801 9.9937E-05 0.101586 0.026145 0.0232465 0.0281027 9.9937E-05 9.9937E-05 0.177546
9.9946E-05 0.359148 0.0241703 0.0281057 0.0347417 0.0536628 0.0799211 9.9946E-05 0.0245142 0.115578 9.9946E-05 0.0555987 9.9946E-05 9.9946E-05 0.0315571 0.0289162 9.9946E-05 0.163486
9.9937E-05 0.221782 0.0150135 9.9937E-05 0.0301643 9.9937E-05 0.0759853 0.0094187 9.9937E-05 0.0727193 9.9937E-05 0.0085351 9.9937E-05 0.205399 0.131065 0.108894 9.9937E-05 0.120325
0.0100237 0.243958 9.9964E-05 0.0754418 0.0481749 9.9964E-05 0.00236735 0.0703526 0.0575133 0.248222 9.9964E-05 0.0141383 0.0463883 0.0650901 0.0346472 0.00884245 9.9964E-05 0.0744398
0.140513 0.18995 0.0108806 0.0267898 0.0601065 0.0244251 0.0663775 0.0747701 0.000921557 0.167423 0.0255684 0.0164604 0.0223335 0.0999048 9.9982E-05 0.0608255 9.9982E-05 0.0125494
9.9937E-05 0.173377 9.9937E-05 9.9937E-05 0.0354201 9.9937E-05 0.0936844 0.0303943 9.9937E-05 9.9937E-05 0.0728377 9.9937E-05 0.0595522 0.0601565 0.0721011 0.329577 0.0680245 0.00417586
0.0754099 0.0918561 9.9937E-05 0.0846 9.9937E-05 9.9937E-05 0.112838 0.0704936 9.9937E-05 0.265864 9.9937E-05 0.0253346 0.0171053 0.0887981 0.0897516 9.9937E-05 9.9937E-05 0.0772498
0.0191599 0.24168 0.0218294 0.106613 0.108913 9.9955E-05 0.0690144 0.0320499 9.9955E-05 0.0800111 9.9955E-05 9.9955E-05 0.022502 0.0285986 0.0310371 0.150263 9.9955E-05 0.0878283
0.0323931 0.608492 0.0205328 9.99012E-05 9.99012E-05 9.99012E-05 9.99012E-05 9.99012E-05 9.99012E-05 0.0363259 9.99012E-05 9.99012E-05 9.99012E-05 0.0309793 9.99012E-05 0.130237 9.99012E-05 0.139941
0.0713384 0.253809 9.9955E-05 0.0728619 0.0533071 9.9955E-05 0.0155218 0.0381378 0.0172493 0.153501 0.0297938 9.9955E-05 0.029259 0.152318 0.00589768 0.106505 9.9955E-05 9.9955E-05
9.9946E-05 0.315618 0.00969101 9.9946E-05 0.0215924 9.9946E-05 0.0529313 0.00780004 9.9946E-05 9.9946E-05 9.9946E-05 0.0791931 0.0794523 0.0503958 0.120992 0.228542 0.018234 0.0149575
0.0469352 0.500997 0.0119409 9.99191E-05 9.99191E-05 9.99191E-05 0.00040872 9.99191E-05 9.99191E-05 0.0280375 9.99191E-05 0.0467796 9.99191E-05 0.0155048 9.99191E-05 0.167232 9.99191E-05 0.181265
9.9937E-05 0.27316 0.0235028 0.00338767 9.9937E-05 9.9937E-05 0.0398393 0.0878643 0.00787826 9.9937E-05 9.9937E-05 9.9937E-05 0.00645965 0.154077 0.133383 0.214363 0.055385 9.9937E-05
9.99191E-05 0.294043 0.0101836 9.99191E-05 9.99191E-05 9.99191E-05 9.99191E-05 0.105851 9.99191E-05 9.99191E-05 9.99191E-05 0.102745 9.99191E-05 0.129506 0.104674 0.115973 0.117055 0.0190702
9.99011E-05 0.48368 9.99011E-05 9.99011E-05 0.0229918 9.99011E-05 0.0646874 9.99011E-05 9.99011E-05 9.99011E-05 9.99011E-05 9.99011E-05 0.0720023 0.128814 9.99011E-05 0.0679924 9.99011E-05 0.158734
0.00493431 0.414012 9.9937E-05 9.9937E-05 9.9937E-05 9.9937E-05 0.0668646 0.0312846 0.041782 9.9937E-05 9.9937E-05 0.0367594 0.02645 0.0538973 0.107787 0.142032 0.0734972 9.9937E-05
9.9937E-05 0.204125 0.00844733 0.054685 0.0138418 9.9937E-05 9.9937E-05 9.9937E-05 9.9937E-05 0.251755 0.00760356 0.149194 9.9937E-05 0.185622 0.0120145 0.0777095 9.9937E-05 0.0343018
9.99281E-05 0.448215 0.00242997 9.99281E-05 0.0185015 9.99281E-05 0.0140261 0.0116886 9.99281E-05 9.99281E-05 9.99281E-05 9.99281E-05 0.00524006 0.118024 0.101479 0.228094 0.0515024 9.99281E-05
9.9928E-05 0.266601 9.9928E-05 9.9928E-05 0.0717596 0.049696 0.0451344 9.9928E-05 0.0424847 9.9928E-05 9.9928E-05 9.9928E-05 0.0714788 0.0996285 0.0460938 0.172929 9.9928E-05 0.133395
9.99191E-05 0.497896 0.0107941 0.0781991 9.99191E-05 9.99191E-05 9.99191E-05 0.00796888 9.99191E-05 0.112265 9.99191E-05 0.0666598 9.99191E-05 0.133499 9.99191E-05 0.0225668 9.99191E-05 0.0692519
9.9919E-05 0.528344 0.0102072 9.9919E-05 9.9919E-05 9.9919E-05 9.9919E-05 0.048362 0.0733496 0.049803 9.9919E-05 9.9919E-05 0.0286408 0.0378774 0.0606593 0.161858 9.9919E-05 9.9919E-05
9.99011E-05 0.411836 9.99011E-05 9.99011E-05 9.99011E-05 9.99011E-05 9.99011E-05 0.0604324 0.0516255 9.99011E-05 9.99011E-05 9.99011E-05 0.132399 0.101719 0.0567771 0.184112 9.99011E-05 9.99011E-05
