0.548229 9.9964E-05 9.9964E-05 0.0754697 0.0600187 0.0175851 9.9964E-05 0.0778692 9.9964E-05 0.150442 0.0699859
0.639138 9.9973E-05 0.036058 0.0196162 0.0797352 0.0135232 0.00069312 0.0837745 9.9973E-05 0.127162 9.9973E-05
0.406728 9.9964E-05 0.03326 0.115505 9.9964E-05 9.9964E-05 0.000302383 0.0586892 9.9964E-05 0.27349 0.111625
0.60835 9.9955E-05 9.9955E-05 0.0408116 0.0727669 9.9955E-05 9.9955E-05 0.01062 9.9955E-05 0.223252 0.0437001
0.48951 0.0248905 0.106998 0.0805651 9.9982E-05 9.9982E-05 0.0147808 0.0573509 0.00441987 0.206095 0.0151896
0.697059 9.9946E-05 9.9946E-05 0.0689464 0.0478761 9.9946E-05 9.9946E-05 9.9946E-05 9.9946E-05 0.111455 0.074064
0.65051 0.0188069 9.9964E-05 0.0811327 0.0545877 9.9964E-05 0.00558284 9.9964E-05 9.9964E-05 0.180961 0.0080184
0.296585 9.9991E-05 0.104752 0.0586077 0.042216 0.0430429 0.0317338 0.0544943 0.0567319 0.292205 0.0195311
0.651631 0.065981 9.9964E-05 0.0262513 0.0246023 0.0794656 9.9964E-05 9.9964E-05 9.9964E-05 0.140471 0.011198
0.507121 9.9973E-05 0.00139662 0.0521699 0.079783 9.9973E-05 0.0736994 0.0098982 9.9973E-05 0.197234 0.078398
0.387947 0.0992449 0.0387845 0.125317 0.0721643 9.9973E-05 9.9973E-05 0.0445143 9.9973E-05 0.229046 0.00268139
0.507961 0.0373067 9.9946E-05 0.0310953 9.9946E-05 9.9946E-05 9.9946E-05 9.9946E-05 9.9946E-05 0.334858 0.0881789
0.514249 0.00489919 0.052034 0.073216 0.113797 9.9973E-05 9.9973E-05 0.0249955 9.9973E-05 0.139716 0.0767934
0.484416 0.0361434 0.0540865 0.0623219 0.0920547 0.0209066 9.9991E-05 0.00870909 0.00134269 0.118013 0.121907
0.558244 0.00173067 0.0487611 0.0442643 0.0933841 0.0473926 9.9991E-05 0.0474657 0.00898126 0.0335878 0.116088
0.487901 0.0269792 0.0318513 0.0363155 0.0601921 0.0323538 9.9982E-05 0.0520205 9.9982E-05 0.17107 0.101117
0.461284 9.9955E-05 0.0776736 0.0723503 0.0738545 9.9955E-05 9.9955E-05 9.9955E-05 9.9955E-05 0.185482 0.128856
0.421785 9.9955E-05 0.0913966 0.0691329 0.0722032 9.9955E-05 9.9955E-05 9.9955E-05 9.9955E-05 0.21613 0.128852
0.443191 9.9964E-05 0.0256833 0.0670257 0.0439759 9.9964E-05 0.0185614 9.9964E-05 9.9964E-05 0.331819 0.069343
9.99101E-05 9.99101E-05 9.99101E-05 0.999001 9.99101E-05 9.99101E-05 9.99101E-05 9.99101E-05 9.99101E-05 9.99101E-05 9.99101E-05
0.557767 0.0147435 9.9955E-05 0.262357 0.0451143 0.0729321 9.9955E-05 0.0465865 9.9955E-05 9.9955E-05 9.9955E-05
0.578846 0.0677052 9.9955E-05 0.215232 0.0387068 0.054648 9.9955E-05 0.0443631 9.9955E-05 9.9955E-05 9.9955E-05
0.479769 9.9955E-05 0.232319 0.218298 0.0425375 9.9955E-05 9.9955E-05 0.0243125 9.9955E-05 9.9955E-05 0.00226306
0.465184 9.9964E-05 0.151272 0.133253 9.9964E-05 9.9964E-05 0.0814139 0.0339027 0.00773934 0.126835 9.9964E-05
0.631514 0.00511736 0.0238638 0.112193 9.9973E-05 0.0435148 0.0247114 9.9973E-05 0.0175439 0.141241 9.9973E-05
0.604946 9.9964E-05 0.017969 0.293011 0.0129376 9.9964E-05 0.00399869 9.9964E-05 0.055792 9.9964E-05 0.0109454
0.575299 0.0394008 9.9955E-05 0.262119 0.0276076 0.0628632 9.9955E-05 9.9955E-05 0.0322105 9.9955E-05 9.9955E-05
0.581176 0.0159366 0.00362404 0.158526 0.0505526 0.0158855 0.00531527 0.064524 9.9991E-05 0.0626766 0.0416841
0.660015 0.0514639 9.9955E-05 0.161366 0.0239179 9.9955E-05 9.9955E-05 0.0606146 9.9955E-05 9.9955E-05 0.0421226
9.99101E-05 9.99101E-05 9.99101E-05 0.999001 9.99101E-05 9.99101E-05 9.99101E-05 9.99101E-05 9.99101E-05 9.99101E-05 9.99101E-05
9.99191E-05 9.99191E-05 9.99191E-05 0.996485 9.99191E-05 9.99191E-05 9.99191E-05 9.99191E-05 9.99191E-05 9.99191E-05 0.00261556
9.99101E-05 9.99101E-05 9.99101E-05 0.999001 9.99101E-05 9.99101E-05 9.99101E-05 9.99101E-05 9.99101E-05 9.99101E-05 9.99101E-05
9.99101E-05 9.99101E-05 9.99101E-05 0.999001 9.99101E-05 9.99101E-05 9.99101E-05 9.99101E-05 9.99101E-05 9.99101E-05 9.99101E-05
0.00370758 9.9946E-05 9.9946E-05 0.938504 9.9946E-05 9.9946E-05 0.0312255 0.0184546 0.0075089 9.9946E-05 9.9946E-05
0.01859 0.010275 0.0254318 0.945004 9.9937E-05 9.9937E-05 9.9937E-05 9.9937E-05 9.9937E-05 9.9937E-05 9.9937E-05
0.532851 9.9973E-05 0.11702 0.185001 9.9973E-05 0.0534494 0.0666515 0.0360825 0.0030813 0.00556259 9.9973E-05
0.266984 0.0802878 0.0406406 0.196846 0.124009 0.0167832 0.0908684 0.0170925 0.0104591 0.0275619 0.128467
0.459831 9.9955E-05 0.240987 0.164521 0.116285 9.9955E-05 9.9955E-05 0.00128996 9.9955E-05 9.9955E-05 0.0165854
0.905823 9.9928E-05 9.9928E-05 9.9928E-05 9.9928E-05 9.9928E-05 9.9928E-05 9.9928E-05 0.0273406 9.9928E-05 0.0660368
0.748356 0.0494453 9.9964E-05 9.9964E-05 9.9964E-05 0.0290725 0.0365763 9.9964E-05 0.0875981 0.0346729 0.0138795
0.841487 9.9964E-05 0.0119834 0.0077986 0.00897018 9.9964E-05 0.0217213 0.00765004 0.0999899 9.9964E-05 9.9964E-05
0.706581 0.0219578 9.9955E-05 0.0774225 0.134796 9.9955E-05 0.0060379 9.9955E-05 9.9955E-05 9.9955E-05 0.0527057
0.751737 9.9964E-05 9.9964E-05 0.0252886 0.0874627 9.9964E-05 0.0114171 0.052567 0.0612176 9.9964E-05 0.00991025
0.680999 0.0294064 0.0219581 9.9964E-05 9.9964E-05 9.9964E-05 0.0873439 9.9964E-05 0.0375705 0.0039217 0.138401
0.556601 9.9973E-05 0.0312565 0.0639267 0.0530716 0.0664869 9.9973E-05 0.0758666 0.0118829 9.9973E-05 0.140608
0.648031 9.9982E-05 0.0231783 0.0804725 0.0309264 9.9982E-05 0.00780703 0.018307 0.0479515 0.0997184 0.0434079
0.785516 9.9973E-05 0.0139295 0.0483277 0.0350016 9.9973E-05 0.00930478 0.0104534 0.0443983 0.0527684 9.9973E-05
0.758592 9.9946E-05 0.128831 0.0509561 0.056418 9.9946E-05 9.9946E-05 0.00460327 9.9946E-05 9.9946E-05 9.9946E-05
9.99101E-05 9.99101E-05 9.99101E-05 9.99101E-05 9.99101E-05 9.99101E-05 9.99101E-05 9.99101E-05 0.999001 9.99101E-05 9.99101E-05
0.0316773 0.00820034 9.9937E-05 0.00122045 9.9937E-05 9.9937E-05 9.9937E-05 9.9937E-05 0.958202 9.9937E-05 9.9937E-05
9.99101E-05 9.99101E-05 9.99101E-05 9.99101E-05 9.99101E-05 9.99101E-05 9.99101E-05 9.99101E-05 0.999001 9.99101E-05 9.99101E-05
9.99101E-05 9.99101E-05 9.99101E-05 9.99101E-05 9.99101E-05 9.99101E-05 9.99101E-05 9.99101E-05 0.999001 9.99101E-05 9.99101E-05
9.99101E-05 9.99101E-05 9.99101E-05 9.99101E-05 9.99101E-05 9.99101E-05 9.99101E-05 9.99101E-05 0.999001 9.99101E-05 9.99101E-05
9.99101E-05 9.99101E-05 9.99101E-05 9.99101E-05 9.99101E-05 9.99101E-05 9.99101E-05 9.99101E-05 0.999001 9.99101E-05 9.99101E-05
9.9946E-05 9.9946E-05 9.9946E-05 9.9946E-05 0.00998298 9.9946E-05 0.00452439 0.00579817 0.967551 9.9946E-05 0.011544
9.99101E-05 9.99101E-05 9.99101E-05 9.99101E-05 9.99101E-05 9.99101E-05 9.99101E-05 9.99101E-05 0.999001 9.99101E-05 9.99101E-05
9.99101E-05 9.99101E-05 9.99101E-05 9.99101E-05 9.99101E-05 9.99101E-05 9.99101E-05 9.99101E-05 0.999001 9.99101E-05 9.99101E-05
0.807892 0.0155521 9.99281E-05 9.99281E-05 9.99281E-05 9.99281E-05 9.99281E-05 9.99281E-05 0.175757 9.99281E-05 9.99281E-05
0.642561 9.9937E-05 9.9937E-05 9.9937E-05 9.9937E-05 0.0322667 9.9937E-05 9.9937E-05 0.0351942 0.289278 9.9937E-05
0.764957 0.0172105 9.9964E-05 0.0196392 9.9964E-05 0.0697 0.036541 0.0372306 0.0543214 9.9964E-05 9.9964E-05
0.752136 0.00720281 9.9937E-05 9.9937E-05 9.9937E-05 9.9937E-05 0.0701567 9.9937E-05 9.9937E-05 0.169805 9.9937E-05
0.808982 9.9973E-05 0.00241369 0.0594024 0.00442577 0.0528386 9.9973E-05 9.9973E-05 0.0418059 0.0153751 0.0144566
0.766243 9.9946E-05 0.0312407 0.0434118 0.0613795 9.9946E-05 9.9946E-05 0.0971254 9.9946E-05 9.9946E-05 9.9946E-05
0.509437 0.0530893 0.0610994 0.114271 9.9973E-05 0.065518 0.0856263 0.0866527 0.0240059 9.9973E-05 9.9973E-05
0.957164 9.99191E-05 9.99191E-05 0.0419372 9.99191E-05 9.99191E-05 9.99191E-05 9.99191E-05 9.99191E-05 9.99191E-05 9.99191E-05
0.918225 0.0104842 0.0150305 0.00585195 9.9946E-05 0.0498091 9.9946E-05 9.9946E-05 9.9946E-05 9.9946E-05 9.9946E-05
0.660456 9.9937E-05 9.9937E-05 9.9937E-05 9.9937E-05 0.011557 9.9937E-05 9.9937E-05 0.0288277 0.29846 9.9937E-05
0.90391 0.00702677 0.00530232 0.0230224 0.0499295 0.0103093 9.9955E-05 9.9955E-05 9.9955E-05 9.9955E-05 9.9955E-05
0.888175 0.00745586 0.011985 9.9964E-05 0.00250346 0.00461742 9.9964E-05 9.9964E-05 0.0142204 9.9964E-05 0.0706427
0.874134 9.9946E-05 0.000135144 9.9946E-05 0.0399812 9.9946E-05 9.9946E-05 9.9946E-05 0.0161454 9.9946E-05 0.0690042
0.880053 9.9937E-05 9.9937E-05 9.9937E-05 9.9937E-05 0.00936851 9.9937E-05 9.9937E-05 0.0236238 9.9937E-05 0.0862547
0.935025 0.0338812 0.000492943 9.9946E-05 9.9946E-05 0.0134113 0.0165901 9.9946E-05 9.9946E-05 9.9946E-05 9.9946E-05
0.644978 9.9955E-05 9.9955E-05 0.0908563 9.9955E-05 9.9955E-05 0.00949802 9.9955E-05 0.0421608 0.0977326 0.114274
0.873583 9.9937E-05 9.9937E-05 0.0633842 9.9937E-05 9.9937E-05 9.9937E-05 0.0417509 0.020582 9.9937E-05 9.9937E-05
0.779654 9.9964E-05 9.9964E-05 9.9964E-05 0.0242912 0.0361073 0.00930852 9.9964E-05 0.056936 0.0807028 0.0126006
0.769992 9.9964E-05 0.0260627 9.9964E-05 0.0502342 0.0785439 0.00172055 9.9964E-05 0.0388169 0.0342303 9.9964E-05
0.701999 9.9964E-05 0.0215283 0.00554491 0.0385233 0.153316 9.9964E-05 9.9964E-05 0.0459726 0.0327155 9.9964E-05
0.747339 9.9973E-05 0.00445689 9.9973E-05 0.0226503 0.0690178 0.0195871 9.9973E-05 0.0357508 0.0992695 0.00162908
0.766604 9.9937E-05 9.9937E-05 9.9937E-05 9.9937E-05 0.0902477 9.9937E-05 9.9937E-05 0.120422 9.9937E-05 0.0220272
0.740261 9.9955E-05 9.9955E-05 0.00277304 9.9955E-05 9.9955E-05 0.0893618 9.9955E-05 0.108593 0.0484196 0.0100919
0.749604 0.0686604 0.00530643 0.0372293 9.9982E-05 9.9982E-05 0.0509558 0.0339796 0.0327518 0.00827015 0.013042
0.844971 9.9937E-05 9.9937E-05 0.0614861 9.9937E-05 9.9937E-05 9.9937E-05 0.0021475 0.0906953 9.9937E-05 9.9937E-05
0.735713 9.9946E-05 9.9946E-05 0.115701 9.9946E-05 0.0242257 9.9946E-05 9.9946E-05 0.107075 0.0166867 9.9946E-05
0.901698 0.022758 0.00846987 9.9946E-05 9.9946E-05 9.9946E-05 9.9946E-05 9.9946E-05 0.0322116 9.9946E-05 0.0342632
0.754132 0.0777164 0.0283847 9.9955E-05 9.9955E-05 0.0333037 0.0320686 9.9955E-05 0.0738947 9.9955E-05 9.9955E-05
0.784882 9.9946E-05 9.9946E-05 0.0128735 9.9946E-05 0.0192536 9.9946E-05 9.9946E-05 0.085374 0.0970172 9.9946E-05
0.914757 9.99281E-05 9.99281E-05 9.99281E-05 9.99281E-05 0.0057341 9.99281E-05 9.99281E-05 0.078709 9.99281E-05 9.99281E-05
0.673662 9.9937E-05 9.9937E-05 0.024746 9.9937E-05 9.9937E-05 9.9937E-05 9.9937E-05 0.0156411 0.285251 9.9937E-05
0.796111 0.0376056 9.9964E-05 0.0417903 0.0475907 9.9964E-05 0.0135942 9.9964E-05 0.0551372 9.9964E-05 0.00777091
0.801357 9.9955E-05 9.9955E-05 0.022035 0.0345176 9.9955E-05 0.0550347 9.9955E-05 0.047079 9.9955E-05 0.0394772
0.580661 0.00528451 0.0448892 0.0864633 9.9982E-05 0.020168 0.0249964 0.121614 0.112231 9.9982E-05 0.00349163
0.622233 0.0154607 0.0559291 0.0790547 9.9973E-05 0.0103809 0.016142 0.0922947 0.108205 9.9973E-05 9.9973E-05
0.7298 0.0634103 0.0363417 9.9982E-05 9.9982E-05 0.00624149 0.00729322 0.0325043 0.0514968 0.027459 0.045253
0.817927 0.0613472 9.9946E-05 0.0244994 9.9946E-05 9.9946E-05 9.9946E-05 0.0467979 0.0488285 9.9946E-05 9.9946E-05
0.86635 0.0457284 9.9946E-05 0.0398165 9.9946E-05 9.9946E-05 0.0264973 9.9946E-05 0.0210081 9.9946E-05 9.9946E-05
0.818379 0.0302565 9.9955E-05 0.0309324 9.9955E-05 0.00101117 9.9955E-05 9.9955E-05 0.0524331 9.9955E-05 0.0664883
0.712276 0.0958846 9.9955E-05 0.0815421 9.9955E-05 0.0501627 9.9955E-05 9.9955E-05 0.0547644 9.9955E-05 0.00487058
0.787947 0.00272401 9.9964E-05 0.00184272 9.9964E-05 0.0550416 9.9964E-05 0.0546183 0.0545478 9.9964E-05 0.0428786
0.747209 9.9982E-05 0.0204574 9.9982E-05 0.0560588 0.00760845 0.0546632 0.0353464 0.0636659 0.0146885 0.000102223
0.746871 0.0669322 9.9964E-05 9.9964E-05 0.0414701 0.000968433 0.066358 0.0674387 9.9964E-05 9.9964E-05 0.00956169
0.830544 9.99424E-05 9.99424E-05 0.025217 0.106049 0.0374904 9.99424E-05 9.99424E-05 9.99424E-05 9.99424E-05 9.99424E-05
0.598879 0.102815 9.9982E-05 0.0131362 0.0773449 0.0559167 0.0360609 0.0106621 9.9982E-05 0.0428109 0.062174
0.583464 0.0504008 9.9973E-05 0.00832363 0.0785869 0.0821741 0.0808563 0.0520157 0.0638783 9.9973E-05 9.9973E-05
0.705331 9.9955E-05 9.9955E-05 9.9955E-05 9.9955E-05 0.0472342 0.0394134 0.0274543 0.0772997 0.102768 9.9955E-05
0.897648 0.0165948 9.9946E-05 9.9946E-05 9.9946E-05 9.9946E-05 0.0105463 9.9946E-05 9.9946E-05 0.0741551 0.000455785
0.474186 0.0314809 0.110086 0.0138982 9.9982E-05 9.9982E-05 0.0302608 0.0284574 0.0176765 0.25144 0.042315
0.632629 0.171428 0.0327755 9.9973E-05 0.00684577 9.9973E-05 0.0718427 0.0217531 0.00703087 9.9973E-05 0.0553944
0.52836 9.9982E-05 0.15505 0.0096767 0.0131533 0.0192343 0.0671481 0.00806014 9.9982E-05 0.1719 0.0272168
0.796744 0.0211118 0.0714892 9.9955E-05 0.031642 0.0450144 0.0334987 9.9955E-05 9.9955E-05 9.9955E-05 9.9955E-05
0.593574 0.00715271 0.0489423 0.0497111 0.0588766 0.0725845 0.0516759 0.00901007 9.9982E-05 0.108273 9.9982E-05
0.618181 9.9955E-05 0.0216773 0.0254814 9.9955E-05 9.9955E-05 0.00309889 9.9955E-05 0.113123 0.217938 9.9955E-05
0.751495 9.9955E-05 9.9955E-05 0.0115731 9.9955E-05 0.0324472 0.0667296 9.9955E-05 0.0491807 0.0880746 9.9955E-05
0.724379 9.9955E-05 9.9955E-05 9.9955E-05 0.0236576 0.107432 9.9955E-05 0.0521248 9.9955E-05 0.00128408 0.0906233
0.542667 0.0877806 9.9982E-05 0.0148992 0.0599431 9.9982E-05 0.0109487 0.00895865 0.0549187 0.14027 0.0794138
0.522614 0.0601289 0.0281313 0.0470866 0.0458255 0.056744 9.9982E-05 9.9982E-05 0.00410918 0.226804 0.00835673
0.511765 0.0217018 0.0563928 0.00958207 0.0718708 0.098886 0.100622 0.0732445 0.055735 9.9982E-05 9.9982E-05
0.492644 0.0303642 0.0169892 0.0520981 0.0397919 0.0220541 9.9982E-05 9.9982E-05 0.0164581 0.271851 0.0575498
0.652686 9.9955E-05 9.9955E-05 0.0423997 9.9955E-05 0.00242014 0.00718488 9.9955E-05 0.0786237 0.216186 9.9955E-05
0.678215 0.0296644 0.0809009 0.0441412 9.9973E-05 0.0358393 9.9973E-05 0.0328754 0.0109264 0.0871379 9.9973E-05
0.700259 9.9955E-05 0.135812 9.9955E-05 9.9955E-05 0.0470682 9.9955E-05 0.02362 0.00644784 0.0862933 9.9955E-05
0.659482 0.054795 0.0230389 0.0638686 0.0175666 0.00152394 9.9973E-05 0.0558711 9.9973E-05 9.9973E-05 0.123553
0.682422 0.0518252 9.9955E-05 0.0327337 9.9955E-05 9.9955E-05 9.9955E-05 0.0897937 9.9955E-05 0.0738279 0.0688979
0.539022 0.012552 0.19638 0.0110242 9.9964E-05 9.9964E-05 9.9964E-05 9.9964E-05 0.0579534 0.105026 0.0776422
0.643471 0.0626235 0.0599874 0.0472098 0.023218 0.0751442 0.00835186 9.9982E-05 0.0380371 9.9982E-05 0.0417575
0.569926 0.00711425 0.176831 0.0487926 0.0249427 9.9982E-05 9.9982E-05 0.0304542 0.0778231 0.0504189 0.0134977
0.71923 0.0310467 9.9955E-05 0.0566979 9.9955E-05 9.9955E-05 9.9955E-05 0.0450079 0.0218385 0.125679 9.9955E-05
0.651238 0.0724282 0.127559 9.9973E-05 0.0252948 0.0195358 9.9973E-05 0.0579506 0.00284977 0.0428436 9.9973E-05
0.588181 9.9982E-05 0.0791011 9.9982E-05 0.0186164 0.0139684 0.0739419 0.0966459 0.0403014 0.0751315 0.0139127
0.502971 9.9973E-05 0.0964615 9.9973E-05 0.00872936 9.9973E-05 0.0519507 0.13803 0.0544467 0.108659 0.0384518
0.761513 9.9955E-05 0.0670305 0.0441975 9.9955E-05 9.9955E-05 9.9955E-05 0.0107902 9.9955E-05 0.101436 0.0145329
0.57277 9.9955E-05 0.0648068 9.9955E-05 9.9955E-05 9.9955E-05 0.041472 0.100299 0.0546543 0.165498 9.9955E-05
0.793449 0.0499119 9.9955E-05 9.9955E-05 9.9955E-05 0.0709359 0.00355239 0.0477744 9.9955E-05 9.9955E-05 0.0338764
0.824045 9.9955E-05 9.9955E-05 9.9955E-05 0.0299946 9.9955E-05 0.0156295 0.0513082 0.0211991 0.0573236 9.9955E-05
0.749101 9.9955E-05 9.9955E-05 9.9955E-05 0.0300595 9.9955E-05 0.0123814 9.9955E-05 0.022901 0.180056 0.00500133
0.717164 9.9973E-05 0.163461 0.0146003 0.0145372 0.0150199 9.9973E-05 0.0298239 0.0337683 9.9973E-05 0.011326
0.78753 0.0515807 0.0507071 0.0333447 0.0210323 9.9955E-05 9.9955E-05 0.0553058 9.9955E-05 9.9955E-05 9.9955E-05
0.924384 0.0196383 9.9964E-05 0.00131333 0.00388027 9.9964E-05 0.00269674 0.0378972 9.9964E-05 9.9964E-05 0.00979014
0.81967 9.9946E-05 9.9946E-05 0.00431703 9.9946E-05 9.9946E-05 0.00829888 9.9946E-05 0.0518149 0.1153 9.9946E-05
0.802161 9.9964E-05 0.0173218 0.00285002 9.9964E-05 0.0347685 0.00295361 0.0552431 9.9964E-05 9.9964E-05 0.0843022
0.721767 9.9946E-05 9.9946E-05 0.0078394 9.9946E-05 9.9946E-05 9.9946E-05 0.0270022 0.0555645 0.187227 9.9946E-05
0.70216 9.9937E-05 9.9937E-05 0.0472289 9.9937E-05 0.129408 9.9937E-05 9.9937E-05 9.9937E-05 9.9937E-05 0.120504
0.650519 0.0879676 0.123921 0.0245656 0.0206998 0.00716053 9.9973E-05 9.9973E-05 0.0142705 9.9973E-05 0.0705958
0.733739 9.9946E-05 9.9946E-05 9.9946E-05 0.0216099 0.0354651 0.0616429 9.9946E-05 9.9946E-05 0.146943 9.9946E-05
0.700595 9.9964E-05 0.122755 0.038975 9.9964E-05 0.0544581 9.9964E-05 0.0201102 0.0584728 0.00423366 9.9964E-05
0.802972 9.9964E-05 0.00377092 9.9964E-05 0.0407504 9.9964E-05 0.0809744 0.00898452 9.9964E-05 0.0498835 0.0122643
0.753484 0.0803989 0.0148516 9.9964E-05 0.0298566 0.000283851 0.0648775 9.9964E-05 9.9964E-05 9.9964E-05 0.0558476
0.739522 0.100525 0.011128 9.9955E-05 9.9955E-05 9.9955E-05 9.9955E-05 0.0879336 0.0405343 9.9955E-05 0.0198571
0.824955 9.9937E-05 9.9937E-05 9.9937E-05 0.0341362 9.9937E-05 9.9937E-05 9.9937E-05 0.0322332 0.107976 9.9937E-05
0.716639 9.9973E-05 0.109603 9.9973E-05 0.0580565 0.0154976 9.9973E-05 0.0169722 0.014224 0.0235352 0.0451729
0.750115 9.9955E-05 0.0607051 9.9955E-05 9.9955E-05 0.0859741 9.9955E-05 0.0364747 9.9955E-05 0.00278409 0.0634469
0.44752 0.0403041 0.147947 9.9991E-05 0.0466262 0.0182905 0.0332943 0.0663105 0.0450915 0.152256 0.00225955
0.450071 0.0344922 0.0291311 9.9973E-05 9.9973E-05 9.9973E-05 0.0432368 0.0291542 0.0147122 0.354336 0.0445665
0.509431 0.0980277 0.0445252 9.9991E-05 0.0511509 0.0396197 0.0479934 0.0302059 0.0223117 0.0834356 0.073199
0.363102 9.9982E-05 0.0130865 0.000828834 0.0156235 9.9982E-05 0.0468062 0.00111697 0.0921829 0.391488 0.0755655
9.99281E-05 9.99281E-05 0.950477 9.99281E-05 0.0280036 0.02072 9.99281E-05 9.99281E-05 9.99281E-05 9.99281E-05 9.99281E-05
9.99101E-05 9.99101E-05 0.999001 9.99101E-05 9.99101E-05 9.99101E-05 9.99101E-05 9.99101E-05 9.99101E-05 9.99101E-05 9.99101E-05
9.9928E-05 0.0106657 0.98539 9.9928E-05 0.00314507 9.9928E-05 9.9928E-05 9.9928E-05 9.9928E-05 9.9928E-05 9.9928E-05
9.99101E-05 9.99101E-05 0.999001 9.99101E-05 9.99101E-05 9.99101E-05 9.99101E-05 9.99101E-05 9.99101E-05 9.99101E-05 9.99101E-05
0.0182166 0.0285601 0.738614 0.00532519 0.0731762 0.00818303 9.9973E-05 0.00283696 9.9973E-05 9.9973E-05 0.124788
9.99101E-05 9.99101E-05 0.999001 9.99101E-05 9.99101E-05 9.99101E-05 9.99101E-05 9.99101E-05 9.99101E-05 9.99101E-05 9.99101E-05
9.99101E-05 9.99101E-05 0.999001 9.99101E-05 9.99101E-05 9.99101E-05 9.99101E-05 9.99101E-05 9.99101E-05 9.99101E-05 9.99101E-05
9.99191E-05 9.99191E-05 0.989664 9.99191E-05 9.99191E-05 9.99191E-05 0.00943674 9.99191E-05 9.99191E-05 9.99191E-05 9.99191E-05
9.99101E-05 9.99101E-05 0.999001 9.99101E-05 9.99101E-05 9.99101E-05 9.99101E-05 9.99101E-05 9.99101E-05 9.99101E-05 9.99101E-05
9.99101E-05 9.99101E-05 0.999001 9.99101E-05 9.99101E-05 9.99101E-05 9.99101E-05 9.99101E-05 9.99101E-05 9.99101E-05 9.99101E-05
9.99101E-05 9.99101E-05 0.999001 9.99101E-05 9.99101E-05 9.99101E-05 9.99101E-05 9.99101E-05 9.99101E-05 9.99101E-05 9.99101E-05
9.99101E-05 9.99101E-05 0.999001 9.99101E-05 9.99101E-05 9.99101E-05 9.99101E-05 9.99101E-05 9.99101E-05 9.99101E-05 9.99101E-05
9.99191E-05 9.99191E-05 0.985849 9.99191E-05 9.99191E-05 0.0132515 9.99191E-05 9.99191E-05 9.99191E-05 9.99191E-05 9.99191E-05
9.9928E-05 9.9928E-05 0.971239 9.9928E-05 9.9928E-05 9.9928E-05 9.9928E-05 9.9928E-05 0.008698 0.0192636 9.9928E-05
9.99101E-05 9.99101E-05 0.999001 9.99101E-05 9.99101E-05 9.99101E-05 9.99101E-05 9.99101E-05 9.99101E-05 9.99101E-05 9.99101E-05
0.166952 0.0360712 0.534895 0.0381055 0.00353361 9.9964E-05 9.9964E-05 9.9964E-05 0.0114223 0.208621 9.9964E-05
9.9937E-05 0.0271605 0.962765 9.9937E-05 0.00809946 9.9937E-05 0.00127523 9.9937E-05 9.9937E-05 9.9937E-05 9.9937E-05
9.99191E-05 0.00500994 0.994091 9.99191E-05 9.99191E-05 9.99191E-05 9.99191E-05 9.99191E-05 9.99191E-05 9.99191E-05 9.99191E-05
0.280677 0.120793 0.155523 9.9964E-05 0.0316635 9.9964E-05 9.9964E-05 0.0422831 9.9964E-05 0.31231 0.0563501
0.443954 0.0874408 0.0828083 9.9964E-05 9.9964E-05 0.027597 9.9964E-05 0.0721368 9.9964E-05 0.161388 0.124276
0.412149 0.0914826 0.0513537 9.9964E-05 9.9964E-05 0.0294351 9.9964E-05 0.0651379 9.9964E-05 0.252847 0.0971955
0.409947 0.0726171 0.132911 9.9964E-05 9.9964E-05 9.9964E-05 0.0393866 0.0267927 9.9964E-05 0.234107 0.0838383
0.292305 0.0683929 0.116006 0.030898 9.9964E-05 9.9964E-05 9.9964E-05 0.141718 9.9964E-05 0.244893 0.105387
0.45937 0.0349752 0.0413079 0.0321487 0.0102276 9.9964E-05 0.0120088 9.9964E-05 9.9964E-05 0.409562 9.9964E-05
0.311459 0.121604 0.144838 0.0130415 0.0255915 9.9973E-05 9.9973E-05 0.108928 0.0404978 0.23374 9.9973E-05
0.415191 0.0527554 0.0753707 9.9973E-05 9.9973E-05 0.0450953 0.0330375 0.0909486 9.9973E-05 0.173013 0.114288
0.36941 0.109373 0.1021 9.9973E-05 9.9973E-05 9.9973E-05 0.051496 0.0207287 0.0154643 0.327957 0.00317092
0.319073 0.0381793 0.0972024 9.9991E-05 0.0497683 0.0527174 0.00684608 0.0173394 0.0133136 0.269296 0.136165
0.238821 0.00101929 9.9973E-05 0.0329158 9.9973E-05 9.9973E-05 0.0299648 0.082289 0.0379191 0.576404 0.000367692
0.263119 9.9955E-05 9.9955E-05 0.0467384 9.9955E-05 9.9955E-05 0.0179597 0.102759 0.0118276 0.557097 9.9955E-05
0.256377 0.138987 0.20273 9.9964E-05 9.9964E-05 9.9964E-05 9.9964E-05 0.0852461 0.0168889 0.297146 0.00222474
0.301069 0.0449262 0.0793618 0.0597585 0.00961516 9.9982E-05 0.00634005 0.046751 9.9982E-05 0.332231 0.119746
0.300013 0.026691 0.0985949 9.9973E-05 0.149629 9.9973E-05 9.9973E-05 0.0172139 0.0181976 0.265304 0.124057
0.375233 0.0959204 0.0527324 9.9973E-05 9.9973E-05 0.0697308 0.0155595 0.092327 9.9973E-05 0.18441 0.113786
0.233101 0.112829 0.0876374 9.9973E-05 0.0584693 9.9973E-05 0.043548 0.131 0.0189256 0.314189 9.9973E-05
0.345101 0.0364007 0.00946759 9.9991E-05 0.00860955 0.0901232 0.0443756 0.0505535 0.014937 0.231079 0.169253
0.239404 9.99461E-05 0.0953072 9.99461E-05 0.0697226 9.99461E-05 9.99461E-05 9.99461E-05 0.0171521 0.577814 9.99461E-05
0.275807 0.0343201 0.147622 9.9982E-05 0.0918762 0.0385096 0.0442874 0.00479268 9.9982E-05 0.240736 0.121849
0.216274 0.144863 0.0562967 9.9973E-05 9.9973E-05 0.00875129 0.006963 0.0425329 9.9973E-05 0.439769 0.084249
0.302422 9.9955E-05 0.028721 9.9955E-05 0.0407031 9.9955E-05 9.9955E-05 0.00685765 0.0148205 0.605976 9.9955E-05
0.233552 0.113922 0.163251 0.00365661 9.9982E-05 9.9982E-05 0.0346851 0.0049021 0.0196814 0.332899 0.09325
0.170952 0.137206 0.0938262 9.9973E-05 9.9973E-05 9.9973E-05 0.151207 0.0197922 0.0192088 0.367473 0.0400349
0.143479 9.9955E-05 0.120031 0.0174866 9.9955E-05 9.9955E-05 9.9955E-05 0.0542615 9.9955E-05 0.615023 0.0492186
0.166244 0.121656 0.0756515 0.0349543 9.9982E-05 9.9982E-05 0.121466 0.0197587 0.00385021 0.454509 0.00171032
0.35023 9.9955E-05 0.202822 9.9955E-05 9.9955E-05 0.000840578 9.9955E-05 9.9955E-05 0.0148241 0.358951 0.0718322
0.199164 0.0853645 0.161184 0.020716 9.9982E-05 9.9982E-05 0.0327507 0.00577786 0.00779556 0.484735 0.00231219
0.299511 0.0680597 0.0915978 0.0635642 0.0112705 9.9973E-05 9.9973E-05 0.012443 9.9973E-05 0.439089 0.014165
0.210375 9.9946E-05 0.151391 9.9946E-05 9.9946E-05 9.9946E-05 0.0538395 9.9946E-05 0.00725876 0.576536 9.9946E-05
0.264984 0.0839245 0.0402821 0.0716723 9.9964E-05 9.9964E-05 9.9964E-05 9.9964E-05 0.00990438 0.515843 0.01299
0.214542 0.06382 0.122551 0.0561482 9.9955E-05 9.9955E-05 9.9955E-05 9.9955E-05 9.9955E-05 0.486966 0.0554721
0.0781499 0.00699888 9.9964E-05 0.0496591 9.9964E-05 9.9964E-05 0.0277014 9.9964E-05 0.0985741 0.692026 0.0464912
0.160817 0.0334871 0.138774 0.000338563 9.9973E-05 9.9973E-05 9.9973E-05 0.074276 0.0531049 0.533549 0.00535246
0.200008 0.0468994 0.13435 9.9955E-05 9.9955E-05 9.9955E-05 0.0637847 0.0126175 9.9955E-05 0.541841 9.9955E-05
0.180693 9.9964E-05 0.0781041 0.0155613 9.9964E-05 0.13456 0.0575946 0.00697427 9.9964E-05 0.526114 9.9964E-05
0.342928 0.0719565 0.0909326 9.9973E-05 9.9973E-05 9.9973E-05 0.0262297 0.00610149 0.013843 0.41697 0.0307386
0.103206 0.0299759 0.0292653 9.99461E-05 9.99461E-05 9.99461E-05 9.99461E-05 0.0325075 9.99461E-05 0.804446 9.99461E-05
0.149139 0.118581 0.188389 9.9955E-05 0.0192408 9.9955E-05 9.9955E-05 0.0504388 9.9955E-05 0.473712 9.9955E-05
0.132843 0.0791538 0.0892876 0.0257059 9.9946E-05 9.9946E-05 9.9946E-05 9.9946E-05 9.9946E-05 0.67241 9.9946E-05
0.163867 0.084758 0.153289 9.9955E-05 9.9955E-05 0.00701052 9.9955E-05 0.038787 9.9955E-05 0.551789 9.9955E-05
0.366865 0.0198286 0.0858039 9.9982E-05 0.00723129 9.9982E-05 0.0954864 0.0508449 0.0145646 0.284 0.0751749
0.119037 0.0929144 0.139326 9.9973E-05 0.0233328 9.9973E-05 0.0824672 0.0349202 9.9973E-05 0.493609 0.0140943
0.150217 0.0363654 0.155279 9.9964E-05 0.0390647 9.9964E-05 0.0713454 0.0533161 9.9964E-05 0.494013 9.9964E-05
0.169298 0.0875843 0.18125 9.9964E-05 0.0127335 9.9964E-05 0.0967568 0.00786299 9.9964E-05 0.444114 9.9964E-05
0.0894157 9.9937E-05 0.09394 9.9937E-05 9.9937E-05 9.9937E-05 9.9937E-05 9.9937E-05 9.9937E-05 0.786455 0.0294901
0.0945109 0.0247246 0.128233 9.9955E-05 0.0121016 9.9955E-05 9.9955E-05 9.9955E-05 9.9955E-05 0.692659 0.0472717
0.100421 0.10894 0.207993 0.00739828 0.0664281 9.9973E-05 0.111301 0.0117399 9.9973E-05 0.385478 9.9973E-05
0.116329 0.0907397 0.211839 0.0248147 0.0445748 0.00497852 0.0867914 9.9973E-05 9.9973E-05 0.419633 9.9973E-05
0.21464 9.9964E-05 0.0348361 9.9964E-05 9.9964E-05 0.0246002 0.0639901 0.0535289 0.0325719 0.575433 9.9964E-05
0.229178 0.00145476 0.111479 0.0072507 9.9973E-05 0.0787663 0.0598671 0.0415906 9.9973E-05 0.470114 9.9973E-05
0.261008 0.0300312 0.0575545 0.0661548 9.9964E-05 0.0136751 9.9964E-05 0.00058997 9.9964E-05 0.570587 9.9964E-05
0.236611 0.0998611 0.103154 0.00739835 9.9946E-05 9.9946E-05 9.9946E-05 9.9946E-05 9.9946E-05 0.552376 9.9946E-05
0.25422 0.0464323 0.0623311 9.9955E-05 9.9955E-05 0.00421057 9.9955E-05 0.00890903 9.9955E-05 0.623398 9.9955E-05
0.198736 0.0818184 0.202029 0.0255153 9.9982E-05 0.0214167 0.0284862 0.0321871 0.0189705 0.390641 9.9982E-05
0.159733 9.9973E-05 0.0772848 9.9973E-05 0.0538686 0.0231762 0.0315424 0.101143 0.0608995 0.492052 9.9973E-05
0.196492 0.0434644 0.0944685 0.0402865 9.9964E-05 9.9964E-05 9.9964E-05 0.00151152 9.9964E-05 0.527912 0.0954652
0.190906 0.124354 0.0034427 0.00518464 9.9964E-05 9.9964E-05 0.0635451 9.9964E-05 9.9964E-05 0.577349 0.0348182
0.196825 0.117526 0.0357084 0.00910869 9.9973E-05 9.9973E-05 0.0778601 0.0021093 9.9973E-05 0.541324 0.0192398
0.228233 0.12379 0.0601727 0.0451784 9.9982E-05 0.0285783 0.0438149 0.0276806 9.9982E-05 0.36209 0.0802624
0.388322 0.0670805 0.0563833 9.9946E-05 9.9946E-05 9.9946E-05 9.9946E-05 0.03908 9.9946E-05 0.448534 9.9946E-05
0.364797 0.111392 0.052996 0.00198851 9.9973E-05 9.9973E-05 0.0248106 0.0549079 0.00215827 0.38665 9.9973E-05
0.142785 0.183839 0.154933 0.0449697 0.0091666 9.9973E-05 0.102889 9.9973E-05 0.0111595 0.349958 9.9973E-05
0.168343 0.152935 0.20041 0.0699106 9.9964E-05 9.9964E-05 0.0605932 9.9964E-05 0.0084873 0.338921 9.9964E-05
0.134255 0.131033 0.179471 0.0597681 9.9964E-05 9.9964E-05 0.0707093 9.9964E-05 0.00252434 0.421839 9.9964E-05
0.285908 0.06349 0.175994 9.9973E-05 0.0774602 0.0426291 9.9973E-05 0.0538539 9.9973E-05 0.241937 0.0584276
0.120839 0.0317374 0.100058 0.113269 0.0533858 9.9982E-05 0.00463441 0.0736188 9.9982E-05 0.489155 0.0131015
0.221948 0.0255107 0.129241 0.0103148 0.0288293 0.010465 0.0493059 0.0147709 9.9991E-05 0.460469 0.0490447
0.171631 0.0298268 0.156891 0.0140048 0.00616768 9.9973E-05 0.097624 0.0574016 9.9973E-05 0.466153 9.9973E-05
0.114307 0.0200855 0.119555 0.0361726 0.0277244 0.0898514 0.0293232 0.0544901 9.9982E-05 0.50829 9.9982E-05
0.360649 0.0309318 0.0737908 9.9964E-05 9.9964E-05 9.9964E-05 0.0455998 0.0410045 0.0213377 0.426287 9.9964E-05
0.216354 0.179317 0.0356104 9.9964E-05 0.04855 9.9964E-05 0.0513184 9.9964E-05 9.9964E-05 0.322922 0.145528
0.174416 0.0402223 0.0611804 0.0602509 9.9964E-05 9.9964E-05 9.9964E-05 0.00496652 9.9964E-05 0.590241 0.068323
0.166945 0.0559426 0.00901022 0.000105841 9.9982E-05 0.0624703 0.160303 0.0739188 9.9982E-05 0.46189 0.00921436
0.25732 0.12676 0.0923341 0.0152232 0.0160249 0.110552 0.0325874 0.0341003 9.9991E-05 0.310706 0.00429259
0.114155 9.9946E-05 9.9946E-05 0.012595 0.0287334 9.9946E-05 9.9946E-05 9.9946E-05 9.9946E-05 0.790235 0.0536812
0.0533775 9.9955E-05 0.00570921 0.0122004 0.0826739 9.9955E-05 9.9955E-05 9.9955E-05 9.9955E-05 0.784049 0.0614898
0.0566686 9.9955E-05 0.0219916 0.0136782 0.100982 9.9955E-05 9.9955E-05 9.9955E-05 9.9955E-05 0.755443 0.050737
0.0747211 0.0323579 0.000460992 0.0149982 0.076106 0.0322023 9.9973E-05 9.9973E-05 9.9973E-05 0.710946 0.0579078
0.0293573 9.9946E-05 9.9946E-05 9.9946E-05 0.166543 9.9946E-05 9.9946E-05 0.00513 9.9946E-05 0.747702 0.0506682
0.0309674 9.9955E-05 0.0120385 0.0151783 0.094729 9.9955E-05 9.9955E-05 9.9955E-05 9.9955E-05 0.821001 0.0255856
0.0711182 0.110038 0.0902598 9.9982E-05 0.0103672 0.0835548 0.0820444 0.0546594 9.9982E-05 0.476232 0.0215256
0.0760942 9.9955E-05 0.00434837 0.0119074 0.120543 9.9955E-05 9.9955E-05 9.9955E-05 9.9955E-05 0.726399 0.0602089
0.0747529 0.0277066 0.0463816 9.9964E-05 9.9964E-05 0.0106341 0.0889287 0.0457127 9.9964E-05 0.705484 9.9964E-05
0.0313746 9.9973E-05 0.0696249 9.9973E-05 0.0918462 0.0027917 0.0400915 0.0372802 0.0583392 0.668352 9.9973E-05
0.0529263 0.0613494 0.0731013 9.9955E-05 9.9955E-05 9.9955E-05 0.158369 0.078433 9.9955E-05 0.575321 9.9955E-05
0.0387258 0.0769188 0.0547227 9.9964E-05 9.9964E-05 0.0047886 0.159962 0.0832052 9.9964E-05 0.581277 9.9964E-05
0.137648 0.00303974 0.00438501 9.9964E-05 0.0971271 9.9964E-05 0.0276451 9.9964E-05 0.00670918 0.723046 9.9964E-05
0.0960115 0.0353854 0.0119846 9.9964E-05 0.0445625 9.9964E-05 0.105246 0.0316903 9.9964E-05 0.67472 9.9964E-05
0.16615 0.00459014 0.00705669 9.9973E-05 0.0347006 9.9973E-05 0.0605466 0.0376722 9.9973E-05 0.657325 0.0316585
0.109474 0.0091734 0.00545133 9.9973E-05 0.08699 9.9973E-05 0.0697893 0.0329073 9.9973E-05 0.628675 0.0572396
0.103798 0.00720114 0.0409972 9.9973E-05 0.0324013 9.9973E-05 0.090801 0.0285708 9.9973E-05 0.678247 0.0176842
0.119613 9.9955E-05 0.0132234 9.9955E-05 0.0148866 0.0148578 9.9955E-05 0.00496612 9.9955E-05 0.831953 9.9955E-05
0.113042 9.99371E-05 0.041362 9.99371E-05 9.99371E-05 9.99371E-05 9.99371E-05 9.99371E-05 0.00807039 0.836826 9.99371E-05
0.125082 0.000711371 0.0181461 9.9946E-05 9.9946E-05 9.9946E-05 0.0164602 9.9946E-05 9.9946E-05 0.839001 9.9946E-05
0.046692 9.9982E-05 0.00734725 9.9982E-05 0.00619405 0.0562867 0.0643185 0.0214234 0.0606946 0.728484 0.00836
9.9946E-05 9.9946E-05 0.0751712 9.9946E-05 0.0411942 9.9946E-05 0.0631152 9.9946E-05 0.031178 0.788742 9.9946E-05
9.9973E-05 0.00438493 0.0226397 0.00331903 0.0286653 9.9973E-05 0.0662546 9.9973E-05 0.0300108 0.838088 0.00633722
9.9946E-05 0.0768773 0.0389155 0.0472396 9.9946E-05 9.9946E-05 0.0154092 9.9946E-05 9.9946E-05 0.820959 9.9946E-05
9.9973E-05 0.00847747 0.0266627 0.025437 9.9973E-05 9.9973E-05 0.0654348 0.0162856 0.0132005 0.837247 0.00695481
9.9973E-05 0.0324531 0.0243959 9.9973E-05 0.0198292 0.020358 0.0724279 9.9973E-05 0.0121548 0.813483 0.00459829
0.175458 9.9973E-05 0.0679403 0.0339898 9.9973E-05 9.9973E-05 0.0833399 0.02577 0.0421459 0.533463 0.037593
0.186934 9.9946E-05 0.0671077 9.9946E-05 9.9946E-05 9.9946E-05 0.0620395 9.9946E-05 0.00542053 0.677899 9.9946E-05
0.0227256 0.00435533 0.0769028 0.0326951 0.0228033 0.0613824 0.0112353 0.0705354 0.0206557 0.591006 0.0857034
9.9991E-05 0.0939796 0.0374317 0.0109999 0.0519666 0.0371899 0.0141579 0.104133 0.0287941 0.605704 0.0155432
0.0154385 9.9955E-05 9.9955E-05 9.9955E-05 0.0739191 9.9955E-05 0.0957922 9.9955E-05 0.0272248 0.762375 0.0247502
9.9964E-05 0.00908818 0.0152658 9.9964E-05 0.0601389 9.9964E-05 0.0625532 9.9964E-05 0.0156103 0.805049 0.0318953
0.199394 9.9964E-05 9.9964E-05 0.0274689 0.0385043 9.9964E-05 9.9964E-05 0.0193882 0.0470173 0.615035 0.0527924
0.187444 9.9937E-05 0.0651786 9.9937E-05 9.9937E-05 9.9937E-05 9.9937E-05 9.9937E-05 9.9937E-05 0.72623 0.0204477
0.18845 9.9928E-05 0.0472366 9.9928E-05 9.9928E-05 9.9928E-05 9.9928E-05 9.9928E-05 9.9928E-05 0.763514 9.9928E-05
0.0399041 0.0112176 9.9982E-05 0.0240997 0.0669106 9.9982E-05 0.0743454 0.0428289 0.00748695 0.719363 0.0136441
0.0665037 0.0789403 0.0664933 0.0101834 0.0595497 9.9982E-05 0.0607619 0.116671 9.9982E-05 0.456568 0.0841294
0.182389 0.068815 0.0128535 0.00321419 0.0599018 9.9982E-05 0.0481091 0.084003 9.9982E-05 0.473578 0.0669368
0.0433168 0.063572 0.0267906 9.9937E-05 9.9937E-05 9.9937E-05 9.9937E-05 9.9937E-05 9.9937E-05 0.865621 9.9937E-05
0.0167858 0.0223584 0.0477114 9.996E-05 9.996E-05 9.996E-05 0.0438803 0.0382986 9.996E-05 0.830466 9.996E-05
0.00967433 0.0781575 0.0341968 9.9964E-05 0.013149 0.0308499 0.00743086 9.9964E-05 9.9964E-05 0.826142 9.9964E-05
0.0199845 9.9964E-05 0.0194679 9.9964E-05 0.0865777 0.0503504 0.0429375 9.9964E-05 9.9964E-05 0.737428 0.042854
9.9946E-05 9.9946E-05 9.9946E-05 9.9946E-05 0.0576718 9.9946E-05 0.0152406 9.9946E-05 0.0198197 0.864549 0.0421188
0.0471163 9.9946E-05 9.9946E-05 9.9946E-05 0.0225091 9.9946E-05 0.03843 9.9946E-05 0.0157681 0.875577 9.9946E-05
0.00817443 9.9955E-05 9.9955E-05 9.9955E-05 0.00380225 0.0416256 9.9955E-05 9.9955E-05 0.00220281 0.855729 0.0879662
0.0131297 9.9955E-05 9.9955E-05 9.9955E-05 0.023848 0.0254654 9.9955E-05 9.9955E-05 0.00317379 0.875196 0.058687
9.9937E-05 9.9937E-05 0.0188874 9.9937E-05 9.9937E-05 9.9937E-05 0.0433986 9.9937E-05 9.9937E-05 0.91905 0.0179648
0.00539435 0.0442762 0.0650138 9.9946E-05 9.9946E-05 9.9946E-05 9.9946E-05 0.0054422 9.9946E-05 0.879274 9.9946E-05
0.0022239 9.9955E-05 9.9955E-05 9.9955E-05 0.0459982 0.0834994 0.0215017 9.9955E-05 9.9955E-05 0.827219 0.0190577
0.0157004 9.9973E-05 0.00622605 9.9973E-05 0.0206614 0.0282286 0.00892358 9.9973E-05 0.00212296 0.875444 0.042393
9.9946E-05 9.9946E-05 9.9946E-05 9.9946E-05 0.024512 0.0235526 9.9946E-05 9.9946E-05 0.00827398 0.913496 0.029566
9.9946E-05 9.9946E-05 0.0674173 0.0125937 9.9946E-05 9.9946E-05 9.9946E-05 9.9946E-05 0.0104855 0.896015 0.0128892
0.0558807 9.9946E-05 0.0602661 9.9946E-05 9.9946E-05 9.9946E-05 9.9946E-05 9.9946E-05 0.0349767 0.835794 0.0124828
0.000550733 9.9955E-05 0.0590875 0.000780075 9.9955E-05 9.9955E-05 9.9955E-05 9.9955E-05 0.0370787 0.851644 0.0503588
0.0361097 9.9946E-05 0.0704279 9.9946E-05 9.9946E-05 9.9946E-05 9.9946E-05 9.9946E-05 0.0219192 0.802305 0.0686381
0.0393747 9.9955E-05 0.0464889 0.00695807 9.9955E-05 9.9955E-05 9.9955E-05 9.9955E-05 0.0255246 0.809468 0.0716863
9.9955E-05 9.9955E-05 0.078091 0.00402953 9.9955E-05 0.0181424 9.9955E-05 9.9955E-05 0.0192244 0.762618 0.117394
0.0332564 9.9946E-05 0.0480179 9.9946E-05 9.9946E-05 9.9946E-05 9.9946E-05 9.9946E-05 0.0311122 0.805557 0.0814568
0.0433493 0.0821469 9.9964E-05 9.9964E-05 0.0644585 0.0375505 9.9964E-05 0.0247092 9.9964E-05 0.706746 0.0406401
9.9937E-05 0.0353729 9.9937E-05 9.9937E-05 9.9937E-05 9.9937E-05 9.9937E-05 0.0270837 0.000407671 0.936436 9.9937E-05
9.99512E-05 0.0451617 9.99512E-05 0.00393657 9.99512E-05 9.99512E-05 9.99512E-05 0.0852203 9.99512E-05 0.842105 0.0229772
9.9946E-05 0.0586207 9.9946E-05 9.9946E-05 9.9946E-05 0.0232349 0.025371 0.040846 9.9946E-05 0.851328 9.9946E-05
9.9964E-05 0.0803299 9.9964E-05 9.9964E-05 0.0190042 0.0199766 9.9964E-05 0.0206788 0.0114197 0.813162 0.0350289
9.9937E-05 0.0640834 9.9937E-05 9.9937E-05 9.9937E-05 9.9937E-05 9.9937E-05 0.0583949 9.9937E-05 0.828651 0.0481714
9.99281E-05 0.0246381 9.99281E-05 9.99281E-05 0.0708263 9.99281E-05 9.99281E-05 9.99281E-05 9.99281E-05 0.903736 9.99281E-05
0.0187904 0.132964 0.04863 9.9964E-05 9.9964E-05 9.9964E-05 0.0393754 0.0155876 9.9964E-05 0.518234 0.226019
0.0410144 0.0833214 0.0395499 0.0044161 0.0206287 9.9982E-05 0.0307217 0.060988 9.9982E-05 0.514122 0.205037
0.0560218 0.10189 0.0487026 9.9973E-05 9.9973E-05 0.089429 0.0186701 0.03002 9.9973E-05 0.52453 0.130436
0.0317933 9.9946E-05 9.9946E-05 9.9946E-05 9.9946E-05 0.108095 0.116322 0.0223928 9.9946E-05 0.720798 9.9946E-05
9.9955E-05 0.0563669 9.9955E-05 9.9955E-05 9.9955E-05 0.0467792 0.052898 0.0170958 0.013819 0.812541 9.9955E-05
9.9928E-05 0.0198197 9.9928E-05 9.9928E-05 9.9928E-05 9.9928E-05 9.9928E-05 0.01812 9.9928E-05 0.961261 9.9928E-05
0.0148864 0.0948061 0.00269869 0.00266219 0.0665867 0.0439495 9.9991E-05 0.0370371 0.00514247 0.703792 0.0283386
0.0299666 0.0288945 0.0113026 9.9964E-05 0.0250417 0.104166 0.102285 9.9964E-05 9.9964E-05 0.697943 9.9964E-05
0.0666096 0.000599744 9.9964E-05 9.9964E-05 9.9964E-05 0.116904 0.11616 9.9964E-05 0.0113768 0.664263 0.0236866
9.9937E-05 0.049592 9.9937E-05 9.9937E-05 0.0266062 9.9937E-05 9.9937E-05 0.0553495 9.9937E-05 0.867753 9.9937E-05
9.9946E-05 0.0710002 9.9946E-05 9.9946E-05 0.0128647 0.0358872 9.9946E-05 0.0187543 9.9946E-05 0.860894 9.9946E-05
9.9922E-05 0.00640787 9.9922E-05 9.9922E-05 9.9922E-05 9.9922E-05 9.9922E-05 0.992693 9.9922E-05 9.9922E-05 9.9922E-05
9.99101E-05 9.99101E-05 9.99101E-05 9.99101E-05 9.99101E-05 9.99101E-05 9.99101E-05 0.999001 9.99101E-05 9.99101E-05 9.99101E-05
9.99191E-05 9.99191E-05 9.99191E-05 9.99191E-05 9.99191E-05 0.0174154 9.99191E-05 0.981685 9.99191E-05 9.99191E-05 9.99191E-05
9.99101E-05 9.99101E-05 9.99101E-05 9.99101E-05 9.99101E-05 9.99101E-05 9.99101E-05 0.999001 9.99101E-05 9.99101E-05 9.99101E-05
9.99281E-05 9.99281E-05 9.99281E-05 0.00224196 9.99281E-05 9.99281E-05 9.99281E-05 0.96069 9.99281E-05 0.0362684 9.99281E-05
9.99101E-05 9.99101E-05 9.99101E-05 9.99101E-05 9.99101E-05 9.99101E-05 9.99101E-05 0.999001 9.99101E-05 9.99101E-05 9.99101E-05
9.9946E-05 0.00109912 9.9946E-05 9.9946E-05 9.9946E-05 0.00253709 0.0040113 0.943219 9.9946E-05 9.9946E-05 0.0485341
9.9937E-05 0.0005649 9.9937E-05 9.9937E-05 9.9937E-05 0.00193661 0.00497521 0.991824 9.9937E-05 9.9937E-05 9.9937E-05
0.157057 0.0865111 0.0398691 0.0165993 0.0566125 9.9982E-05 0.0108338 0.019878 9.9982E-05 0.513471 0.0989681
0.141182 0.0424018 0.044163 0.00840164 0.0745701 0.0343427 0.00572604 0.0291108 9.9991E-05 0.480483 0.139519
9.99191E-05 0.0258717 9.99191E-05 9.99191E-05 9.99191E-05 9.99191E-05 9.99191E-05 0.973229 9.99191E-05 9.99191E-05 9.99191E-05
9.9964E-05 9.9964E-05 0.0547052 9.9964E-05 0.0282301 0.0140856 9.9964E-05 0.737559 0.0821012 0.0547678 0.028151
9.99101E-05 9.99101E-05 9.99101E-05 9.99101E-05 9.99101E-05 9.99101E-05 9.99101E-05 0.999001 9.99101E-05 9.99101E-05 9.99101E-05
9.99191E-05 9.99191E-05 9.99191E-05 9.99191E-05 0.0109619 9.99191E-05 9.99191E-05 0.988139 9.99191E-05 9.99191E-05 9.99191E-05
9.99281E-05 9.99281E-05 9.99281E-05 9.99281E-05 9.99281E-05 0.0119574 9.99281E-05 0.982284 0.00495899 9.99281E-05 9.99281E-05
9.99101E-05 9.99101E-05 9.99101E-05 9.99101E-05 9.99101E-05 9.99101E-05 9.99101E-05 0.999001 9.99101E-05 9.99101E-05 9.99101E-05
9.99281E-05 9.99281E-05 0.000131692 9.99281E-05 9.99281E-05 0.00576503 9.99281E-05 0.993304 9.99281E-05 9.99281E-05 9.99281E-05
0.0127359 0.0588851 0.0327333 0.00760225 9.9982E-05 0.0394454 0.0468988 0.0292556 0.0202463 0.751997 9.9982E-05
0.0284736 0.0444265 0.0286848 9.9973E-05 0.0534357 0.129165 0.0533617 9.9973E-05 9.9973E-05 0.661949 0.00020351
0.0201856 0.0367111 0.03477 0.00237191 9.9973E-05 0.0254045 0.0504631 0.00616523 9.9973E-05 0.823629 9.9973E-05
0.00488808 0.0565317 0.0263651 9.9955E-05 9.9955E-05 9.9955E-05 0.0505956 9.9955E-05 9.9955E-05 0.844136 0.0169839
0.0118773 9.9955E-05 9.9955E-05 0.00482346 0.0933803 0.028301 0.14016 9.9955E-05 9.9955E-05 0.720958 9.9955E-05
0.0420915 0.0539464 0.0233941 9.9955E-05 9.9955E-05 0.0214772 0.0416902 9.9955E-05 9.9955E-05 0.816901 9.9955E-05
9.9973E-05 0.0239525 0.0354084 0.0150028 0.0507537 0.031938 0.0729948 9.9973E-05 9.9973E-05 0.733593 0.0360565
0.0562356 0.0163295 0.0329966 9.9964E-05 9.9964E-05 0.0281027 0.0520279 9.9964E-05 9.9964E-05 0.764536 0.0493716
0.0960955 9.9964E-05 0.0299422 9.9964E-05 0.00668488 9.9964E-05 0.0562758 9.9964E-05 0.00794345 0.754513 0.0481456
9.99101E-05 9.99101E-05 9.99101E-05 9.99101E-05 9.99101E-05 0.999001 9.99101E-05 9.99101E-05 9.99101E-05 9.99101E-05 9.99101E-05
