9.9964E-05 0.0836087 9.9964E-05 9.9964E-05 0.0706132 9.9964E-05 0.211636 0.633742
0.110663 9.9955E-05 9.9955E-05 0.0951704 9.9955E-05 9.9955E-05 9.9955E-05 0.793667
9.994E-05 9.994E-05 9.994E-05 9.994E-05 9.994E-05 9.994E-05 9.994E-05 0.9993
0.0704377 9.9964E-05 0.0645823 9.9964E-05 0.127804 9.9964E-05 9.9964E-05 0.736776
0.00627543 9.9973E-05 0.0255963 0.132362 0.122396 9.9973E-05 9.9973E-05 0.713071
9.9964E-05 0.0457041 9.9964E-05 9.9964E-05 0.111603 0.0409838 9.9964E-05 0.801309
9.9955E-05 9.9955E-05 9.9955E-05 0.0473227 9.9955E-05 9.9955E-05 0.339113 0.613064
9.9955E-05 9.9955E-05 9.9955E-05 0.0808554 9.9955E-05 0.00583845 9.9955E-05 0.912806
9.9955E-05 0.0563904 9.9955E-05 9.9955E-05 0.174123 9.9955E-05 9.9955E-05 0.768987
0.0316424 9.9964E-05 0.0253101 0.0553681 9.9964E-05 9.9964E-05 9.9964E-05 0.88728
9.9964E-05 9.9964E-05 9.9964E-05 0.0996416 0.0125425 0.159224 9.9964E-05 0.728192
9.994E-05 9.994E-05 0.9993 9.994E-05 9.994E-05 9.994E-05 9.994E-05 9.994E-05
0.0710153 9.9982E-05 0.790536 0.0520865 9.9982E-05 0.0369445 0.00468708 0.0445309
9.9964E-05 9.9964E-05 0.618909 9.9964E-05 0.165328 9.9964E-05 0.116997 0.0983671
9.9973E-05 9.9973E-05 0.538009 0.0201246 0.195799 9.9973E-05 0.217051 0.0287164
0.0584232 0.143895 0.615245 9.9964E-05 0.182037 9.9964E-05 9.9964E-05 9.9964E-05
9.9964E-05 9.9964E-05 0.837385 9.9964E-05 9.9964E-05 0.0876607 0.0735374 0.00101713
9.9964E-05 0.198636 0.688332 0.0526972 9.9964E-05 0.0599355 9.9964E-05 9.9964E-05
0.0833509 0.0520786 0.635236 0.0488698 0.142226 0.0380391 9.9982E-05 9.9982E-05
9.9973E-05 0.0471208 0.515673 0.103224 0.207956 0.125727 9.9973E-05 9.9973E-05
0.137945 9.9973E-05 0.54383 0.271423 9.9973E-05 9.9973E-05 0.0186528 0.027849
0.625098 0.156488 9.9964E-05 9.9964E-05 9.9964E-05 0.208373 9.9964E-05 0.00964021
0.711018 0.118384 0.00616861 9.9973E-05 0.148585 9.9973E-05 9.9973E-05 0.0155449
0.659464 0.0349837 0.0935136 0.0933205 0.0177837 9.9991E-05 0.0583454 0.0424894
0.994514 9.9946E-05 9.9946E-05 0.00488678 9.9946E-05 9.9946E-05 9.9946E-05 9.9946E-05
0.56518 9.9973E-05 0.00856824 9.9973E-05 0.190708 0.0927709 0.142473 9.9973E-05
0.429252 0.0342273 0.0736427 0.107044 0.152565 0.203069 9.9982E-05 9.9982E-05
0.9993 9.994E-05 9.994E-05 9.994E-05 9.994E-05 9.994E-05 9.994E-05 9.994E-05
0.836089 9.9964E-05 9.9964E-05 0.0193806 9.9964E-05 0.039869 0.104261 9.9964E-05
0.96585 9.9946E-05 9.9946E-05 9.9946E-05 0.0335499 9.9946E-05 9.9946E-05 9.9946E-05
0.174366 0.333817 9.9973E-05 0.0640783 9.9973E-05 0.0618931 0.365545 9.9973E-05
0.0561183 0.299554 0.0370812 9.9991E-05 0.0210201 0.125222 0.340391 0.120513
0.126344 0.252354 0.0412081 0.250665 9.9982E-05 0.25795 9.9982E-05 0.0712792
0.129198 0.634456 0.0634237 9.9964E-05 0.172522 9.9964E-05 9.9964E-05 9.9964E-05
0.154857 0.425187 9.9982E-05 0.119189 0.185646 0.0279827 9.9982E-05 0.0869376
0.0342161 0.676572 0.0755912 0.0934596 9.9982E-05 0.00950835 0.110453 9.9982E-05
0.214903 0.171287 0.241678 9.9982E-05 0.0793713 0.170473 9.9982E-05 0.122088
0.185517 0.062511 0.372453 0.0813171 0.223631 0.0743712 9.9982E-05 9.9982E-05
9.994E-05 0.9993 9.994E-05 9.994E-05 9.994E-05 9.994E-05 9.994E-05 9.994E-05
9.9964E-05 0.74721 9.9964E-05 9.9964E-05 0.149323 0.0342578 9.9964E-05 0.0688091
0.0990527 0.505074 0.0765407 0.0516231 9.9991E-05 0.054614 0.146373 0.0666221
9.9973E-05 0.715586 0.0480049 9.9973E-05 0.19141 9.9973E-05 0.0325889 0.0121103
0.0317883 0.351117 0.296791 0.125242 9.9982E-05 9.9982E-05 0.177091 0.0177694
0.131568 0.181446 0.306256 9.9973E-05 9.9973E-05 0.359733 9.9973E-05 0.0206971
9.9973E-05 0.648077 0.0722317 0.165863 0.085893 9.9973E-05 0.0276349 9.9973E-05
0.14346 0.480743 9.997E-05 0.114124 9.997E-05 0.196031 0.0653418 9.997E-05
0.0201264 0.526134 9.9964E-05 9.9964E-05 0.202553 0.250786 9.9964E-05 9.9964E-05
0.0036475 0.23103 0.132545 9.9991E-05 0.0710888 0.169641 0.298268 0.0936796
9.9964E-05 0.486746 0.243934 9.9964E-05 9.9964E-05 0.148189 0.12073 9.9964E-05
0.0049337 0.723305 0.050657 9.9982E-05 0.11847 0.0941423 0.00829167 9.9982E-05
0.00188961 0.505231 9.9964E-05 9.9964E-05 0.132987 9.9964E-05 0.359492 9.9964E-05
0.132178 0.555506 9.9973E-05 0.130475 9.9973E-05 9.9973E-05 0.1522 0.0293416
0.0601647 0.934849 9.9955E-05 9.9955E-05 9.9955E-05 9.9955E-05 0.00448641 9.9955E-05
0.280349 0.287722 9.9973E-05 0.23991 9.9973E-05 0.0482691 0.143449 9.9973E-05
0.0528826 0.51822 0.078274 0.00725009 9.9982E-05 9.9982E-05 0.268303 0.0748705
0.11433 0.374128 9.9973E-05 0.0152831 0.0464791 9.9973E-05 0.44948 9.9973E-05
0.10274 0.420993 9.9973E-05 0.0601828 0.0604011 9.9973E-05 0.355383 9.9973E-05
0.306578 0.584778 9.9955E-05 9.9955E-05 9.9955E-05 9.9955E-05 0.108143 9.9955E-05
0.0282979 0.483189 0.0072529 9.9991E-05 0.0306339 0.314398 0.0286881 0.10744
0.22974 0.488095 0.0454008 9.9982E-05 0.0271191 9.9982E-05 0.107837 0.101608
9.9964E-05 0.670129 0.206332 9.9964E-05 9.9964E-05 0.074536 0.0486027 9.9964E-05
0.0640109 0.267802 0.0211979 0.0518925 9.9982E-05 0.538739 9.9982E-05 0.0561582
0.218136 0.0961002 9.9973E-05 9.9973E-05 0.0036029 0.0534566 0.628404 9.9973E-05
9.9964E-05 0.0869158 9.9964E-05 9.9964E-05 0.0805323 0.180459 0.651693 9.9964E-05
0.130324 0.0196863 0.109895 0.024787 9.9991E-05 0.270171 0.439695 0.00534063
9.9964E-05 0.0389058 0.00998167 0.151881 9.9964E-05 9.9964E-05 0.798831 9.9964E-05
0.20837 9.9964E-05 0.0437787 0.064959 9.9964E-05 9.9964E-05 0.682492 9.9964E-05
0.0672829 0.0334121 9.9964E-05 9.9964E-05 9.9964E-05 0.076303 0.822602 9.9964E-05
0.0682457 0.0099322 9.9973E-05 9.9973E-05 9.9973E-05 0.0940983 0.82327 0.00415393
9.99553E-05 9.99553E-05 9.99553E-05 0.0832009 0.157241 9.99553E-05 0.759058 9.99553E-05
9.9955E-05 9.9955E-05 9.9955E-05 9.9955E-05 0.15146 0.245799 0.602242 9.9955E-05
9.9982E-05 0.0738739 0.101779 9.9982E-05 0.12254 0.0921364 0.602095 0.00737666
9.9973E-05 9.9973E-05 0.00502258 0.037678 0.100591 9.9973E-05 0.832909 0.023499
0.0440375 0.0500681 0.121646 0.0286677 9.9991E-05 0.0393377 0.596336 0.119807
0.0848935 0.0512441 9.9973E-05 9.9973E-05 9.9973E-05 0.0192854 0.825318 0.018959
0.0148696 0.159861 9.9982E-05 0.0623987 0.14088 0.0261404 0.59565 9.9982E-05
9.9946E-05 9.9946E-05 9.9946E-05 0.090554 9.9946E-05 9.9946E-05 0.908846 9.9946E-05
9.9982E-05 0.12908 0.00974857 0.255059 0.031111 0.151737 0.423064 9.9982E-05
9.9964E-05 9.9964E-05 0.216372 9.9964E-05 9.9964E-05 0.0389795 0.657291 0.0869579
0.0831182 0.0229649 0.200304 0.105921 9.9982E-05 9.9982E-05 0.499457 0.0880351
0.00899701 9.9964E-05 9.9964E-05 0.0891035 9.9964E-05 9.9964E-05 0.816372 0.0851273
9.9982E-05 0.0889226 0.0921107 9.9982E-05 0.047262 0.110655 0.643747 0.0171025
0.159609 9.9973E-05 0.0723059 9.9973E-05 9.9973E-05 0.27248 0.310278 0.185028
0.0418641 9.9982E-05 9.9982E-05 0.0419272 0.158467 0.323278 0.349238 0.0850254
9.9964E-05 9.9964E-05 9.9964E-05 0.111777 0.0357625 0.324189 0.527872 9.9964E-05
0.0941989 9.9982E-05 0.0220281 9.9982E-05 0.0015474 0.36548 0.307957 0.208589
0.0492266 9.9982E-05 0.00681746 0.0859961 9.9982E-05 0.414232 0.381776 0.0617511
0.130245 0.0728678 9.9973E-05 0.100612 9.9973E-05 0.61794 0.078036 9.9973E-05
9.9946E-05 9.9946E-05 9.9946E-05 9.9946E-05 0.0155475 0.983853 9.9946E-05 9.9946E-05
9.9946E-05 9.9946E-05 9.9946E-05 0.0870959 9.9946E-05 0.912304 9.9946E-05 9.9946E-05
9.9955E-05 9.9955E-05 0.0350544 9.9955E-05 0.0655192 0.898927 9.9955E-05 9.9955E-05
9.9964E-05 9.9964E-05 0.00548447 9.9964E-05 9.9964E-05 0.785791 0.061249 0.147075
9.9964E-05 0.394714 0.0286448 9.9964E-05 9.9964E-05 0.540391 9.9964E-05 0.0358505
0.0574107 0.185312 0.0113953 0.00777791 0.00494793 0.64709 0.0859657 9.9991E-05
0.113216 9.9955E-05 9.9955E-05 9.9955E-05 0.205959 0.680325 9.9955E-05 9.9955E-05
9.9973E-05 0.0572049 0.116513 0.0174558 9.9973E-05 0.795628 0.012898 9.9973E-05
9.9973E-05 9.9973E-05 0.0959176 0.140598 9.9973E-05 0.54868 0.191717 0.0227884
0.0478531 0.0438595 0.0925482 0.0978902 9.9991E-05 0.572425 0.144448 0.000875886
0.0338591 0.104798 9.9991E-05 0.139084 0.0380697 0.532866 0.0303114 0.120912
0.05363 9.9982E-05 0.0416771 0.0811547 9.9982E-05 0.619654 0.121165 0.0825193
9.9964E-05 9.9964E-05 9.9964E-05 9.9964E-05 0.0366879 0.544114 0.391532 0.0272669
0.0497953 0.0303876 9.9982E-05 9.9982E-05 0.0491013 0.421476 0.374188 0.0748519
9.9973E-05 0.119304 9.9973E-05 9.9973E-05 0.151392 0.542813 0.176816 0.00937425
0.0868038 9.9964E-05 0.0738799 9.9964E-05 9.9964E-05 0.814867 0.0240495 9.9964E-05
9.9964E-05 9.9964E-05 9.9964E-05 0.0168798 0.14094 0.674223 0.167557 9.9964E-05
9.9964E-05 9.9964E-05 0.0271645 0.0246027 9.9964E-05 0.644125 0.303708 9.9964E-05
0.131123 0.0727359 9.9973E-05 0.0774599 0.274834 9.9973E-05 0.443548 9.9973E-05
0.032312 9.9982E-05 0.0235861 0.3334 9.9982E-05 0.16861 0.429786 0.0121068
0.0827458 9.998E-05 9.998E-05 0.21814 0.0324109 0.159083 0.477786 0.0296345
0.207541 9.9964E-05 9.9964E-05 0.236925 9.9964E-05 0.0654448 0.489689 9.9964E-05
0.0937241 9.9973E-05 0.000408763 0.281765 0.56993 9.9973E-05 0.0538723 9.9973E-05
0.0595393 0.0600201 0.162641 0.241415 0.362638 0.0608075 0.0528392 9.9991E-05
9.9973E-05 9.9973E-05 0.014471 0.0794525 0.721414 9.9973E-05 0.138645 0.0457173
9.9973E-05 0.110397 0.00710867 9.9973E-05 0.660278 9.9973E-05 0.0955802 0.126336
9.9964E-05 9.9964E-05 0.0014801 0.0661048 0.405908 9.9964E-05 0.526107 9.9964E-05
9.9982E-05 0.00606374 0.0949425 0.115967 0.47845 9.9982E-05 0.116578 0.187798
0.00284215 0.0344512 0.137321 9.9982E-05 0.488517 9.9982E-05 0.0774377 0.259231
0.0673539 9.9991E-05 0.0146423 0.147301 0.413356 0.0109907 0.254057 0.0921995
9.9973E-05 0.135593 9.9973E-05 0.13949 0.530614 9.9973E-05 0.168881 0.0251215
0.11004 9.9973E-05 9.9973E-05 0.37966 0.100318 9.9973E-05 0.258202 0.15148
9.9982E-05 9.9982E-05 0.0721883 0.0845529 0.664008 0.00848614 0.130719 0.0398456
0.0364027 9.9991E-05 0.0983535 0.236223 0.501131 0.0286725 0.0406866 0.0584303
9.997E-05 9.997E-05 0.0526496 0.227681 0.402986 0.0388208 0.277562 9.997E-05
9.9982E-05 0.0263094 9.9982E-05 0.103409 0.605024 0.0590181 0.0638103 0.142229
0.027989 9.9973E-05 9.9973E-05 0.174478 0.717587 9.9973E-05 0.0613491 0.0182971
9.9973E-05 0.0435007 9.9973E-05 0.220437 0.603304 0.085638 0.0468207 9.9973E-05
9.9964E-05 0.062973 9.9964E-05 0.224848 0.685285 9.9964E-05 0.0264947 9.9964E-05
9.9973E-05 0.0358701 9.9973E-05 0.140075 0.676588 9.9973E-05 0.0456109 0.101556
9.9955E-05 9.9955E-05 9.9955E-05 0.242588 0.538969 9.9955E-05 9.9955E-05 0.217943
9.996E-05 9.996E-05 0.0371844 9.996E-05 0.805872 0.0749945 0.0815497 9.996E-05
9.9982E-05 0.105071 0.041615 0.234167 0.482677 9.9982E-05 0.0251887 0.111081
9.9964E-05 9.9964E-05 9.9964E-05 0.211337 0.718267 9.9964E-05 0.0104188 0.0595771
9.9955E-05 0.0167954 0.0112469 9.9955E-05 0.971458 9.9955E-05 9.9955E-05 9.9955E-05
9.9982E-05 0.0438825 0.00651328 0.487277 0.374885 9.9982E-05 0.081438 0.00580482
0.0891774 9.9964E-05 9.9964E-05 0.171019 0.719687 9.9964E-05 9.9964E-05 0.0197167
9.9946E-05 9.9946E-05 9.9946E-05 9.9946E-05 0.986309 9.9946E-05 9.9946E-05 0.0130912
0.0533252 0.0022127 9.9973E-05 0.0987396 0.835672 0.00975048 9.9973E-05 9.9973E-05
9.9955E-05 0.0244464 9.9955E-05 9.9955E-05 0.795374 9.9955E-05 0.179679 9.9955E-05
9.9955E-05 9.9955E-05 9.9955E-05 0.172275 0.806761 0.0204643 9.9955E-05 9.9955E-05
9.9946E-05 9.9946E-05 9.9946E-05 9.9946E-05 0.98687 0.0125304 9.9946E-05 9.9946E-05
0.07338 9.9964E-05 9.9964E-05 0.0183985 0.800672 0.10715 9.9964E-05 9.9964E-05
9.9946E-05 9.9946E-05 9.9946E-05 0.18278 0.81662 9.9946E-05 9.9946E-05 9.9946E-05
9.9946E-05 9.9946E-05 9.9946E-05 0.38543 0.61397 9.9946E-05 9.9946E-05 9.9946E-05
0.0622405 0.0814045 9.9964E-05 0.203704 0.652251 9.9964E-05 9.9964E-05 9.9964E-05
0.0266418 9.9946E-05 9.9946E-05 9.9946E-05 0.972758 9.9946E-05 9.9946E-05 9.9946E-05
0.0408492 0.011887 0.0475029 0.125577 0.698929 9.9991E-05 0.0271138 0.0480414
9.9946E-05 9.9946E-05 9.9946E-05 9.9946E-05 0.958002 0.041398 9.9946E-05 9.9946E-05
9.9964E-05 9.9964E-05 9.9964E-05 0.00201455 0.869063 0.0374391 9.9964E-05 0.0910839
9.9946E-05 0.0626512 9.9946E-05 9.9946E-05 0.936749 9.9946E-05 9.9946E-05 9.9946E-05
0.0542887 0.0407141 9.9964E-05 0.205384 0.699213 9.9964E-05 9.9964E-05 9.9964E-05
9.9955E-05 9.9955E-05 0.103664 9.9955E-05 0.888897 9.9955E-05 9.9955E-05 0.00693925
9.9964E-05 0.0368032 0.00671787 0.288074 0.668005 9.9964E-05 9.9964E-05 9.9964E-05
9.9955E-05 9.9955E-05 0.113944 0.100211 0.785346 9.9955E-05 9.9955E-05 9.9955E-05
9.9964E-05 0.0421452 9.9964E-05 9.9964E-05 0.874399 0.0636801 9.9964E-05 0.0193758
9.9964E-05 9.9964E-05 0.0773363 0.190718 0.712912 9.9964E-05 9.9964E-05 0.0186334
0.0570948 0.0536613 0.0246648 0.257749 0.510032 0.0965988 9.9982E-05 9.9982E-05
9.9964E-05 9.9964E-05 0.0736863 0.24365 0.636118 0.0461458 9.9964E-05 9.9964E-05
9.9973E-05 9.9973E-05 0.107343 0.129469 0.631898 0.0120089 9.9973E-05 0.118981
9.9973E-05 9.9973E-05 9.9973E-05 0.388172 0.511495 0.0160448 0.00970394 0.0742843
9.9955E-05 9.9955E-05 9.9955E-05 9.9955E-05 0.846741 0.00283972 0.14992 9.9955E-05
9.9973E-05 9.9973E-05 0.104046 0.457231 0.415229 9.9973E-05 0.014208 0.00898695
0.00522438 9.9982E-05 0.00212492 0.218347 0.612767 9.9982E-05 0.0109548 0.150382
9.9964E-05 9.9964E-05 9.9964E-05 0.369021 0.565143 0.0417905 0.0236454 9.9964E-05
9.9964E-05 9.9964E-05 0.117858 0.206349 0.639509 9.9964E-05 0.035884 9.9964E-05
0.0279315 9.9973E-05 9.9973E-05 0.617502 0.289992 0.00925154 9.9973E-05 0.0550223
0.0626793 9.9973E-05 9.9973E-05 0.44488 0.463744 0.0166366 0.0117606 9.9973E-05
0.0349545 9.9955E-05 9.9955E-05 0.42511 0.539436 9.9955E-05 9.9955E-05 9.9955E-05
0.0951694 9.9955E-05 9.9955E-05 0.579681 0.324649 9.9955E-05 9.9955E-05 9.9955E-05
9.9946E-05 9.9946E-05 9.9946E-05 0.413402 0.585999 9.9946E-05 9.9946E-05 9.9946E-05
0.0150495 9.9955E-05 9.9955E-05 0.414172 0.570279 9.9955E-05 9.9955E-05 9.9955E-05
0.0275629 9.9964E-05 9.9964E-05 0.528439 0.418284 9.9964E-05 9.9964E-05 0.0253149
0.0249853 9.9955E-05 9.9955E-05 0.445848 0.528667 9.9955E-05 9.9955E-05 9.9955E-05
9.9982E-05 0.0266564 9.9982E-05 0.607169 0.1389 0.0596729 0.0287783 0.138623
0.0499964 0.0925599 9.9982E-05 0.31876 0.301508 0.212763 9.9982E-05 0.0242123
0.0124515 0.0247568 0.0332243 0.777014 0.0676328 0.0847207 9.9982E-05 9.9982E-05
0.0731028 0.0250553 9.998E-05 0.536569 0.0426778 0.165823 9.998E-05 0.156572
0.0192067 9.9964E-05 9.9964E-05 0.632343 0.26578 0.0822707 9.9964E-05 9.9964E-05
9.9955E-05 9.9955E-05 9.9955E-05 0.574454 0.393547 0.0314997 9.9955E-05 9.9955E-05
0.00448402 9.9955E-05 9.9955E-05 0.716866 0.27815 9.9955E-05 9.9955E-05 9.9955E-05
9.9946E-05 9.9946E-05 9.9946E-05 0.487161 0.512239 9.9946E-05 9.9946E-05 9.9946E-05
9.9964E-05 9.9964E-05 0.007448 0.734968 0.203408 0.0537763 9.9964E-05 9.9964E-05
9.9964E-05 9.9964E-05 0.00325355 0.93627 9.9964E-05 0.0281287 0.0319479 9.9964E-05
0.0227784 9.9991E-05 0.0242732 0.66802 0.233569 0.0107248 0.00786792 0.0326661
0.0275244 9.9964E-05 9.9964E-05 0.753299 0.212857 0.0059193 9.9964E-05 9.9964E-05
0.0835043 9.9991E-05 0.00760125 0.493258 0.305373 0.00476056 0.0535696 0.051833
0.0277541 9.9973E-05 9.9973E-05 0.571737 0.266344 0.0432809 9.9973E-05 0.0905839
0.00703681 9.9973E-05 0.0140508 0.637388 0.272363 9.9973E-05 0.0688616 9.9973E-05
9.9946E-05 0.0617746 9.9946E-05 0.937626 9.9946E-05 9.9946E-05 9.9946E-05 9.9946E-05
0.021512 9.9973E-05 9.9973E-05 0.56274 0.308609 9.9973E-05 0.0846979 0.0221416
9.9964E-05 9.9964E-05 9.9964E-05 0.436823 0.277366 0.0730454 9.9964E-05 0.212365
9.9973E-05 9.9973E-05 0.0142478 0.676793 0.142609 9.9973E-05 0.128271 0.0377796
9.9955E-05 9.9955E-05 9.9955E-05 0.737748 0.225581 9.9955E-05 0.036172 9.9955E-05
9.9973E-05 0.0373743 0.0111301 0.621081 0.280098 9.9973E-05 9.9973E-05 0.050017
9.99589E-05 9.99589E-05 9.99589E-05 0.694663 0.192855 0.111983 9.99589E-05 9.99589E-05
0.0301815 9.9973E-05 9.9973E-05 0.77675 0.124288 9.9973E-05 0.0663334 0.00214719
9.994E-05 9.994E-05 9.994E-05 0.9993 9.994E-05 9.994E-05 9.994E-05 9.994E-05
9.9964E-05 9.9964E-05 0.022618 0.843186 0.103916 9.9964E-05 9.9964E-05 0.0298807
9.994E-05 9.994E-05 9.994E-05 0.9993 9.994E-05 9.994E-05 9.994E-05 9.994E-05
9.994E-05 9.994E-05 9.994E-05 0.9993 9.994E-05 9.994E-05 9.994E-05 9.994E-05
9.994E-05 9.994E-05 9.994E-05 0.9993 9.994E-05 9.994E-05 9.994E-05 9.994E-05
9.9946E-05 9.9946E-05 9.9946E-05 0.99644 9.9946E-05 0.00295999 9.9946E-05 9.9946E-05
9.994E-05 9.994E-05 9.994E-05 0.9993 9.994E-05 9.994E-05 9.994E-05 9.994E-05
9.9946E-05 9.9946E-05 0.00442966 0.994971 9.9946E-05 9.9946E-05 9.9946E-05 9.9946E-05
9.9946E-05 9.9946E-05 9.9946E-05 0.934247 9.9946E-05 9.9946E-05 0.0651538 9.9946E-05
9.994E-05 9.994E-05 9.994E-05 0.9993 9.994E-05 9.994E-05 9.994E-05 9.994E-05
9.9946E-05 9.9946E-05 9.9946E-05 0.933639 9.9946E-05 9.9946E-05 9.9946E-05 0.0657612
9.9946E-05 0.00055877 9.9946E-05 0.998842 9.9946E-05 9.9946E-05 9.9946E-05 9.9946E-05
9.9955E-05 9.9955E-05 9.9955E-05 0.875731 0.0739981 0.049771 9.9955E-05 9.9955E-05
9.9946E-05 9.9946E-05 9.9946E-05 0.949442 9.9946E-05 9.9946E-05 0.0499581 9.9946E-05
9.9955E-05 9.9955E-05 0.0484718 0.931199 9.9955E-05 9.9955E-05 0.0198291 9.9955E-05
0.0423274 9.9955E-05 9.9955E-05 0.941069 0.0161038 9.9955E-05 9.9955E-05 9.9955E-05
0.00872057 9.9955E-05 0.0496943 0.941085 9.9955E-05 9.9955E-05 9.9955E-05 9.9955E-05
9.9955E-05 9.9955E-05 9.9955E-05 0.833383 0.160101 0.00601587 9.9955E-05 9.9955E-05
9.9955E-05 9.9955E-05 0.0332542 0.819627 0.146619 9.9955E-05 9.9955E-05 9.9955E-05
9.9964E-05 0.0278316 9.9964E-05 0.939076 9.9964E-05 0.0176963 9.9964E-05 0.014996
9.9964E-05 0.0246529 9.9964E-05 0.863265 0.0551216 9.9964E-05 0.056561 9.9964E-05
0.0201027 9.9973E-05 0.0427328 0.830484 0.0678921 9.9973E-05 9.9973E-05 0.0384887
0.00382799 9.9973E-05 0.030116 0.883264 0.0420673 9.9973E-05 0.0404249 9.9973E-05
9.9955E-05 9.9955E-05 9.9955E-05 0.935455 0.00188981 0.062155 9.9955E-05 9.9955E-05
9.9946E-05 9.9946E-05 9.9946E-05 0.972646 9.9946E-05 9.9946E-05 9.9946E-05 0.0267542
9.9955E-05 9.9955E-05 9.9955E-05 0.914305 9.9955E-05 9.9955E-05 0.0645351 0.0206597
0.0010093 9.9955E-05 9.9955E-05 0.955596 9.9955E-05 9.9955E-05 9.9955E-05 0.0428951
9.9946E-05 9.9946E-05 9.9946E-05 0.950129 9.9946E-05 9.9946E-05 9.9946E-05 0.0492718
9.9955E-05 9.9955E-05 9.9955E-05 0.844276 0.153073 9.9955E-05 0.00215112 9.9955E-05
9.9964E-05 9.9964E-05 0.154982 0.558266 0.221078 9.9964E-05 0.065275 9.9964E-05
9.9955E-05 0.0387265 9.9955E-05 0.942208 9.9955E-05 0.0185655 9.9955E-05 9.9955E-05
9.9955E-05 9.9955E-05 0.133365 0.625107 0.241029 9.9955E-05 9.9955E-05 9.9955E-05
0.0341835 9.9946E-05 9.9946E-05 0.965217 9.9946E-05 9.9946E-05 9.9946E-05 9.9946E-05
9.9973E-05 9.9973E-05 0.0596525 0.47369 0.363453 9.9973E-05 0.0749539 0.0279507
0.0329123 9.9982E-05 9.9982E-05 0.629091 0.167588 0.00629657 0.0835943 0.0803183
0.0360101 0.0332289 9.9973E-05 0.80066 9.9973E-05 0.0877992 0.0420016 9.9973E-05
0.0229319 9.99551E-05 9.99551E-05 0.854429 9.99551E-05 0.122139 9.99551E-05 9.99551E-05
0.0260909 9.9964E-05 9.9964E-05 0.588032 0.258558 9.9964E-05 0.126918 9.9964E-05
9.9973E-05 0.0550861 0.012167 0.87233 0.0329257 9.9973E-05 0.027191 9.9973E-05
9.9973E-05 0.0182511 9.9973E-05 0.688964 0.113181 9.9973E-05 0.0855189 0.0937846
0.0201714 0.0432541 9.9973E-05 0.74538 0.123284 9.9973E-05 9.9973E-05 0.0676103
9.9955E-05 0.00245041 9.9955E-05 0.843569 0.153481 9.9955E-05 9.9955E-05 9.9955E-05
0.058826 0.142561 9.9982E-05 0.7199 0.00991277 0.0167838 9.9982E-05 0.0518167
0.0619482 0.128332 9.9964E-05 0.77713 9.9964E-05 9.9964E-05 9.9964E-05 0.0321905
9.9955E-05 0.0257992 9.9955E-05 0.892363 9.9955E-05 0.0813385 9.9955E-05 9.9955E-05
9.9973E-05 0.013406 9.9973E-05 0.670559 0.206845 0.0265041 9.9973E-05 0.0823866
9.9973E-05 0.00931927 9.9973E-05 0.825731 0.100814 9.9973E-05 0.00903243 0.0548034
