0.106127 0.630237 9.9955E-05 0.089714 9.9955E-05 9.9955E-05 9.9955E-05 0.0868908 9.9955E-05 0.0865317
0.132488 0.635099 0.00890102 0.124782 9.9973E-05 9.9973E-05 0.0100408 0.0200099 9.9973E-05 0.0683795
0.279422 0.530375 9.9964E-05 9.9964E-05 0.0133659 0.0219802 9.9964E-05 0.0757982 9.9964E-05 0.0786584
0.287922 0.604973 9.9946E-05 0.00556758 9.9946E-05 9.9946E-05 9.9946E-05 0.100937 9.9946E-05 9.9946E-05
0.316923 0.550671 9.9982E-05 0.0327593 0.00876073 0.0654993 9.9982E-05 0.00132124 0.00587587 0.0179898
0.167281 0.747532 9.9946E-05 9.9946E-05 0.0306687 9.9946E-05 9.9946E-05 0.0539191 9.9946E-05 9.9946E-05
0.225102 0.701838 9.9937E-05 9.9937E-05 9.9937E-05 9.9937E-05 9.9937E-05 0.0723608 9.9937E-05 9.9937E-05
0.308072 0.362784 9.9982E-05 0.0274857 9.9982E-05 0.0974437 0.0417647 0.0597203 0.0448865 0.0576434
0.197186 0.657762 0.0655188 0.0469667 0.00890544 9.9964E-05 9.9964E-05 0.0232613 9.9964E-05 9.9964E-05
0.256822 0.534241 0.0221767 0.0224662 9.9973E-05 9.9973E-05 0.0314585 0.102929 9.9973E-05 0.0296065
0.282265 0.529744 0.0806649 0.0252572 9.9973E-05 0.0147379 9.9973E-05 0.027134 9.9973E-05 0.0398968
0.338314 0.539417 0.0325972 9.9955E-05 0.0253961 9.9955E-05 9.9955E-05 0.0637759 9.9955E-05 9.9955E-05
0.168198 0.570255 9.9964E-05 0.0677931 9.9964E-05 0.0678864 9.9964E-05 0.0956104 9.9964E-05 0.0298569
0.180661 0.564158 0.0246141 0.0550066 9.9973E-05 0.0518804 9.9973E-05 0.104545 9.9973E-05 0.0188348
0.144466 0.583021 9.9973E-05 0.0697162 9.9973E-05 0.0396609 9.9973E-05 0.130783 0.000778542 0.0312748
0.22872 0.547315 0.0385874 0.0512754 0.0513986 0.0298071 9.9982E-05 0.0404105 9.9982E-05 0.0122862
0.233239 0.479531 9.9955E-05 0.0451414 9.9955E-05 0.0649986 9.9955E-05 0.17659 9.9955E-05 9.9955E-05
0.222013 0.474679 9.9955E-05 0.0613205 9.9955E-05 0.0679742 9.9955E-05 0.173513 9.9955E-05 9.9955E-05
0.384989 0.451841 9.9955E-05 0.0096523 9.9955E-05 0.0151699 9.9955E-05 0.137849 9.9955E-05 9.9955E-05
9.99201E-05 0.999101 9.99201E-05 9.99201E-05 9.99201E-05 9.99201E-05 9.99201E-05 9.99201E-05 9.99201E-05 9.99201E-05
9.9946E-05 0.824797 9.9946E-05 0.119879 9.9946E-05 9.9946E-05 9.9946E-05 9.9946E-05 0.00338798 0.0513364
9.9946E-05 0.767664 0.0581295 0.113357 9.9946E-05 9.9946E-05 9.9946E-05 9.9946E-05 9.9946E-05 0.0602492
9.9955E-05 0.70133 9.9955E-05 0.0340884 0.0425501 0.195595 9.9955E-05 9.9955E-05 9.9955E-05 0.0259368
0.148567 0.535469 9.9964E-05 9.9964E-05 0.0196689 0.156928 0.100866 9.9964E-05 9.9964E-05 0.0381006
0.137773 0.733645 0.0299421 9.9964E-05 9.9964E-05 0.0410779 0.0389825 9.9964E-05 0.0181799 9.9964E-05
9.9964E-05 0.908032 0.00567346 9.9964E-05 9.9964E-05 0.0315447 0.00438564 0.00711588 0.0428482 9.9964E-05
9.9946E-05 0.844239 0.0455285 0.0884448 9.9946E-05 9.9946E-05 9.9946E-05 9.9946E-05 0.0211883 9.9946E-05
0.138227 0.755989 0.00679304 0.0418493 9.9973E-05 9.9973E-05 0.0101907 0.0331295 9.9973E-05 0.0135217
0.0134231 0.815431 0.0533387 0.0255781 9.9964E-05 9.9964E-05 9.9964E-05 0.0289024 9.9964E-05 0.062927
9.99281E-05 0.997553 9.99281E-05 9.99281E-05 0.00164792 9.99281E-05 9.99281E-05 9.99281E-05 9.99281E-05 9.99281E-05
9.99371E-05 0.970702 0.0253174 9.99371E-05 0.00328116 9.99371E-05 9.99371E-05 9.99371E-05 9.99371E-05 9.99371E-05
9.99281E-05 0.998584 9.99281E-05 9.99281E-05 0.000616997 9.99281E-05 9.99281E-05 9.99281E-05 9.99281E-05 9.99281E-05
9.99201E-05 0.999101 9.99201E-05 9.99201E-05 9.99201E-05 9.99201E-05 9.99201E-05 9.99201E-05 9.99201E-05 9.99201E-05
9.99371E-05 0.958609 0.0197466 9.99371E-05 9.99371E-05 9.99371E-05 9.99371E-05 9.99371E-05 9.99371E-05 0.0209445
9.99371E-05 0.971294 0.0216073 9.99371E-05 9.99371E-05 9.99371E-05 9.99371E-05 9.99371E-05 9.99371E-05 0.00639949
9.9973E-05 0.640612 0.0201731 9.9973E-05 9.9973E-05 0.155069 0.0251538 0.0621878 0.0388407 0.0576638
9.9982E-05 0.52168 9.9982E-05 0.201322 0.0676006 0.0473442 0.0354054 0.0863818 0.00969114 0.0303748
9.9964E-05 0.66072 9.9964E-05 0.09059 0.027361 0.208625 9.9964E-05 9.9964E-05 0.0059323 0.00637158
0.0150911 0.825418 9.9946E-05 9.9946E-05 0.113321 9.9946E-05 9.9946E-05 9.9946E-05 0.0455703 9.9946E-05
9.9973E-05 0.689846 0.046366 9.9973E-05 0.0600954 0.0217177 0.0606823 9.9973E-05 0.10125 0.0197433
9.9964E-05 0.811736 9.9964E-05 0.0147929 0.00337644 9.9964E-05 0.0347166 9.9964E-05 0.120105 0.014873
9.9955E-05 0.741176 0.0379771 0.12594 9.9955E-05 9.9955E-05 0.0121506 0.0822567 9.9955E-05 9.9955E-05
0.0607082 0.700818 9.9982E-05 0.0259574 0.0422202 0.0205488 0.0275663 9.9982E-05 0.0667638 0.0552177
0.0473764 0.616772 0.0391659 9.9982E-05 0.0667645 0.0413576 0.0357455 0.0826917 0.0699261 9.9982E-05
0.0300677 0.611465 9.9991E-05 0.0828779 0.0569075 0.0218315 0.00415922 0.111336 0.0138325 0.0674225
0.144556 0.666762 9.9973E-05 9.9973E-05 0.0108971 0.0277898 9.9973E-05 0.0548586 0.065526 0.0293109
0.102949 0.811893 9.9964E-05 9.9964E-05 9.9964E-05 0.0165554 0.00631538 9.9964E-05 0.0573198 0.00456816
0.0541109 0.784637 9.9964E-05 9.9964E-05 9.9964E-05 0.135334 0.0125707 0.00458751 9.9964E-05 0.00835954
9.99201E-05 9.99201E-05 9.99201E-05 9.99201E-05 9.99201E-05 9.99201E-05 9.99201E-05 9.99201E-05 0.999101 9.99201E-05
9.9946E-05 9.9946E-05 0.0114143 0.00391636 9.9946E-05 9.9946E-05 9.9946E-05 0.0133305 0.970739 9.9946E-05
9.99201E-05 9.99201E-05 9.99201E-05 9.99201E-05 9.99201E-05 9.99201E-05 9.99201E-05 9.99201E-05 0.999101 9.99201E-05
9.99201E-05 9.99201E-05 9.99201E-05 9.99201E-05 9.99201E-05 9.99201E-05 9.99201E-05 9.99201E-05 0.999101 9.99201E-05
9.99201E-05 9.99201E-05 9.99201E-05 9.99201E-05 9.99201E-05 9.99201E-05 9.99201E-05 9.99201E-05 0.999101 9.99201E-05
9.99201E-05 9.99201E-05 9.99201E-05 9.99201E-05 9.99201E-05 9.99201E-05 9.99201E-05 9.99201E-05 0.999101 9.99201E-05
9.9937E-05 9.9937E-05 9.9937E-05 9.9937E-05 9.9937E-05 0.0331803 9.9937E-05 9.9937E-05 0.959844 0.0062762
9.99201E-05 9.99201E-05 9.99201E-05 9.99201E-05 9.99201E-05 9.99201E-05 9.99201E-05 9.99201E-05 0.999101 9.99201E-05
9.99201E-05 9.99201E-05 9.99201E-05 9.99201E-05 9.99201E-05 9.99201E-05 9.99201E-05 9.99201E-05 0.999101 9.99201E-05
9.9955E-05 0.760584 0.0167673 9.9955E-05 9.9955E-05 9.9955E-05 0.0266721 9.9955E-05 0.189855 0.00562151
0.374373 0.596264 9.99371E-05 9.99371E-05 9.99371E-05 9.99371E-05 9.99371E-05 9.99371E-05 0.0286637 9.99371E-05
9.9982E-05 0.751556 0.0239042 0.0386144 9.9982E-05 0.00352023 0.0705306 0.00635163 0.0754416 0.0298815
0.189123 0.69081 0.00515936 9.9964E-05 0.0327497 0.000522579 0.0812351 9.9964E-05 9.9964E-05 9.9964E-05
0.0378409 0.783031 9.9955E-05 0.0430863 0.0904881 9.9955E-05 9.9955E-05 9.9955E-05 0.0450534 9.9955E-05
9.9964E-05 0.797568 9.9964E-05 0.0359896 9.9964E-05 0.051501 0.0106681 9.9964E-05 0.00278598 0.101087
9.9982E-05 0.566255 0.0667441 0.0688778 9.9982E-05 0.0509548 0.0978526 0.0218542 0.0308707 0.0963912
9.99201E-05 0.999101 9.99201E-05 9.99201E-05 9.99201E-05 9.99201E-05 9.99201E-05 9.99201E-05 9.99201E-05 9.99201E-05
9.9955E-05 0.881153 0.00335131 0.0309414 9.9955E-05 0.045251 9.9955E-05 0.0388038 9.9955E-05 9.9955E-05
0.341314 0.618648 9.9946E-05 9.9946E-05 9.9946E-05 9.9946E-05 0.00370978 9.9946E-05 0.0357289 9.9946E-05
9.9955E-05 0.889227 0.0077745 0.0305662 9.9955E-05 0.020509 9.9955E-05 0.0514231 9.9955E-05 9.9955E-05
9.9955E-05 0.808002 9.9955E-05 0.0121962 9.9955E-05 0.0232253 9.9955E-05 0.117571 0.0385057 9.9955E-05
9.9955E-05 0.849978 0.00750551 9.9955E-05 9.9955E-05 0.0200083 9.9955E-05 0.0772868 0.0447213 9.9955E-05
0.0114927 0.830921 0.0255572 9.9964E-05 0.000359484 9.9964E-05 9.9964E-05 0.101027 0.0302432 9.9964E-05
0.0584935 0.863508 0.0191204 9.9955E-05 9.9955E-05 0.00607034 0.0523085 9.9955E-05 9.9955E-05 9.9955E-05
0.0580904 0.751007 9.9955E-05 9.9955E-05 0.0387314 9.9955E-05 9.9955E-05 0.0826563 0.0690153 9.9955E-05
9.9937E-05 0.903431 9.9937E-05 9.9937E-05 9.9937E-05 9.9937E-05 9.9937E-05 9.9937E-05 0.00997217 0.0858977
0.11945 0.709324 9.9973E-05 0.0504341 0.0283204 0.000934145 0.0124802 9.9973E-05 0.0787573 9.9973E-05
0.0654385 0.706229 9.9973E-05 0.0639781 0.0351449 0.0105502 0.0599655 9.9973E-05 0.0583942 9.9973E-05
0.0712859 0.658609 9.9973E-05 0.135228 0.0107827 0.0371107 9.9973E-05 0.00763434 0.0790494 9.9973E-05
0.0925986 0.680893 9.9964E-05 0.0975478 0.0338812 9.9964E-05 0.0387287 9.9964E-05 0.0559511 9.9964E-05
0.0323519 0.722343 9.9964E-05 0.0289665 0.0624163 0.00864954 9.9964E-05 9.9964E-05 0.144873 9.9964E-05
0.0705035 0.661453 9.9955E-05 9.9955E-05 0.0377564 9.9955E-05 0.0945652 9.9955E-05 0.135222 9.9955E-05
0.0894215 0.706869 0.0261936 9.9973E-05 0.0668847 9.9973E-05 0.0281785 9.9973E-05 0.0462361 0.0359166
9.99281E-05 0.896673 9.99281E-05 9.99281E-05 9.99281E-05 9.99281E-05 9.99281E-05 9.99281E-05 0.102528 9.99281E-05
0.04451 0.830395 9.9964E-05 0.00373706 0.0114746 9.9964E-05 9.9964E-05 0.000639726 0.108843 9.9964E-05
9.9955E-05 0.798374 0.04686 9.9955E-05 0.0875334 0.0129407 9.9955E-05 9.9955E-05 0.053792 9.9955E-05
0.051123 0.685491 0.0484981 0.0168919 9.9991E-05 0.0431748 0.0443767 0.00786208 0.0975363 0.00494606
0.138475 0.764282 9.9946E-05 9.9946E-05 0.0224821 9.9946E-05 9.9946E-05 9.9946E-05 0.0741621 9.9946E-05
9.99371E-05 0.840085 9.99371E-05 9.99371E-05 0.0634374 9.99371E-05 9.99371E-05 9.99371E-05 0.0957785 9.99371E-05
0.236201 0.63901 9.9964E-05 0.0358566 0.037684 9.9964E-05 0.00629063 9.9964E-05 0.0445582 9.9964E-05
9.9964E-05 0.810689 0.00190098 0.0171101 9.9964E-05 9.9964E-05 0.0441795 0.0476531 0.078067 9.9964E-05
9.9955E-05 0.78817 9.9955E-05 0.0229452 9.9955E-05 9.9955E-05 0.0213293 0.0874465 0.0796088 9.9955E-05
0.0292438 0.649563 0.00172737 9.9982E-05 0.030127 0.0469654 0.0293282 9.9982E-05 0.115086 0.0977588
0.0252085 0.683029 0.00196522 9.9982E-05 0.0604357 0.035404 0.00263555 9.9982E-05 0.108547 0.0825745
0.0545644 0.653195 0.0497583 9.9973E-05 9.9973E-05 0.0451332 9.9973E-05 0.110369 0.052133 0.0345472
9.9964E-05 0.809077 0.0469904 9.9964E-05 9.9964E-05 0.00244472 0.0201177 9.9964E-05 0.0629355 0.0580348
0.00075834 0.878746 0.0515399 9.9955E-05 9.9955E-05 9.9955E-05 0.0415967 9.9955E-05 0.026859 9.9955E-05
9.9955E-05 0.814541 0.0268819 9.9955E-05 0.0181702 9.9955E-05 9.9955E-05 0.0760112 0.0638964 9.9955E-05
9.9955E-05 0.813519 0.0781105 9.9955E-05 0.0440643 9.9955E-05 9.9955E-05 9.9955E-05 0.0517563 0.0120497
9.9973E-05 0.749563 9.9973E-05 0.0643541 0.00828183 0.00138946 9.9973E-05 0.0518613 0.0747754 0.0494755
0.0604559 0.666474 9.9982E-05 0.00200113 9.9982E-05 0.0303377 0.0819122 0.0244751 0.0784734 0.0556704
0.0123003 0.638257 0.0759814 0.0594876 0.00388519 0.00982821 0.0830077 0.0303496 0.00760714 0.0792962
0.0590137 0.808196 9.9982E-05 0.111188 0.00625247 0.00665618 0.00621208 0.00113456 9.9982E-05 0.00114635
0.0213918 0.627434 0.12333 0.0934751 0.0584774 9.9982E-05 0.0635123 0.00390472 9.9982E-05 0.00827484
9.9982E-05 0.569997 0.050178 0.14356 9.9982E-05 0.0109237 0.090569 0.00267103 0.0671895 0.064712
0.173991 0.656596 9.9955E-05 9.9955E-05 9.9955E-05 9.9955E-05 0.0436785 9.9955E-05 0.0988259 0.0264088
0.108623 0.82739 9.9946E-05 9.9946E-05 9.9946E-05 9.9946E-05 0.0203827 0.0430048 9.9946E-05 9.9946E-05
0.291424 0.445806 0.0452796 9.9982E-05 9.9982E-05 0.11277 0.0250653 0.0507542 0.0182939 0.0104078
0.0197461 0.587341 0.188167 9.9991E-05 0.0195637 0.0572338 0.0763899 0.0421206 0.0048935 0.00444484
0.221545 0.511555 0.0058378 9.9964E-05 9.9964E-05 0.132218 0.0423741 0.0860706 9.9964E-05 9.9964E-05
9.9964E-05 0.772794 0.0346548 0.0407864 9.9964E-05 0.0799157 0.0593026 9.9964E-05 0.0121467 9.9964E-05
0.161013 0.634139 0.0082856 0.106896 9.9973E-05 0.0374199 0.0491065 9.9973E-05 9.9973E-05 0.00284012
0.287793 0.551785 9.9946E-05 9.9946E-05 9.9946E-05 0.029555 9.9946E-05 9.9946E-05 0.130268 9.9946E-05
0.107234 0.743603 9.9964E-05 0.0393013 0.00504982 9.9964E-05 0.0525469 9.9964E-05 0.051865 9.9964E-05
0.0703116 0.657242 9.9964E-05 0.1334 0.0219921 9.9964E-05 9.9964E-05 0.088463 9.9964E-05 0.0281915
0.182694 0.526081 0.0854445 0.0300159 0.0690657 9.9982E-05 0.0222395 0.011903 0.0723571 9.9982E-05
0.241687 0.5527 0.0435955 0.0807264 0.0396948 0.0302588 9.9973E-05 9.9973E-05 0.0110377 9.9973E-05
9.9973E-05 0.483443 0.0711681 0.142881 9.9973E-05 0.0401692 0.0903996 9.9973E-05 0.0677205 0.103918
0.289082 0.525731 0.0257349 0.0573158 0.0472873 0.0302695 9.9973E-05 9.9973E-05 0.0242799 9.9973E-05
0.224518 0.659352 9.9955E-05 9.9955E-05 9.9955E-05 0.0013331 0.0119087 9.9955E-05 0.102388 9.9955E-05
0.0788348 0.698675 0.0584057 0.00497253 9.9964E-05 0.146739 9.9964E-05 9.9964E-05 0.0119728 9.9964E-05
0.157156 0.65372 9.9964E-05 0.00874614 9.9964E-05 0.14509 9.9964E-05 9.9964E-05 0.0183146 0.0165738
0.177026 0.66025 0.0403371 9.99651E-05 0.0300176 9.99651E-05 9.99651E-05 0.0307304 9.99651E-05 0.0612395
0.177108 0.667751 0.0481772 9.9964E-05 9.9964E-05 0.0303559 9.9964E-05 0.0447065 9.9964E-05 0.0315011
0.203998 0.470041 9.9964E-05 9.9964E-05 9.9964E-05 0.205997 9.9964E-05 0.0474449 0.0717711 0.000348151
0.0182047 0.667584 0.0949479 0.0820676 9.9982E-05 0.061779 0.0102732 0.0409886 0.0239544 9.9982E-05
0.147148 0.588774 9.9964E-05 9.9964E-05 9.9964E-05 0.145464 9.9964E-05 0.0332255 0.0666458 0.0183422
0.157142 0.744244 0.0131912 9.9964E-05 9.9964E-05 0.0328539 9.9964E-05 9.9964E-05 0.0303127 0.0218566
0.0774343 0.547816 0.0763847 0.0613884 9.9991E-05 0.10993 0.0314232 0.00254671 0.0219567 0.0710203
0.131788 0.515269 9.9991E-05 0.0177704 0.00772724 0.116933 0.071636 0.0161786 0.0378537 0.084744
0.223332 0.475818 9.9973E-05 9.9973E-05 9.9973E-05 0.0767169 0.0133584 0.0572887 0.0392345 0.113952
0.101118 0.757935 9.9964E-05 9.9964E-05 0.0102681 0.0927386 9.9964E-05 0.00484725 9.9964E-05 0.0326932
0.167516 0.578219 9.9964E-05 9.9964E-05 9.9964E-05 0.0802086 0.0142358 9.9964E-05 0.0835915 0.0758291
0.0217762 0.741064 0.0563512 0.0738186 0.00113652 9.9982E-05 0.01543 0.0408315 9.9982E-05 0.0493915
0.100957 0.770276 9.9973E-05 0.0210982 9.9973E-05 0.0023692 0.0219802 9.9973E-05 0.0349222 0.0480973
0.200565 0.68743 9.9964E-05 9.9964E-05 0.0259704 0.0141814 0.0199823 9.9964E-05 0.0514717 9.9964E-05
9.9973E-05 0.745334 0.0107435 9.9973E-05 0.016935 0.109696 9.9973E-05 0.0171083 0.0281798 0.0717042
0.0340744 0.79073 0.0713676 9.9964E-05 9.9964E-05 0.0468827 9.9964E-05 9.9964E-05 0.000944312 0.0556014
9.9955E-05 0.893963 9.9955E-05 9.9955E-05 0.037083 9.9955E-05 0.0377504 9.9955E-05 0.00972893 0.020975
0.159806 0.762408 9.9937E-05 9.9937E-05 9.9937E-05 9.9937E-05 9.9937E-05 9.9937E-05 0.0770864 9.9937E-05
9.9982E-05 0.740608 9.9982E-05 0.0170125 0.0519629 0.0337948 0.0139447 0.0633498 0.0162761 0.0628511
0.170241 0.685938 9.9955E-05 9.9955E-05 0.0525528 9.9955E-05 9.9955E-05 9.9955E-05 0.0710608 0.0197077
0.0123826 0.733071 9.9973E-05 0.108793 0.0394191 9.9973E-05 9.9973E-05 0.10169 0.00374289 0.000601072
9.9964E-05 0.654516 0.0757154 0.0552758 9.9964E-05 0.109851 9.9964E-05 0.0785175 0.0257243 9.9964E-05
0.219429 0.69525 9.9955E-05 0.0330912 9.9955E-05 9.9955E-05 0.0406745 0.0110554 9.9955E-05 9.9955E-05
0.069095 0.707545 9.9964E-05 0.0384144 9.9964E-05 0.102332 9.9964E-05 9.9964E-05 0.0557662 0.0264479
0.0268847 0.772751 9.9964E-05 9.9964E-05 9.9964E-05 0.0144839 0.0532516 0.104168 0.0280612 9.9964E-05
9.9964E-05 0.726011 0.0785668 0.079498 9.9964E-05 0.000603621 0.0597276 0.0551931 9.9964E-05 9.9964E-05
9.9973E-05 0.697654 0.0659657 9.9973E-05 0.0688244 0.0255485 0.0410857 9.9973E-05 0.0478465 0.0527748
0.125697 0.782081 9.9946E-05 9.9946E-05 9.9946E-05 0.0258389 9.9946E-05 9.9946E-05 0.0657832 9.9946E-05
0.0699368 0.59465 9.9982E-05 0.0966618 0.0648039 0.110997 9.9982E-05 0.00658489 0.037488 0.0186777
0.127348 0.682568 9.9973E-05 0.0583718 0.0453906 0.0367417 9.9973E-05 0.0109543 9.9973E-05 0.0383253
0.181451 0.382622 0.0491796 0.0516378 0.0214198 0.138835 0.0428462 9.9991E-05 0.0674163 0.0644929
0.401865 0.417822 0.0172757 9.9982E-05 9.9982E-05 0.0269738 0.0382634 0.040459 0.0341731 0.0229685
0.099957 0.504428 0.10261 0.031322 9.9991E-05 0.0602914 0.0416853 0.0969703 0.0331029 0.0295329
0.380174 0.33302 9.9964E-05 9.9964E-05 0.117719 0.0245058 0.045301 9.9964E-05 0.0988807 9.9964E-05
9.9937E-05 9.9937E-05 9.9937E-05 0.0404463 0.0113336 0.947521 9.9937E-05 9.9937E-05 9.9937E-05 9.9937E-05
9.99201E-05 9.99201E-05 9.99201E-05 9.99201E-05 9.99201E-05 0.999101 9.99201E-05 9.99201E-05 9.99201E-05 9.99201E-05
9.9928E-05 9.9928E-05 9.9928E-05 0.00756715 9.9928E-05 0.991633 9.9928E-05 9.9928E-05 9.9928E-05 9.9928E-05
9.99201E-05 9.99201E-05 9.99201E-05 9.99201E-05 9.99201E-05 0.999101 9.99201E-05 9.99201E-05 9.99201E-05 9.99201E-05
0.0275655 0.001402 0.0836772 9.9991E-05 0.027155 0.743324 0.0342478 0.0614008 0.0182328 0.00289477
9.99201E-05 9.99201E-05 9.99201E-05 9.99201E-05 9.99201E-05 0.999101 9.99201E-05 9.99201E-05 9.99201E-05 9.99201E-05
9.99201E-05 9.99201E-05 9.99201E-05 9.99201E-05 9.99201E-05 0.999101 9.99201E-05 9.99201E-05 9.99201E-05 9.99201E-05
9.9928E-05 9.9928E-05 9.9928E-05 9.9928E-05 9.9928E-05 0.995231 0.00396973 9.9928E-05 9.9928E-05 9.9928E-05
9.99201E-05 9.99201E-05 9.99201E-05 9.99201E-05 9.99201E-05 0.999101 9.99201E-05 9.99201E-05 9.99201E-05 9.99201E-05
9.99201E-05 9.99201E-05 9.99201E-05 9.99201E-05 9.99201E-05 0.999101 9.99201E-05 9.99201E-05 9.99201E-05 9.99201E-05
9.99201E-05 9.99201E-05 9.99201E-05 9.99201E-05 9.99201E-05 0.999101 9.99201E-05 9.99201E-05 9.99201E-05 9.99201E-05
9.99201E-05 9.99201E-05 9.99201E-05 9.99201E-05 9.99201E-05 0.999101 9.99201E-05 9.99201E-05 9.99201E-05 9.99201E-05
9.9928E-05 9.9928E-05 9.9928E-05 9.9928E-05 9.9928E-05 0.98742 9.9928E-05 0.0117803 9.9928E-05 9.9928E-05
9.9937E-05 9.9937E-05 9.9937E-05 0.00876293 9.9937E-05 0.988658 9.9937E-05 9.9937E-05 9.9937E-05 0.00187953
9.99201E-05 9.99201E-05 9.99201E-05 9.99201E-05 9.99201E-05 0.999101 9.99201E-05 9.99201E-05 9.99201E-05 9.99201E-05
0.172369 0.197651 0.0253636 0.00855338 0.0289479 0.559075 9.9973E-05 9.9973E-05 0.0077404 9.9973E-05
9.9937E-05 9.9937E-05 0.0145628 0.0208041 9.9937E-05 0.963934 9.9937E-05 9.9937E-05 9.9937E-05 9.9937E-05
9.99201E-05 9.99201E-05 9.99201E-05 9.99201E-05 9.99201E-05 0.999101 9.99201E-05 9.99201E-05 9.99201E-05 9.99201E-05
0.366724 0.225155 0.129072 9.9964E-05 9.9964E-05 0.158371 9.9964E-05 0.0740813 9.9964E-05 0.0461968
0.185293 0.386672 0.0754681 9.9982E-05 0.0880133 0.0826467 9.9982E-05 0.0994858 0.00305625 0.0791656
0.275846 0.381617 0.0613698 9.9982E-05 0.0774199 0.0722404 9.9982E-05 0.0587333 0.00131038 0.0712639
0.238748 0.372569 0.0694741 9.9982E-05 0.0358675 0.147377 0.0665949 0.0488332 9.9982E-05 0.0203358
0.284203 0.325209 0.0352669 9.9973E-05 0.0726166 0.11502 9.9973E-05 0.0581357 9.9973E-05 0.109249
0.425878 0.496807 0.0125237 9.9964E-05 9.9964E-05 0.0503718 0.0111859 9.9964E-05 9.9964E-05 0.00283352
0.237973 0.297087 0.135223 9.9973E-05 9.9973E-05 0.126335 9.9973E-05 0.057023 0.0343744 0.111684
0.211372 0.390023 0.0762257 9.9982E-05 0.0682052 0.101838 9.9982E-05 0.0740373 0.00175389 0.0763458
0.306777 0.332295 0.113223 9.9991E-05 0.0371104 0.120513 0.0378548 0.00832861 0.0170599 0.0267384
0.313095 0.279518 0.0585959 0.0243724 0.106779 0.0879905 0.0386895 0.0734309 0.0174283 9.9991E-05
0.495572 0.253991 9.9982E-05 9.9982E-05 0.0662441 0.0346216 0.0380007 0.00170267 0.0261354 0.083533
0.552977 0.305759 9.9964E-05 9.9964E-05 0.0265139 9.9964E-05 0.00465591 9.9964E-05 0.00735512 0.102339
0.23127 0.236885 0.156268 9.9973E-05 9.9973E-05 0.237186 9.9973E-05 0.025109 0.025525 0.0874572
0.326387 0.32264 0.0829219 9.9982E-05 0.0451203 0.0687081 0.039414 0.0638056 9.9982E-05 0.0508031
0.301382 0.256148 0.00442729 0.148189 0.047136 0.130158 0.0377746 0.0460175 0.0132637 0.0155039
0.237008 0.374782 0.0689695 9.9991E-05 0.0654918 0.0679728 0.0144614 0.0742784 0.0190116 0.0779247
0.223049 0.284022 0.115466 0.0219059 9.9982E-05 0.117327 0.0274805 0.123361 9.9982E-05 0.0871888
0.220731 0.262123 0.0367068 0.0855713 0.0411056 0.0580308 0.0687314 0.113127 0.0359991 0.0778746
0.568892 0.235184 0.00706865 0.0685671 9.9973E-05 0.0897588 9.9973E-05 0.0256708 0.00455891 9.9973E-05
0.194342 0.329692 0.0117469 0.114224 0.0668894 0.158013 0.0784775 0.0464152 9.9982E-05 9.9982E-05
0.565539 0.17067 0.104727 0.0100904 9.9991E-05 0.0587549 0.00982357 0.0438128 0.0128749 0.0236077
0.644092 0.280223 9.9964E-05 0.0357341 9.9964E-05 0.0047558 9.9964E-05 0.0227069 9.9964E-05 0.0120889
0.330584 0.156213 0.142998 9.9982E-05 9.9982E-05 0.19615 0.0236993 0.0852571 0.0431767 0.0217228
0.345197 0.151569 0.143902 9.9982E-05 0.024772 0.19291 0.0832995 0.0551232 0.00302749 9.9982E-05
0.639684 0.112405 9.9964E-05 9.9964E-05 0.0298175 0.137198 9.9964E-05 0.0348745 9.9964E-05 0.0456205
0.487197 0.201859 0.110907 9.9973E-05 9.9973E-05 0.0857914 0.0743343 0.00290858 9.9973E-05 0.0367025
0.273642 0.333946 0.034974 9.9982E-05 0.0806125 0.19123 0.0312774 0.0275236 0.0265953 9.9982E-05
0.521875 0.172044 0.0893427 9.9973E-05 0.00776978 0.173841 0.0267361 0.00809152 9.9973E-05 9.9973E-05
0.41633 0.344405 0.0689341 9.9964E-05 0.0691503 0.0737263 9.9964E-05 9.9964E-05 9.9964E-05 0.0270544
0.601433 0.167056 0.0119215 9.9964E-05 9.9964E-05 0.169523 0.0481254 9.9964E-05 0.00154195 9.9964E-05
0.488305 0.314789 0.0950522 9.9964E-05 9.9964E-05 0.0398296 9.9964E-05 0.0498412 0.0117836 9.9964E-05
0.438836 0.227786 0.102608 9.9955E-05 9.9955E-05 0.117824 9.9955E-05 0.112446 9.9955E-05 9.9955E-05
0.732241 0.106433 0.0666793 9.9964E-05 0.00889077 9.9964E-05 9.9964E-05 0.00888314 0.0764732 9.9964E-05
0.542831 0.164805 0.0377587 9.9973E-05 9.9973E-05 0.110369 9.9973E-05 0.0429034 0.034168 0.0668654
0.545386 0.182364 0.0465961 9.9973E-05 9.9973E-05 0.133378 0.0450007 0.0185544 9.9973E-05 0.0284214
0.535463 0.173763 9.9973E-05 0.0421061 0.0877162 0.0949068 0.0607372 9.9973E-05 9.9973E-05 0.00500833
0.47559 0.279169 0.083843 9.9973E-05 9.9973E-05 0.0942044 9.9973E-05 0.0482044 0.0185665 0.000123145
0.754337 0.123081 0.0330566 9.9955E-05 9.9955E-05 0.0242223 9.9955E-05 9.9955E-05 9.9955E-05 0.0648035
0.495952 0.15236 0.11741 9.9955E-05 9.9955E-05 0.184256 9.9955E-05 9.9955E-05 9.9955E-05 0.0495226
0.611702 0.202573 0.0677993 0.00120093 9.9964E-05 0.104566 9.9964E-05 9.9964E-05 9.9964E-05 0.0117586
0.539918 0.14985 0.108741 9.9955E-05 9.9955E-05 0.153563 9.9955E-05 9.9955E-05 9.9955E-05 0.0474287
0.326878 0.351831 0.0469063 9.9991E-05 0.0376268 0.130704 0.0636464 0.0188024 0.00665161 0.0168542
0.503067 0.107883 0.0684377 9.9973E-05 0.0191568 0.157729 0.102517 9.9973E-05 9.9973E-05 0.0409103
0.484253 0.120972 0.0584207 0.0131612 9.9973E-05 0.185023 0.101244 9.9973E-05 9.9973E-05 0.0366265
0.43303 0.134897 0.106831 0.0209721 9.9973E-05 0.198216 0.0982434 9.9973E-05 9.9973E-05 0.0075096
0.784904 0.063393 9.9946E-05 9.9946E-05 0.0385337 0.11257 9.9946E-05 9.9946E-05 9.9946E-05 9.9946E-05
0.690463 0.0633211 0.0306681 9.9964E-05 0.0156272 0.161189 9.9964E-05 0.0383318 9.9964E-05 9.9964E-05
0.393091 0.098208 0.104509 0.0260145 9.9973E-05 0.213981 0.138049 9.9973E-05 9.9973E-05 0.0258477
0.367214 0.139394 0.0827679 0.0430191 0.010688 0.2105 0.090256 0.0240971 9.9991E-05 0.0319639
0.58738 0.187844 9.9964E-05 9.9964E-05 9.9964E-05 0.044817 0.0922618 9.9964E-05 0.0283693 0.0589289
0.482965 0.215076 0.0279007 0.0309765 9.9973E-05 0.114498 0.0561367 9.9973E-05 9.9973E-05 0.0721467
0.470422 0.374789 0.0376662 9.9973E-05 0.0341258 0.0517914 0.0290576 9.9973E-05 9.9973E-05 0.00184811
0.542696 0.253012 0.0908891 9.9964E-05 9.9964E-05 0.103734 0.00240171 0.00686666 9.9964E-05 9.9964E-05
0.64269 0.221419 0.0502306 9.9964E-05 0.00194219 0.0685185 9.9964E-05 9.9964E-05 9.9964E-05 0.0147996
0.36324 0.229547 0.103077 9.9982E-05 9.9982E-05 0.215326 0.0291662 0.0267797 0.00569045 0.0269738
0.504781 0.156049 9.9973E-05 0.0483078 9.9973E-05 0.0756833 0.0536211 9.9973E-05 0.0648498 0.0964075
0.468653 0.239189 0.0503264 9.9973E-05 0.0108263 0.100158 9.9973E-05 0.106032 9.9973E-05 0.0245157
0.523066 0.19844 0.116495 9.9964E-05 0.0954429 0.0226158 0.0435402 9.9964E-05 9.9964E-05 9.9964E-05
0.496043 0.162443 0.125026 9.9973E-05 0.0724929 0.0330272 0.0779025 9.9973E-05 9.9973E-05 0.0327659
0.371779 0.253282 0.0958393 9.9982E-05 0.0218068 0.0823453 0.0674857 0.0620108 9.9982E-05 0.0452513
0.429767 0.351404 0.106547 9.9964E-05 9.9964E-05 0.050863 9.9964E-05 0.0105175 9.9964E-05 0.0505013
0.412992 0.289627 0.130187 9.9982E-05 9.9982E-05 0.0837159 0.0131913 0.0117506 0.00791978 0.0504162
0.359951 0.168253 0.176592 9.9973E-05 0.0381602 0.156555 0.0911549 9.9973E-05 0.00903334 9.9973E-05
0.310368 0.196352 0.173191 9.9964E-05 9.9964E-05 0.223016 0.0803203 9.9964E-05 0.0163527 9.9964E-05
0.365394 0.202985 0.135034 9.9973E-05 0.0208906 0.180939 0.088872 9.9973E-05 0.00558554 9.9973E-05
0.22906 0.27532 0.0692682 0.103101 9.9982E-05 0.175615 9.9982E-05 0.0990049 0.00164793 0.0467837
0.440446 0.254457 0.0313661 0.0533778 0.0454842 0.0887718 0.000870453 9.9982E-05 9.9982E-05 0.0850266
0.445259 0.19446 0.0335984 0.0631354 9.9982E-05 0.102053 0.0383501 0.0970586 9.9982E-05 0.0258845
0.427291 0.16336 0.0647948 0.0214997 9.9982E-05 0.12915 0.0824797 0.0361502 9.9982E-05 0.0750752
0.55577 0.166411 0.00771258 0.0543948 0.0283754 0.0537375 0.0928592 9.9991E-05 0.0075422 0.0330978
0.434786 0.303242 0.0182567 9.9982E-05 9.9982E-05 0.114951 0.0388797 0.0162516 0.0372801 0.0361518
0.424279 0.162697 0.163918 9.9973E-05 0.0631704 0.0453272 0.0358017 0.104507 9.9973E-05 9.9973E-05
0.584532 0.212364 0.044275 9.9973E-05 0.00923852 0.0608361 9.9973E-05 0.0589024 9.9973E-05 0.029552
0.541131 0.141158 0.0802755 9.9964E-05 9.9964E-05 0.00344008 0.165327 9.9964E-05 9.9964E-05 0.0682683
0.207526 0.289988 0.165428 0.121075 0.0360416 0.0645718 0.0247547 0.0506347 9.9991E-05 0.0398809
0.793597 0.128102 9.9937E-05 9.9937E-05 9.9937E-05 9.9937E-05 9.9937E-05 0.0776014 9.9937E-05 9.9937E-05
0.842257 0.0691648 9.9955E-05 0.0177353 9.9955E-05 0.0053158 9.9955E-05 0.0650271 9.9955E-05 9.9955E-05
0.775965 0.0659422 0.0154129 0.0255104 9.9964E-05 0.0344303 9.9964E-05 0.082339 9.9964E-05 9.9964E-05
0.798102 0.0644889 0.029253 0.0441766 0.00604124 0.0118885 9.9973E-05 0.0457498 9.9973E-05 9.9973E-05
0.828544 0.048573 9.9946E-05 0.0647731 9.9946E-05 9.9946E-05 9.9946E-05 0.0575105 9.9946E-05 9.9946E-05
0.872945 0.0757946 9.9946E-05 9.9946E-05 9.9946E-05 0.00296389 9.9946E-05 0.0476965 9.9946E-05 9.9946E-05
0.504638 0.0847866 0.114144 0.0527371 9.9982E-05 0.0682416 0.0745434 0.0441871 9.9982E-05 0.0565226
0.838506 0.0626335 9.9955E-05 0.0134769 9.9955E-05 0.0292744 9.9955E-05 0.0556097 9.9955E-05 9.9955E-05
0.739179 0.062914 0.0234524 9.9964E-05 9.9964E-05 0.0493919 0.0865792 9.9964E-05 9.9964E-05 0.038084
0.670212 0.0124515 9.9973E-05 0.0848349 9.9973E-05 0.0724105 0.0523207 9.9973E-05 0.062628 0.0448429
0.496057 0.0483074 0.0800437 9.9973E-05 9.9973E-05 0.0869894 0.156065 0.0453536 9.9973E-05 0.0868848
0.461203 0.0491613 0.14709 9.9973E-05 9.9973E-05 0.0953363 0.13881 0.0247187 9.9973E-05 0.0833804
0.711815 0.11181 0.029695 0.082433 9.9973E-05 0.00662048 0.039974 9.9973E-05 0.0173523 9.9973E-05
0.685917 0.102673 0.0301769 9.9973E-05 9.9973E-05 0.0546452 0.0821224 0.0290596 9.9973E-05 0.0151067
0.667079 0.115097 0.024008 9.9982E-05 0.00200514 0.0295738 0.0484498 0.0645088 9.9982E-05 0.0490786
0.665446 0.115216 0.012034 0.0400115 9.9982E-05 0.029803 0.056946 0.0439714 9.9982E-05 0.0363714
0.68904 0.0831168 0.0249471 9.9973E-05 9.9973E-05 0.0664073 0.0769262 0.0348598 9.9973E-05 0.0244031
0.865508 0.0904119 9.9955E-05 0.00664875 9.9955E-05 0.0170139 9.9955E-05 9.9955E-05 9.9955E-05 0.019918
0.861825 0.0875748 9.9946E-05 9.9946E-05 9.9946E-05 0.0405971 9.9946E-05 9.9946E-05 0.00940315 9.9946E-05
0.82106 0.160438 9.99371E-05 9.99371E-05 9.99371E-05 0.0178017 9.99371E-05 9.99371E-05 9.99371E-05 9.99371E-05
0.660978 0.040171 0.0254759 0.0516682 0.0190081 0.0363219 0.0850206 0.0185102 0.0467141 0.016132
0.836726 9.9964E-05 0.000714832 0.0248983 9.9964E-05 0.0428038 0.0693287 9.9964E-05 0.025128 9.9964E-05
0.828878 0.0154719 0.0291619 0.0138813 0.00395795 0.0276511 0.0662004 9.9982E-05 0.0145978 9.9982E-05
0.802709 0.0286164 0.0515861 9.9973E-05 0.0516771 0.0245622 0.0262386 9.9973E-05 0.0143105 9.9973E-05
0.821541 0.00998286 0.0481859 0.0090239 0.00946947 0.00983902 0.0508327 9.9991E-05 0.0124999 0.0285256
0.845953 9.9955E-05 9.9955E-05 9.9955E-05 0.0254255 0.0387771 0.0652288 9.9955E-05 0.0241155 9.9955E-05
0.436408 0.275838 9.9982E-05 9.9982E-05 0.0991516 0.0868873 0.0530051 0.0187715 0.0154646 0.014274
0.621068 0.222187 9.9946E-05 9.9946E-05 0.0308455 0.1253 9.9946E-05 9.9946E-05 9.9946E-05 9.9946E-05
0.716117 0.0653139 9.9973E-05 0.0523605 9.9973E-05 0.0599705 0.0369792 0.0177145 9.9973E-05 0.0512448
0.695688 0.0405445 0.0653081 0.00826925 0.0367228 0.00159473 9.9991E-05 0.0662794 0.0191695 0.0663239
0.806242 0.0237162 0.0146214 0.0297316 9.9964E-05 9.9964E-05 0.0868769 9.9964E-05 0.0384116 9.9964E-05
0.86499 9.9973E-05 0.00487615 0.0230328 0.0197051 0.0141265 0.0573461 9.9973E-05 0.0156236 9.9973E-05
0.636293 0.186867 0.00289462 9.9982E-05 0.0769738 0.00713567 0.0129201 9.9982E-05 0.0580225 0.0186929
0.656336 0.156778 9.9946E-05 9.9946E-05 0.0882202 0.0980662 9.9946E-05 9.9946E-05 9.9946E-05 9.9946E-05
0.739423 0.161155 9.9946E-05 9.9946E-05 0.035932 0.06289 9.9946E-05 9.9946E-05 9.9946E-05 9.9946E-05
0.732727 0.0370326 0.0251625 0.0165732 0.0169589 0.0419375 0.0754786 0.0539301 9.9982E-05 9.9982E-05
0.574019 0.0903555 0.0351647 0.0164021 9.9991E-05 0.0576978 0.00464529 0.121167 0.00405524 0.0963928
0.561996 0.0888111 0.0801387 0.0368634 9.9991E-05 0.0527709 0.00386517 0.100609 0.0066783 0.0681671
0.817027 0.0846914 0.0507679 9.9955E-05 0.0249831 0.0220306 9.9955E-05 9.9955E-05 9.9955E-05 9.9955E-05
0.870218 9.9964E-05 0.0246254 9.9964E-05 0.000308594 0.0325187 0.0190864 9.9964E-05 9.9964E-05 0.0528431
0.87914 0.0147153 0.0689998 0.00188629 9.9964E-05 0.0282596 0.00659877 9.9964E-05 9.9964E-05 9.9964E-05
0.758917 9.9946E-05 9.9946E-05 0.113562 9.9946E-05 9.9946E-05 0.0470484 0.0798729 9.9946E-05 9.9946E-05
0.886101 9.9964E-05 9.9964E-05 0.0386279 9.9964E-05 0.00101714 0.0253514 0.0391052 0.00939734 9.9964E-05
0.898239 0.0262102 9.9946E-05 9.9946E-05 9.9946E-05 9.9946E-05 0.0632905 0.0116609 9.9946E-05 9.9946E-05
0.904637 9.9964E-05 9.9964E-05 0.0391391 0.0116315 9.9964E-05 0.000942316 0.038748 0.00450275 9.9964E-05
0.89056 9.9955E-05 9.9955E-05 0.0366144 9.9955E-05 9.9955E-05 0.00799855 0.0550249 0.00930234 9.9955E-05
0.914993 9.9946E-05 9.9946E-05 0.0216889 9.9946E-05 9.9946E-05 0.0186079 0.0441108 9.9946E-05 9.9946E-05
0.863577 0.00946145 0.00807556 9.9964E-05 0.0288248 0.0814498 0.00821126 9.9964E-05 9.9964E-05 9.9964E-05
0.813241 0.0155582 9.9964E-05 0.128698 9.9964E-05 9.9964E-05 0.00661122 0.00927795 0.0262135 9.9964E-05
0.888696 9.9964E-05 9.9964E-05 0.036094 0.00521644 9.9964E-05 0.0291117 0.033446 0.0070361 9.9964E-05
0.888098 9.9946E-05 9.9946E-05 0.0679985 9.9946E-05 9.9946E-05 9.9946E-05 0.0345758 0.00872812 9.9946E-05
0.861396 0.00840871 9.9955E-05 9.9955E-05 9.9955E-05 0.0825761 9.9955E-05 0.0276331 0.0194859 9.9955E-05
0.879442 9.9946E-05 9.9946E-05 9.9946E-05 9.9946E-05 0.0514322 9.9946E-05 0.0473299 0.0211967 9.9946E-05
0.875433 9.9946E-05 9.9946E-05 9.9946E-05 9.9946E-05 0.0377061 9.9946E-05 0.0623458 0.0239151 9.9946E-05
0.824034 0.0276794 9.9955E-05 9.9955E-05 9.9955E-05 0.0870059 9.9955E-05 0.0435344 0.017246 9.9955E-05
0.809641 0.02247 9.9964E-05 9.9964E-05 0.0626956 0.0558213 9.9964E-05 0.0205316 0.0284405 9.9964E-05
0.792418 0.0179942 9.9964E-05 9.9964E-05 0.0348061 0.0813211 9.9964E-05 0.0481315 0.0249294 9.9964E-05
0.830515 0.0390105 9.9964E-05 9.9964E-05 0.0260261 0.0674065 9.9964E-05 0.0261488 0.0104932 9.9964E-05
0.68103 0.0421782 0.0805604 0.0876265 0.0986893 9.9964E-05 9.9964E-05 9.9964E-05 9.9964E-05 0.00951547
0.856724 9.9955E-05 0.0391496 9.9955E-05 0.069861 0.00954342 9.9955E-05 9.9955E-05 9.9955E-05 0.0242219
0.793371 9.9955E-05 0.0373593 9.9955E-05 0.0903967 9.9955E-05 9.9955E-05 9.9955E-05 0.00290269 0.0754707
0.740122 9.9973E-05 0.0435904 0.0683886 0.0827493 9.9973E-05 0.0347429 9.9973E-05 0.00157316 0.0285342
0.739598 9.9973E-05 0.0765705 0.00950041 0.0963202 9.9973E-05 0.0203084 9.9973E-05 0.00810801 0.0492944
0.795385 9.9946E-05 0.0598055 9.9946E-05 0.0775557 9.9946E-05 9.9946E-05 9.9946E-05 9.9946E-05 0.0666538
0.850243 9.9946E-05 0.00391633 0.0640329 0.0812083 9.9946E-05 9.9946E-05 9.9946E-05 9.9946E-05 9.9946E-05
0.484586 0.0202732 0.133155 9.9991E-05 0.0891074 0.0376437 0.00267057 0.191075 0.00133954 0.0400489
0.507604 0.0235999 0.102853 0.000569863 0.085913 0.0442532 0.018294 0.156094 9.9991E-05 0.0607193
0.552643 0.0493186 0.0776546 0.00115256 0.0366051 0.0454299 9.9982E-05 0.178714 9.9982E-05 0.0582822
0.759391 9.9964E-05 9.9964E-05 0.069021 0.0236676 0.00584506 0.103793 9.9964E-05 9.9964E-05 0.0378825
0.753963 9.9964E-05 0.0821413 9.9964E-05 0.0693105 9.9964E-05 0.0344652 9.9964E-05 0.00469752 0.0550223
0.854515 9.9955E-05 0.0393203 0.0292297 0.0366283 9.9955E-05 9.9955E-05 9.9955E-05 9.9955E-05 0.0398068
0.626751 9.9964E-05 0.0802211 0.116728 0.115064 9.9964E-05 0.0100626 9.9964E-05 9.9964E-05 0.0507732
0.757489 0.0172117 0.0226641 0.0747664 0.019599 0.00682627 0.095877 9.9982E-05 9.9982E-05 0.00536645
0.694897 0.0215108 0.00679546 0.0604371 0.0673927 9.9973E-05 0.131705 9.9973E-05 0.0169621 9.9973E-05
0.832856 9.9955E-05 0.0418422 9.9955E-05 0.0254691 9.9955E-05 0.0304409 9.9955E-05 9.9955E-05 0.0688923
0.865567 9.9955E-05 0.0467922 0.00147705 0.06901 9.9955E-05 9.9955E-05 9.9955E-05 9.9955E-05 0.0166539
9.9937E-05 9.9937E-05 0.00172761 9.9937E-05 0.00423611 9.9937E-05 9.9937E-05 9.9937E-05 9.9937E-05 0.993337
9.99201E-05 9.99201E-05 9.99201E-05 9.99201E-05 9.99201E-05 9.99201E-05 9.99201E-05 9.99201E-05 9.99201E-05 0.999101
9.9955E-05 0.0053828 9.9955E-05 0.0125316 9.9955E-05 0.00592564 9.9955E-05 0.00463026 9.9955E-05 0.97103
9.99201E-05 9.99201E-05 9.99201E-05 9.99201E-05 9.99201E-05 9.99201E-05 9.99201E-05 9.99201E-05 9.99201E-05 0.999101
9.9937E-05 9.9937E-05 9.9937E-05 9.9937E-05 0.0222895 0.0038613 9.9937E-05 9.9937E-05 9.9937E-05 0.97315
9.99201E-05 9.99201E-05 9.99201E-05 9.99201E-05 9.99201E-05 9.99201E-05 9.99201E-05 9.99201E-05 9.99201E-05 0.999101
9.9955E-05 0.000869856 9.9955E-05 0.0174202 0.0344735 9.9955E-05 9.9955E-05 9.9955E-05 0.000801502 0.945935
9.9946E-05 9.9946E-05 0.00187516 9.9946E-05 0.0336769 9.9946E-05 9.9946E-05 9.9946E-05 0.00601742 0.957831
0.499237 0.144182 0.0774537 0.0796118 9.9982E-05 0.0326222 0.00506698 0.132104 9.9982E-05 0.0295223
0.474659 0.139518 0.0463672 0.109922 0.0199341 0.0416258 9.9982E-05 0.136553 9.9982E-05 0.0312213
9.9937E-05 9.9937E-05 0.0242292 9.9937E-05 9.9937E-05 9.9937E-05 9.9937E-05 0.00739443 9.9937E-05 0.967677
0.0774892 0.0920694 9.9982E-05 9.9982E-05 0.0107901 0.0202819 0.0549616 0.0152249 0.0365723 0.692411
9.99281E-05 9.99281E-05 9.99281E-05 9.99281E-05 9.99281E-05 9.99281E-05 0.0025007 9.99281E-05 9.99281E-05 0.9967
9.9937E-05 9.9937E-05 9.9937E-05 0.00361335 9.9937E-05 9.9937E-05 9.9937E-05 9.9937E-05 0.00499122 0.990696
9.9937E-05 9.9937E-05 9.9937E-05 0.0102666 0.00657038 9.9937E-05 9.9937E-05 9.9937E-05 9.9937E-05 0.982464
9.99201E-05 9.99201E-05 9.99201E-05 9.99201E-05 9.99201E-05 9.99201E-05 9.99201E-05 9.99201E-05 9.99201E-05 0.999101
9.99281E-05 9.99281E-05 9.99281E-05 9.99281E-05 9.99281E-05 9.99281E-05 9.99281E-05 9.99281E-05 0.00724349 0.991957
0.759786 0.0452554 0.0450466 0.060136 0.0200932 0.0427956 0.00672892 9.9982E-05 9.9982E-05 0.0199588
0.620057 0.0624971 0.0463521 0.147275 0.0414744 0.0626957 9.9973E-05 0.0193493 9.9973E-05 9.9973E-05
0.770501 0.00305772 0.0183825 0.0488901 0.0376637 0.0356931 0.0600986 0.0059763 9.9991E-05 0.0196368
0.825832 0.00341581 0.0462224 9.9955E-05 9.9955E-05 0.0757876 0.0482424 9.9955E-05 9.9955E-05 9.9955E-05
0.619299 0.0739854 9.9964E-05 0.0935604 9.9964E-05 0.011568 0.183849 9.9964E-05 9.9964E-05 0.0173377
0.844984 0.0442387 0.0475948 9.9955E-05 9.9955E-05 0.0304219 0.0322605 9.9955E-05 9.9955E-05 9.9955E-05
0.699602 0.00795954 0.0192957 0.0975056 0.00324791 0.0538929 0.0740753 0.0442207 9.9982E-05 9.9982E-05
0.813322 0.0357122 0.0192911 9.9982E-05 0.024234 0.019707 0.0713453 0.00158863 9.9982E-05 0.0145994
0.750329 0.0981585 0.0108841 0.0541259 9.9973E-05 0.0292164 0.0485092 9.9973E-05 9.9973E-05 0.00847733
9.9937E-05 9.9937E-05 9.9937E-05 0.896693 0.0840282 9.9937E-05 9.9937E-05 0.0185789 9.9937E-05 9.9937E-05
0.0544644 9.9946E-05 9.9946E-05 0.870116 0.0690015 9.9946E-05 9.9946E-05 0.00581839 9.9946E-05 9.9946E-05
0.100517 9.9937E-05 9.9937E-05 0.823418 0.0753653 9.9937E-05 9.9937E-05 9.9937E-05 9.9937E-05 9.9937E-05
0.00258335 9.9955E-05 9.9955E-05 0.92988 0.0494058 9.9955E-05 9.9955E-05 0.013069 0.00456217 9.9955E-05
0.0663412 9.9937E-05 9.9937E-05 0.852658 0.0803012 9.9937E-05 9.9937E-05 9.9937E-05 9.9937E-05 9.9937E-05
0.0383386 9.9937E-05 9.9937E-05 0.884692 0.0762703 9.9937E-05 9.9937E-05 9.9937E-05 9.9937E-05 9.9937E-05
0.122964 9.9946E-05 9.9946E-05 0.793813 0.0804859 9.9946E-05 9.9946E-05 9.9946E-05 0.00213736 9.9946E-05
9.9928E-05 9.9928E-05 9.9928E-05 0.918444 0.0807561 9.9928E-05 9.9928E-05 9.9928E-05 9.9928E-05 9.9928E-05
0.0495842 9.9937E-05 9.9937E-05 0.868699 0.0810171 9.9937E-05 9.9937E-05 9.9937E-05 9.9937E-05 9.9937E-05
0.036646 9.9973E-05 9.9973E-05 0.877702 0.0615559 0.00887932 9.9973E-05 0.00722536 0.00711643 0.000575047
0.0755165 9.9946E-05 9.9946E-05 0.859111 0.0616263 9.9946E-05 9.9946E-05 9.9946E-05 0.00314639 9.9946E-05
9.9946E-05 9.9946E-05 9.9946E-05 0.914874 0.0456361 9.9946E-05 9.9946E-05 0.0183943 0.020496 9.9946E-05
0.0305395 9.9937E-05 9.9937E-05 0.8823 0.0864607 9.9937E-05 9.9937E-05 9.9937E-05 9.9937E-05 9.9937E-05
0.0635829 0.00153138 0.0255345 0.836359 0.0717397 9.9964E-05 9.9964E-05 9.9964E-05 0.000853138 9.9964E-05
0.0145386 9.9937E-05 9.9937E-05 0.905306 0.0794563 9.9937E-05 9.9937E-05 9.9937E-05 9.9937E-05 9.9937E-05
0.0785217 9.9955E-05 9.9955E-05 0.818369 0.0646492 9.9955E-05 9.9955E-05 0.0358191 0.00214083 9.9955E-05
0.0195083 9.9946E-05 9.9946E-05 0.858634 0.0585641 9.9946E-05 9.9946E-05 0.0626936 9.9946E-05 9.9946E-05
0.0555463 0.01219 0.005119 0.749111 0.0724603 9.9973E-05 9.9973E-05 0.0677021 9.9973E-05 0.037571
0.0808901 9.9946E-05 9.9946E-05 0.852787 0.0654423 9.9946E-05 9.9946E-05 0.000280699 9.9946E-05 9.9946E-05
0.0558481 9.9946E-05 9.9946E-05 0.888239 0.0539393 9.9946E-05 9.9946E-05 9.9946E-05 0.00137393 9.9946E-05
0.718451 0.0727036 0.0288532 9.9973E-05 0.0369836 0.08497 9.9973E-05 0.00115628 0.056582 9.9973E-05
0.695624 0.15452 0.0857183 0.00283776 9.9964E-05 9.9964E-05 9.9964E-05 0.0471428 9.9964E-05 0.013758
0.662603 0.129815 0.0651416 9.9964E-05 9.9964E-05 0.0276762 9.9964E-05 0.0851578 9.9964E-05 0.0292066
0.839249 0.0907304 9.9955E-05 9.9955E-05 9.9955E-05 0.0555249 9.9955E-05 9.9955E-05 0.00318047 0.0108159
0.825048 0.0816862 0.0319947 9.9964E-05 9.9964E-05 0.022394 9.9964E-05 0.00607293 9.9964E-05 0.0324048
0.663966 0.0346304 0.0831604 0.0559151 9.9982E-05 0.0173937 0.0340959 0.0834845 9.9982E-05 0.0271538
0.795708 0.0833874 0.000324474 9.9964E-05 0.0409672 0.050677 9.9964E-05 9.9964E-05 0.0285359 9.9964E-05
0.729441 0.0281354 0.0677117 0.0564816 0.00592294 0.00234725 0.0502726 0.0419838 9.9991E-05 0.0176042
0.759344 0.0898206 0.00776711 9.9973E-05 0.0200545 0.0552698 0.0313418 9.9973E-05 0.036102 9.9973E-05
0.813642 0.0772501 9.9955E-05 9.9955E-05 9.9955E-05 0.0158928 9.9955E-05 9.9955E-05 0.0122533 0.0804623
0.852604 0.0958089 9.9946E-05 9.9946E-05 9.9946E-05 0.0296016 9.9946E-05 9.9946E-05 9.9946E-05 0.0213857
0.721509 0.0759681 0.0415379 0.0545815 0.0308041 0.0137439 0.0400206 0.020344 0.00139076 9.9991E-05
0.787955 0.0718002 9.9964E-05 0.0136367 9.9964E-05 0.0839327 9.9964E-05 9.9964E-05 0.00985112 0.0324247
0.802112 0.0988762 9.9964E-05 9.9964E-05 0.0603153 0.0320546 9.9964E-05 9.9964E-05 0.00438214 0.00185993
0.705616 9.9982E-05 0.0226861 0.0960457 0.00130494 9.9982E-05 0.0426068 0.103536 0.00214084 0.0258637
0.668583 9.9964E-05 0.085592 0.0817456 0.0122857 9.9964E-05 0.0496436 0.10175 9.9964E-05 9.9964E-05
0.691139 0.0960398 0.0860305 9.9955E-05 9.9955E-05 0.0411106 9.9955E-05 0.0851807 9.9955E-05 9.9955E-05
0.867503 0.0592417 9.9964E-05 9.9964E-05 0.00192906 0.0195437 9.9964E-05 9.9964E-05 0.0126607 0.0387221
