0.419007 0.000307953 0.580585 9.9991E-05
0.337844 0.00643253 0.638989 0.0167343
0.336598 0.0522787 0.535124 0.0759997
0.345882 0.0150958 0.616569 0.0224535
0.324525 9.9991E-05 0.586385 0.0889901
0.220501 0.00539105 0.774008 9.9991E-05
0.222532 0.043563 0.733805 9.9991E-05
0.370094 0.0783618 0.457067 0.0944771
0.301958 9.9982E-05 0.697843 9.9982E-05
0.315347 0.124341 0.538016 0.0222955
0.428914 9.9991E-05 0.520242 0.050744
0.365573 9.9982E-05 0.634227 9.9982E-05
0.338198 9.9991E-05 0.603264 0.058438
0.356996 9.9991E-05 0.574565 0.0683396
0.265142 0.0272113 0.644939 0.0627079
0.430915 9.9991E-05 0.52121 0.0477745
0.282145 0.06508 0.548713 0.104062
0.33218 0.0556977 0.505318 0.106804
0.40243 0.0409893 0.516945 0.0396353
9.998E-05 9.998E-05 0.9997 9.998E-05
0.122048 9.9982E-05 0.877752 9.9982E-05
0.089774 0.0232586 0.886867 9.9991E-05
0.0325002 9.9991E-05 0.724276 0.243123
0.156467 0.109503 0.609997 0.124033
0.144391 0.0440107 0.757415 0.0541829
9.9991E-05 0.00153988 0.975431 0.0229293
0.085108 9.9982E-05 0.914692 9.9982E-05
0.213862 0.0145905 0.75919 0.0123578
0.0767747 0.0557014 0.867424 9.9991E-05
9.9982E-05 0.00133334 0.998467 9.9982E-05
9.9982E-05 0.00721825 0.992582 9.9982E-05
9.998E-05 9.998E-05 0.9997 9.998E-05
9.998E-05 9.998E-05 0.9997 9.998E-05
9.9982E-05 0.0524037 0.947396 9.9982E-05
9.998E-05 9.998E-05 0.9997 9.998E-05
0.0713428 0.09618 0.679535 0.152942
0.247123 0.151933 0.561293 0.0396505
0.0655992 9.9991E-05 0.636262 0.298038
0.0556259 9.9991E-05 0.942193 0.00208125
0.0539198 0.0577424 0.862668 0.0256693
9.9982E-05 9.9982E-05 0.986384 0.0134157
0.142768 0.0663596 0.790772 9.9991E-05
0.0958784 0.0515278 0.851581 0.00101236
0.0972794 0.111324 0.753261 0.0381365
0.180828 0.104132 0.686758 0.0282828
0.122099 0.0554324 0.78289 0.0395782
0.135361 9.9991E-05 0.852895 0.0116442
0.0384214 9.9991E-05 0.824877 0.136602
9.998E-05 9.998E-05 0.9997 9.998E-05
9.998E-05 9.998E-05 0.9997 9.998E-05
9.998E-05 9.998E-05 0.9997 9.998E-05
9.998E-05 9.998E-05 0.9997 9.998E-05
9.998E-05 9.998E-05 0.9997 9.998E-05
9.998E-05 9.998E-05 0.9997 9.998E-05
9.9982E-05 0.00197414 0.997826 9.9982E-05
9.998E-05 9.998E-05 0.9997 9.998E-05
9.998E-05 9.998E-05 0.9997 9.998E-05
9.998E-05 9.998E-05 0.9997 9.998E-05
0.340778 9.9982E-05 0.659022 9.9982E-05
0.0592531 0.0621658 0.869989 0.00859182
0.198718 0.0511528 0.731254 0.0188756
0.0996985 9.9982E-05 0.900102 9.9982E-05
0.0421608 9.9991E-05 0.899698 0.0580412
0.189362 0.106882 0.666043 0.0377133
9.998E-05 9.998E-05 0.9997 9.998E-05
0.0560184 9.9991E-05 0.899121 0.0447608
0.312858 9.9982E-05 0.686942 9.9982E-05
0.0805313 9.9991E-05 0.901529 0.0178401
9.9991E-05 0.0484341 0.925175 0.0262907
0.0215316 0.0469005 0.931468 9.9991E-05
0.0354991 0.0256482 0.938753 9.9991E-05
0.0582232 0.00572868 0.904133 0.0319156
0.0820778 0.0666613 0.851161 9.9991E-05
9.9982E-05 0.0177502 0.98205 9.9982E-05
0.158577 9.9991E-05 0.827956 0.0133662
0.194229 9.9991E-05 0.774748 0.0309236
0.22881 9.9991E-05 0.764735 0.00635526
0.195221 0.00360344 0.797993 0.00318329
0.140764 9.9982E-05 0.859036 9.9982E-05
0.0372376 0.112032 0.850631 9.9991E-05
0.142754 0.0250087 0.832137 9.9991E-05
9.998E-05 9.998E-05 0.9997 9.998E-05
0.00680441 9.9982E-05 0.992996 9.9982E-05
0.0645789 9.9991E-05 0.917567 0.017754
0.0572766 0.0431147 0.847806 0.0518028
0.142556 9.9982E-05 0.857244 9.9982E-05
9.998E-05 9.998E-05 0.9997 9.998E-05
0.284841 9.9982E-05 0.714959 9.9982E-05
9.9982E-05 0.0988743 0.900926 9.9982E-05
9.9982E-05 0.146933 0.852867 9.9982E-05
0.12655 0.00415147 0.852365 0.0169333
0.061271 0.0328708 0.859389 0.0464693
0.0750279 0.049577 0.80445 0.0709455
0.0375387 0.0113134 0.928315 0.0228327
0.051231 0.0219346 0.926734 9.9991E-05
9.9991E-05 0.0129038 0.962657 0.0243392
0.0682484 9.9982E-05 0.931552 9.9982E-05
0.0475749 0.0269511 0.900104 0.0253703
0.0851019 0.0742663 0.803175 0.0374571
0.164171 0.126771 0.694281 0.0147764
0.186531 0.00454258 0.808827 9.9991E-05
0.276636 0.0992944 0.62397 9.9991E-05
0.191062 0.103326 0.677992 0.0276194
0.186278 0.00868622 0.804852 0.000184092
0.116431 0.0193694 0.8641 9.9991E-05
0.259889 0.0788156 0.523268 0.138028
0.136712 0.173361 0.631311 0.0586171
0.203357 0.119907 0.531438 0.145298
0.099533 9.9991E-05 0.817279 0.0830881
0.231891 0.069821 0.673541 0.0247472
0.189714 9.9991E-05 0.769282 0.0409037
0.151704 0.0133278 0.834869 9.9991E-05
0.242034 0.0630713 0.694795 9.9991E-05
0.307707 0.0588296 0.633363 9.9991E-05
0.392033 9.9991E-05 0.572587 0.0352802
0.0849031 0.178936 0.684885 0.051276
0.352068 9.9991E-05 0.579369 0.0684637
0.194373 0.00602443 0.786228 0.0133752
0.164043 9.9991E-05 0.72132 0.114537
0.134745 9.9991E-05 0.705543 0.159612
0.278693 9.9991E-05 0.714313 0.00689367
0.278164 9.9982E-05 0.721636 9.9982E-05
0.211574 9.9991E-05 0.590696 0.197631
0.158255 0.0110338 0.750097 0.0806142
0.122469 9.9991E-05 0.678677 0.198754
0.159698 9.9991E-05 0.824015 0.0161867
0.193351 9.9991E-05 0.666736 0.139813
0.183412 0.0738445 0.672666 0.0700777
0.229108 0.0855306 0.592865 0.0924965
0.105529 9.9991E-05 0.791555 0.102816
0.183973 0.0259069 0.712653 0.0774677
0.182243 0.028919 0.788738 9.9991E-05
0.102663 0.0157654 0.865838 0.0157336
0.144517 0.0476578 0.777904 0.0299207
0.0304259 0.0263798 0.793155 0.150039
0.0856576 9.9991E-05 0.849883 0.0643592
9.9982E-05 0.0708608 0.928939 9.9982E-05
0.0543165 9.9982E-05 0.945484 9.9982E-05
0.0683255 0.0800358 0.811836 0.0398025
0.144812 9.9982E-05 0.854988 9.9982E-05
0.219816 0.0314653 0.748618 9.9991E-05
0.132742 9.9991E-05 0.749434 0.117724
0.25978 0.0221641 0.717956 9.9991E-05
0.113635 9.9991E-05 0.801963 0.0843023
0.0295145 0.135048 0.79966 0.0357772
0.124688 0.103278 0.745253 0.0267808
0.13552 0.0274206 0.835618 0.00144084
0.126479 9.9991E-05 0.855611 0.0178101
0.212462 9.9991E-05 0.684251 0.103188
0.233227 9.9991E-05 0.718199 0.0484739
0.320847 0.0383705 0.490964 0.149819
0.380538 0.0992784 0.484006 0.0361773
0.256451 0.110802 0.564252 0.0684943
0.41085 0.100584 0.456186 0.0323803
0.0401732 9.9982E-05 9.9982E-05 0.959627
9.998E-05 9.998E-05 9.998E-05 0.9997
9.998E-05 9.998E-05 9.998E-05 0.9997
9.998E-05 9.998E-05 9.998E-05 0.9997
0.141866 0.0595147 0.00884549 0.789774
9.998E-05 9.998E-05 9.998E-05 0.9997
9.998E-05 9.998E-05 9.998E-05 0.9997
9.998E-05 9.998E-05 9.998E-05 0.9997
9.998E-05 9.998E-05 9.998E-05 0.9997
9.998E-05 9.998E-05 9.998E-05 0.9997
9.998E-05 9.998E-05 9.998E-05 0.9997
9.998E-05 9.998E-05 9.998E-05 0.9997
9.998E-05 9.998E-05 9.998E-05 0.9997
9.998E-05 9.998E-05 9.998E-05 0.9997
9.998E-05 9.998E-05 9.998E-05 0.9997
0.223408 9.9991E-05 0.216537 0.559955
0.000387009 9.9982E-05 9.9982E-05 0.999413
9.998E-05 9.998E-05 9.998E-05 0.9997
0.449756 0.0311897 0.299415 0.219639
0.319859 0.0869696 0.461247 0.131925
0.442282 0.0336399 0.438755 0.085323
0.344917 0.0866826 0.414843 0.153558
0.384197 0.133258 0.318392 0.164153
0.401764 0.0129523 0.504083 0.0812007
0.369353 0.0608941 0.400245 0.169508
0.354567 0.0917833 0.4289 0.12475
0.361625 0.099773 0.401337 0.137264
0.418669 0.147347 0.309743 0.124241
0.583674 0.000672846 0.338721 0.0769313
0.63388 0.00587336 0.360147 9.9991E-05
0.407294 0.0214556 0.315225 0.256025
0.373471 0.148353 0.385761 0.0924154
0.461504 0.106465 0.291823 0.140207
0.374425 0.113395 0.389604 0.122575
0.410253 0.120741 0.331247 0.137759
0.422105 0.220868 0.310548 0.0464793
0.627085 9.9991E-05 0.254539 0.118275
0.464811 0.105321 0.262335 0.167533
0.573219 0.0626605 0.234695 0.129425
0.589363 9.9991E-05 0.345303 0.0652341
0.433644 0.105064 0.253259 0.208033
0.536722 0.136716 0.219897 0.106664
0.660536 9.9991E-05 0.13606 0.203304
0.579982 0.0846776 0.21392 0.121421
0.26376 0.0863889 0.407967 0.241884
0.528409 0.0742007 0.200058 0.197332
0.503016 9.9991E-05 0.357975 0.138909
0.539063 0.0628235 0.193912 0.204202
0.44177 0.0729091 0.371526 0.113795
0.529686 0.0415933 0.260805 0.167916
0.669421 0.0085475 0.278136 0.0438961
0.547487 0.0568518 0.23872 0.156941
0.541071 0.0463243 0.209688 0.202917
0.635359 0.033483 0.227959 0.103199
0.426119 0.0720488 0.387912 0.11392
0.828193 9.9991E-05 0.117155 0.0545521
0.609425 9.9991E-05 0.164841 0.225635
0.700842 9.9991E-05 0.192687 0.106371
0.615398 9.9991E-05 0.179026 0.205476
0.370577 0.126334 0.340852 0.162237
0.572754 0.121354 0.127359 0.178532
0.579199 0.114897 0.13085 0.175054
0.521853 0.0824884 0.167037 0.228622
0.779766 9.9991E-05 0.0822649 0.137869
0.728315 0.00413824 0.095486 0.172061
0.479851 0.125999 0.163977 0.230173
0.523499 0.113537 0.142362 0.220602
0.640755 0.0422821 0.237431 0.0795318
0.589736 0.0428997 0.239566 0.127799
0.53976 0.00320314 0.35738 0.0996567
0.622154 9.9991E-05 0.247084 0.130662
0.65199 9.9991E-05 0.24997 0.0979401
0.363676 0.102751 0.32708 0.206493
0.628595 0.00274644 0.255019 0.11364
0.53741 0.0731307 0.261972 0.127488
0.635271 0.109558 0.207203 0.0479677
0.579612 0.131268 0.210419 0.0787006
0.537531 0.0957536 0.254393 0.112323
0.509201 0.0147181 0.396457 0.0796245
0.404342 0.0803872 0.401571 0.1137
0.446574 0.14212 0.230899 0.180406
0.381994 0.110611 0.254354 0.253041
0.440752 0.0914078 0.240871 0.226969
0.478191 0.0180468 0.31205 0.191712
0.59986 0.0139044 0.23866 0.147576
0.496075 0.110374 0.262924 0.130626
0.520841 0.108818 0.217157 0.153184
0.722836 0.0487981 0.141945 0.0864212
0.44077 0.0408664 0.390856 0.127507
0.565725 0.163367 0.211292 0.0596168
0.655202 9.9991E-05 0.237896 0.106802
0.61206 0.188148 0.182022 0.0177699
0.495009 0.0596746 0.397971 0.0473449
0.807835 0.0347537 0.143066 0.0143446
0.858552 0.0118248 0.0839712 0.0456525
0.861577 0.0323934 0.0579135 0.0481163
0.852233 9.9991E-05 0.104841 0.0428258
0.924366 0.0133584 0.0416102 0.0206649
0.893912 9.9991E-05 0.0572212 0.0487667
0.674835 0.137213 0.0914684 0.0964836
0.862431 0.0136631 0.0775341 0.0463713
0.739025 0.091803 0.083202 0.0859698
0.809418 0.0224028 0.0742263 0.0939527
0.550989 0.236088 0.08307 0.129853
0.636341 0.187754 0.0504476 0.125457
0.841628 0.00300875 0.111329 0.0440343
0.725332 0.101142 0.10686 0.0666661
0.641242 0.148957 0.158045 0.0517565
0.713225 0.104137 0.127815 0.0548233
0.733105 0.102405 0.0728037 0.0916865
0.833008 0.015965 0.0856217 0.0654048
0.823818 9.9991E-05 0.105212 0.0708704
0.790659 9.9991E-05 0.11427 0.0949713
0.743633 0.102938 0.119122 0.0343069
0.839774 0.0439131 0.0415841 0.074729
0.866033 0.0608097 0.0235551 0.049602
0.866912 0.0388563 0.0744201 0.0198113
0.836941 0.0832343 0.0166049 0.0632202
0.903601 0.0546412 0.00166413 0.040094
0.531771 0.126058 0.259578 0.0825927
0.683819 9.9991E-05 0.188335 0.127747
0.724292 0.0448562 0.156411 0.0744403
0.805139 0.0378984 0.0909405 0.0660225
0.834884 0.0967113 0.0465715 0.0218334
0.89604 0.0469741 0.0202589 0.0367275
0.673536 0.0391803 0.248397 0.0388869
0.693084 0.0184857 0.200242 0.0881876
0.740438 9.9991E-05 0.171685 0.0877773
0.794318 0.074192 0.0556179 0.0758721
0.671659 0.151658 0.118104 0.0585792
0.693842 0.105313 0.163449 0.0373969
0.91428 9.9991E-05 0.0369844 0.0486361
0.799144 0.0638329 0.0203112 0.116712
0.854587 0.0180436 0.0406523 0.0867173
0.904324 0.0484498 9.9991E-05 0.0471263
0.901683 0.0219497 0.0368806 0.039487
0.896526 0.0460111 0.0573625 9.9991E-05
0.898503 0.0330504 0.0126601 0.0557866
0.923718 0.0188743 0.035776 0.0216317
0.916971 0.0593689 9.9991E-05 0.0235604
0.827287 0.0823599 9.9991E-05 0.0902527
0.933028 0.0231161 0.0437556 9.9991E-05
0.923439 0.024594 0.0193303 0.0326371
0.975688 0.00698755 9.9991E-05 0.0172243
0.8484 9.9991E-05 0.0419111 0.109589
0.793234 0.0240221 0.0758998 0.106845
0.803095 0.00139097 0.102221 0.0932924
0.834965 0.00702536 0.0634639 0.0945457
0.784228 0.024636 0.0861788 0.104957
0.785082 0.0370889 0.0414423 0.136387
0.844956 9.9991E-05 0.058366 0.0965782
0.90444 9.9991E-05 0.0827785 0.0126815
0.997663 9.9982E-05 9.9982E-05 0.00213725
0.999502 0.000298405 9.9982E-05 9.9982E-05
0.951021 0.0487787 9.9982E-05 9.9982E-05
0.953151 0.0466492 9.9982E-05 9.9982E-05
0.9997 9.998E-05 9.998E-05 9.998E-05
0.9997 9.998E-05 9.998E-05 9.998E-05
0.691929 0.159365 0.0541568 0.0945485
0.716348 0.147502 0.0728563 0.0632937
0.710923 0.118068 0.100576 0.0704338
0.89702 0.0667239 0.0299954 0.00626083
0.9997 9.998E-05 9.998E-05 9.998E-05
0.9997 9.998E-05 9.998E-05 9.998E-05
0.95419 0.0239813 0.0141657 0.00766305
0.908683 0.0649887 0.00324462 0.0230839
0.825626 0.0721337 0.0727627 0.029478
0.9997 9.998E-05 9.998E-05 9.998E-05
0.9997 9.998E-05 9.998E-05 9.998E-05
0.603368 0.141842 0.168498 0.0862925
0.621765 0.153432 0.142058 0.0827447
0.543828 0.188974 0.167159 0.100038
0.566124 0.169233 0.182544 0.0820989
0.586709 0.177958 0.135456 0.0998777
0.6146 0.125364 0.158939 0.101097
0.613071 0.136212 0.185821 0.0648963
0.593748 0.182969 0.161328 0.0619555
0.66958 0.0837953 0.158318 0.0883069
0.690223 0.0843238 0.172324 0.0531295
0.529659 0.204448 0.188956 0.0769371
0.511644 0.159209 0.226173 0.102974
0.56936 0.214296 0.157195 0.0591487
0.630302 0.143064 0.150067 0.0765669
0.615657 0.169264 0.113327 0.101751
0.558683 0.175767 0.16826 0.097289
0.563638 0.173083 0.183166 0.0801121
0.892981 9.9991E-05 0.0443507 0.0625679
0.809784 0.0523131 0.0948001 0.0431027
0.819417 0.0353344 0.10192 0.0433287
0.859285 0.0376306 0.0322089 0.0708752
0.800007 0.128638 0.0357572 0.0355972
0.877595 0.027796 0.032966 0.0616425
0.803064 0.101329 0.0357969 0.0598103
0.844063 0.0835093 0.0367454 0.0356823
0.743989 0.102424 0.139104 0.0144831
0.9997 9.998E-05 9.998E-05 9.998E-05
0.9997 9.998E-05 9.998E-05 9.998E-05
0.9997 9.998E-05 9.998E-05 9.998E-05
0.9997 9.998E-05 9.998E-05 9.998E-05
0.9997 9.998E-05 9.998E-05 9.998E-05
0.9997 9.998E-05 9.998E-05 9.998E-05
0.9997 9.998E-05 9.998E-05 9.998E-05
0.9997 9.998E-05 9.998E-05 9.998E-05
0.9997 9.998E-05 9.998E-05 9.998E-05
0.9997 9.998E-05 9.998E-05 9.998E-05
0.9997 9.998E-05 9.998E-05 9.998E-05
0.9997 9.998E-05 9.998E-05 9.998E-05
0.9997 9.998E-05 9.998E-05 9.998E-05
0.9997 9.998E-05 9.998E-05 9.998E-05
0.9997 9.998E-05 9.998E-05 9.998E-05
0.9997 9.998E-05 9.998E-05 9.998E-05
0.9997 9.998E-05 9.998E-05 9.998E-05
0.9997 9.998E-05 9.998E-05 9.998E-05
0.9997 9.998E-05 9.998E-05 9.998E-05
0.9997 9.998E-05 9.998E-05 9.998E-05
0.755945 0.0511062 0.125969 0.06698
0.773798 0.0731063 0.152996 9.9991E-05
0.742699 0.0528797 0.142003 0.0624186
0.827112 9.9991E-05 0.0946078 0.0781798
0.852154 9.9991E-05 0.0951833 0.0525632
0.828329 0.105968 0.0388002 0.0269024
0.772716 0.0306836 0.141577 0.0550233
0.851578 0.0722111 0.0413446 0.0348665
0.720899 0.0391146 0.145413 0.0945727
0.837308 9.9991E-05 0.106117 0.0564746
0.805246 9.9991E-05 0.108175 0.0864794
0.85987 0.0715276 0.0544315 0.0141708
0.838856 9.9991E-05 0.077614 0.0834301
0.790532 9.9991E-05 0.150821 0.058547
0.830076 0.119093 0.0362029 0.0146275
0.880876 0.0887701 0.0291395 0.0012146
0.711502 0.06874 0.157771 0.0619877
0.820002 9.9991E-05 0.124602 0.0552961
0.713826 0.0445667 0.168649 0.072959
0.704059 0.143007 0.115559 0.0373751
0.996506 9.9982E-05 0.00329424 9.9982E-05
0.871785 0.0760905 0.0520248 9.9991E-05
0.850725 0.0818698 0.0673056 9.9991E-05
0.9997 9.998E-05 9.998E-05 9.998E-05
0.976054 0.0079685 0.0158773 9.9991E-05
0.99065 0.00915041 9.9982E-05 9.9982E-05
0.994272 0.00552818 9.9982E-05 9.9982E-05
0.777538 0.126741 0.0956212 9.9991E-05
0.966081 0.033719 9.9982E-05 9.9982E-05
0.979654 0.0201456 9.9982E-05 9.9982E-05
0.994326 0.00547442 9.9982E-05 9.9982E-05
0.745912 0.158386 0.0944547 0.00124748
0.92021 0.0795902 9.9982E-05 9.9982E-05
0.989717 9.9982E-05 0.0100832 9.9982E-05
0.970708 0.0290924 9.9982E-05 9.9982E-05
0.968266 0.0315345 9.9982E-05 9.9982E-05
0.888144 0.103935 9.9991E-05 0.00782044
0.985033 0.0126188 9.9991E-05 0.00224782
0.938264 0.0431733 9.9991E-05 0.0184629
0.992318 0.00748215 9.9982E-05 9.9982E-05
0.931713 9.9982E-05 9.9982E-05 0.0680865
0.932474 9.9982E-05 9.9982E-05 0.0673261
0.909919 9.9982E-05 9.9982E-05 0.0898813
0.930429 9.9982E-05 9.9982E-05 0.069371
0.933564 9.9982E-05 9.9982E-05 0.0662359
0.929663 9.9982E-05 9.9982E-05 0.0701367
0.91522 9.9982E-05 9.9982E-05 0.0845796
0.920972 9.9982E-05 9.9982E-05 0.0788282
0.921845 9.9982E-05 9.9982E-05 0.0779551
0.947873 9.9982E-05 9.9982E-05 0.0519273
0.963871 9.9982E-05 9.9982E-05 0.0359291
0.920377 9.9982E-05 9.9982E-05 0.079423
0.919005 0.0101833 9.9991E-05 0.0707121
0.924502 9.9982E-05 9.9982E-05 0.0752983
0.933772 9.9982E-05 9.9982E-05 0.0660283
0.984862 0.0149382 9.9982E-05 9.9982E-05
0.9997 9.998E-05 9.998E-05 9.998E-05
0.97058 0.0273584 9.9991E-05 0.00196133
0.986525 0.0074864 9.9991E-05 0.0058884
0.837719 0.0870364 0.0751445 9.9991E-05
0.979931 9.9982E-05 9.9982E-05 0.0198688
0.959034 0.040766 9.9982E-05 9.9982E-05
0.965998 0.0338016 9.9982E-05 9.9982E-05
0.930717 9.9991E-05 0.0400123 0.0291703
0.887977 0.102656 0.00926745 9.9991E-05
0.998549 0.000405518 9.9991E-05 0.000945683
0.973463 0.0216327 0.00480457 9.9991E-05
0.967482 9.9991E-05 0.000793948 0.0316239
0.909401 9.9982E-05 9.9982E-05 0.0903991
0.951465 9.9982E-05 9.9982E-05 0.0483349
0.936179 0.0523371 0.0113841 9.9991E-05
0.983297 0.00242766 0.00169509 0.0125805
0.885275 0.0863271 9.9991E-05 0.0282974
0.937938 0.0557891 0.00617287 9.9991E-05
0.913973 0.0620018 9.9991E-05 0.0239254
0.925036 0.0516738 9.9991E-05 0.0231902
0.920867 0.0413821 9.9991E-05 0.0376506
0.989171 0.0106288 9.9982E-05 9.9982E-05
0.931553 0.0541883 9.9991E-05 0.0141582
0.953073 0.024843 9.9991E-05 0.0219839
0.9997 9.998E-05 9.998E-05 9.998E-05
0.995864 0.00393582 9.9982E-05 9.9982E-05
0.95319 0.0202541 9.9991E-05 0.0264558
0.9997 9.998E-05 9.998E-05 9.998E-05
0.971827 0.027973 9.9982E-05 9.9982E-05
0.9997 9.998E-05 9.998E-05 9.998E-05
0.914584 0.0224949 0.0628214 9.9991E-05
0.9997 9.998E-05 9.998E-05 9.998E-05
0.950612 9.9982E-05 0.0491884 9.9982E-05
0.900946 9.9991E-05 0.0693653 0.0295887
0.9997 9.998E-05 9.998E-05 9.998E-05
0.827863 0.0651446 0.106892 9.9991E-05
0.9997 9.998E-05 9.998E-05 9.998E-05
0.893289 0.0152624 9.9991E-05 0.091349
0.964685 9.9982E-05 9.9982E-05 0.0351146
0.903365 0.0731143 0.0234211 9.9991E-05
0.934409 0.0653906 9.9982E-05 9.9982E-05
0.727485 0.181015 9.9991E-05 0.0914004
0.9997 9.998E-05 9.998E-05 9.998E-05
0.970492 9.9982E-05 0.0293085 9.9982E-05
0.944513 0.0218255 0.033561 9.9991E-05
0.985028 9.9982E-05 0.0147716 9.9982E-05
0.999512 9.9982E-05 9.9982E-05 0.000287674
0.9997 9.998E-05 9.998E-05 9.998E-05
0.9997 9.998E-05 9.998E-05 9.998E-05
0.99359 9.9982E-05 0.0062101 9.9982E-05
0.935183 9.9991E-05 0.0250647 0.0396527
0.996018 0.00378239 9.9982E-05 9.9982E-05
0.975064 9.9982E-05 0.0247359 9.9982E-05
0.846474 0.0890352 0.0422101 0.0222807
0.931154 0.0542245 0.0145216 9.9991E-05
0.982808 9.9982E-05 0.016992 9.9982E-05
0.925043 0.0452369 0.0296204 9.9991E-05
0.965469 9.9982E-05 0.034331 9.9982E-05
0.981824 0.0179756 9.9982E-05 9.9982E-05
0.763358 0.104789 0.131753 9.9991E-05
0.828688 0.0942623 0.0769501 9.9991E-05
0.929971 9.9982E-05 0.0698289 9.9982E-05
0.977692 0.0221077 9.9982E-05 9.9982E-05
0.910095 0.00692965 0.0828749 9.9991E-05
0.927484 0.0112592 0.0611573 9.9991E-05
0.911956 0.053244 0.0347004 9.9991E-05
0.88122 0.0394213 0.0792591 9.9991E-05
0.953487 0.0274467 9.9991E-05 0.018966
0.940421 0.0340358 0.0254432 9.9991E-05
0.90678 0.0240388 0.069081 9.9991E-05
0.986278 9.9991E-05 0.0123943 0.00122798
0.948282 0.0126639 0.00908706 0.0299673
0.777465 0.113335 0.0346798 0.0745197
0.9997 9.998E-05 9.998E-05 9.998E-05
0.74307 0.143817 0.0205655 0.0925476
0.9997 9.998E-05 9.998E-05 9.998E-05
0.9997 9.998E-05 9.998E-05 9.998E-05
0.987149 0.0126505 9.9982E-05 9.9982E-05
0.9997 9.998E-05 9.998E-05 9.998E-05
0.9997 9.998E-05 9.998E-05 9.998E-05
0.9997 9.998E-05 9.998E-05 9.998E-05
0.9997 9.998E-05 9.998E-05 9.998E-05
0.97853 9.9982E-05 9.9982E-05 0.0212699
0.753377 0.101325 0.0911542 0.0541432
0.9997 9.998E-05 9.998E-05 9.998E-05
0.9997 9.998E-05 9.998E-05 9.998E-05
0.831006 0.073323 9.9991E-05 0.0955712
0.9997 9.998E-05 9.998E-05 9.998E-05
0.835308 0.0666582 9.9991E-05 0.097934
0.708766 0.0597139 0.177437 0.0540832
0.95025 9.9982E-05 0.0495496 9.9982E-05
0.81182 0.0277317 0.13505 0.0253989
0.752876 0.0674523 0.149219 0.030452
0.628481 0.129392 0.242027 9.9991E-05
0.703005 0.0739362 0.218824 0.00423463
0.746337 0.035174 0.202286 0.0162029
0.677456 0.110751 0.189059 0.022733
0.767521 0.0361549 0.167804 0.0285204
0.69137 0.0272873 0.237429 0.0439145
0.668354 0.0976181 0.233928 9.9991E-05
0.715286 0.0324374 0.21068 0.0415965
0.773524 0.0659785 0.160397 9.9991E-05
0.758171 0.0557804 0.185948 9.9991E-05
0.768812 0.0437351 0.184281 0.00317189
0.753199 0.0610691 0.158257 0.0274744
0.687644 0.143881 0.148193 0.0202822
0.768593 0.0486856 0.146643 0.0360781
0.783079 0.023811 0.176269 0.0168412
0.979707 0.0200926 9.9982E-05 9.9982E-05
0.995978 9.9982E-05 9.9982E-05 0.0038223
0.974581 0.0252193 9.9982E-05 9.9982E-05
0.950256 0.0495437 9.9982E-05 9.9982E-05
0.959082 0.0407183 9.9982E-05 9.9982E-05
0.967572 0.032228 9.9982E-05 9.9982E-05
0.910604 0.0891961 9.9982E-05 9.9982E-05
0.978005 0.0217954 9.9982E-05 9.9982E-05
0.713722 0.0468782 0.18157 0.0578296
0.946616 0.0309142 9.9991E-05 0.0223701
0.94863 0.05117 9.9982E-05 9.9982E-05
0.937729 0.0446263 9.9991E-05 0.017545
0.973807 0.0259928 9.9982E-05 9.9982E-05
0.99906 0.000739887 9.9982E-05 9.9982E-05
0.928029 0.0717711 9.9982E-05 9.9982E-05
0.935355 0.0532649 9.9991E-05 0.0112797
0.935624 0.0565195 9.9991E-05 0.00775677
0.994379 0.00542118 9.9982E-05 9.9982E-05
0.973507 0.0262933 9.9982E-05 9.9982E-05
0.981801 0.0179987 9.9982E-05 9.9982E-05
0.346828 0.44997 0.109811 0.0933906
0.382343 0.433804 0.0602215 0.123631
0.362948 0.486883 0.0226944 0.127475
0.41189 0.463128 0.025962 0.0990194
0.356598 0.458871 0.0574484 0.127082
0.42672 0.427208 0.0445047 0.101567
0.374887 0.47328 0.0500595 0.101773
0.381198 0.427874 0.0808669 0.110061
0.336487 0.456952 0.0886754 0.117885
0.153184 0.828584 0.0181317 9.9991E-05
9.998E-05 0.9997 9.998E-05 9.998E-05
0.0247173 0.975083 9.9982E-05 9.9982E-05
0.0231258 0.976674 9.9982E-05 9.9982E-05
9.998E-05 0.9997 9.998E-05 9.998E-05
9.998E-05 0.9997 9.998E-05 9.998E-05
0.0284442 0.971356 9.9982E-05 9.9982E-05
0.0895529 0.910247 9.9982E-05 9.9982E-05
0.00492735 0.994873 9.9982E-05 9.9982E-05
0.133272 0.812348 0.0542795 9.9991E-05
0.0546578 0.902597 0.0426454 9.9991E-05
9.998E-05 0.9997 9.998E-05 9.998E-05
9.998E-05 0.9997 9.998E-05 9.998E-05
9.998E-05 0.9997 9.998E-05 9.998E-05
0.0079003 0.9919 9.9982E-05 9.9982E-05
9.998E-05 0.9997 9.998E-05 9.998E-05
9.998E-05 0.9997 9.998E-05 9.998E-05
9.998E-05 0.9997 9.998E-05 9.998E-05
9.998E-05 0.9997 9.998E-05 9.998E-05
9.998E-05 0.9997 9.998E-05 9.998E-05
9.998E-05 0.9997 9.998E-05 9.998E-05
9.998E-05 0.9997 9.998E-05 9.998E-05
9.998E-05 0.9997 9.998E-05 9.998E-05
9.998E-05 0.9997 9.998E-05 9.998E-05
9.998E-05 0.9997 9.998E-05 9.998E-05
9.998E-05 0.9997 9.998E-05 9.998E-05
9.998E-05 0.9997 9.998E-05 9.998E-05
9.998E-05 0.9997 9.998E-05 9.998E-05
9.998E-05 0.9997 9.998E-05 9.998E-05
9.998E-05 0.9997 9.998E-05 9.998E-05
9.998E-05 0.9997 9.998E-05 9.998E-05
9.998E-05 0.9997 9.998E-05 9.998E-05
0.901037 0.0419333 0.0404104 0.0166195
0.897199 0.0505734 0.0411466 0.0110814
0.961717 9.9982E-05 0.0380831 9.9982E-05
0.920478 0.0213114 0.0581109 9.9991E-05
0.948485 0.000139248 0.042023 0.00935258
0.225241 0.680741 0.045572 0.0484458
0.189821 0.721408 0.0493514 0.0394197
0.234823 0.713936 0.0303769 0.020864
0.172759 0.688605 0.0883537 0.0502816
0.0976706 0.724854 0.0926759 0.0847991
0.254555 0.669864 0.0151337 0.0604471
0.136206 0.753869 0.0284876 0.0814371
0.226552 0.705859 0.0373027 0.0302866
0.233426 0.642049 0.092731 0.0317937
0.171924 0.758289 0.0313408 0.0384469
0.172886 0.704666 0.0620873 0.0603613
0.126897 0.769777 0.0223632 0.0809635
0.168222 0.715456 0.0786884 0.0376335
0.298801 0.644019 0.0198385 0.0373419
0.158414 0.720598 0.0576946 0.0632934
0.26959 0.665002 0.043734 0.0216742
0.192823 0.680909 0.0595031 0.0667646
0.222652 0.69933 0.0377603 0.0402571
0.174641 0.692497 0.070339 0.0625233
0.812586 0.0977816 0.0221238 0.0675085
0.729874 0.0825913 0.124344 0.0631906
0.738883 0.103073 0.157944 9.9991E-05
0.803311 0.067641 0.0681838 0.060864
0.81599 0.0625092 0.104408 0.0170931
0.836353 0.060325 0.0846745 0.0186479
0.797869 0.125347 0.0462661 0.0305177
0.803443 0.137975 0.0322106 0.0263713
0.767569 0.156158 0.0497899 0.0264831
0.806119 0.0752119 0.110913 0.00775641
0.765804 0.138474 0.0490063 0.0467156
0.821877 0.0901301 0.0878928 9.9991E-05
0.804294 0.14213 0.031512 0.0220642
0.767472 0.128643 0.0948425 0.00904312
0.657688 0.195908 0.0987226 0.0476814
0.816418 0.083846 0.0872501 0.0124858
0.863696 0.092985 0.0349664 0.00835267
0.745307 0.0885001 0.132078 0.0341155
0.768817 0.147515 0.0286785 0.054989
0.783304 0.121667 0.0523696 0.0426594
0.759067 0.187367 0.0141099 0.0394559
0.725443 0.178441 0.0673102 0.0288057
0.722921 0.230669 9.9991E-05 0.0463099
0.663269 0.204956 0.092228 0.0395475
0.731801 0.248859 0.00536639 0.0139731
0.694927 0.2031 0.0717638 0.0302093
0.615764 0.256761 0.0686533 0.0588218
0.653988 0.178211 0.106585 0.0612159
0.664854 0.265564 0.00579864 0.0637827
0.737309 0.19769 0.0254237 0.0395775
0.614267 0.19232 0.193312 9.9991E-05
0.722526 0.246614 0.0307603 9.9991E-05
0.648593 0.284665 0.0452111 0.0215307
0.686636 0.259606 0.0536579 9.9991E-05
0.590574 0.23553 0.160355 0.0135417
0.505962 0.283284 0.154341 0.0564128
0.580213 0.237251 0.111529 0.0710067
0.674732 0.231839 0.0255054 0.0679234
0.671989 0.241715 0.0469445 0.0393519
0.520125 0.454519 0.0252559 9.9991E-05
0.608212 0.391589 9.9982E-05 9.9982E-05
0.588881 0.381779 0.0292398 9.9991E-05
0.582615 0.395165 0.0221198 9.9991E-05
0.61556 0.37966 0.00468071 9.9991E-05
0.640145 0.359655 9.9982E-05 9.9982E-05
0.578877 0.365296 0.0557273 9.9991E-05
0.589403 0.410397 9.9982E-05 9.9982E-05
0.576325 0.423475 9.9982E-05 9.9982E-05
0.584565 0.413404 0.00193163 9.9991E-05
0.571832 0.395369 0.0326985 9.9991E-05
0.646012 0.353788 9.9982E-05 9.9982E-05
0.596746 0.403054 9.9982E-05 9.9982E-05
0.657293 0.339621 0.00298544 9.9991E-05
0.571156 0.428644 9.9982E-05 9.9982E-05
0.556263 0.409446 0.0341905 9.9991E-05
0.614411 0.355209 0.0302796 9.9991E-05
0.613628 0.386172 9.9982E-05 9.9982E-05
0.615676 0.362483 0.021741 9.9991E-05
0.748442 0.221258 0.0301998 9.9991E-05
0.815913 0.126008 0.0579791 9.9991E-05
0.855791 0.144009 9.9982E-05 9.9982E-05
0.854805 0.100129 0.0449664 9.9991E-05
0.808996 0.158208 0.0326962 9.9991E-05
0.837126 0.103922 0.0588521 9.9991E-05
0.728303 0.191053 0.080544 9.9991E-05
0.776683 0.122715 0.100502 9.9991E-05
0.851115 0.12019 0.0285948 9.9991E-05
0.696941 0.165508 0.137451 9.9991E-05
0.809845 0.156171 0.0338836 9.9991E-05
0.681247 0.283802 9.9991E-05 0.0348511
0.686696 0.285076 0.018895 0.00933362
0.861908 0.110176 0.0278163 9.9991E-05
0.582413 0.187711 0.13932 0.0905565
0.632855 0.298949 9.9991E-05 0.0680961
0.648916 0.245152 0.0588587 0.0470737
0.718587 0.243966 0.0191127 0.018335
0.772262 0.134882 0.0927562 9.9991E-05
0.698899 0.244892 0.011366 0.044843
