9.97934E-05 9.97934E-05 9.97934E-05 0.370136 9.97934E-05 9.97934E-05 9.97934E-05 9.97934E-05 9.97934E-05 9.97934E-05 0.490008 9.97934E-05 9.97934E-05 9.97934E-05 0.0255816 9.97934E-05 9.97934E-05 9.97934E-05 9.97934E-05 9.97934E-05 9.97934E-05 9.97934E-05 0.111979 9.97934E-05 9.97934E-05 9.97934E-05 9.97934E-05
9.98561E-05 0.00412187 0.00467088 9.98561E-05 0.00569136 9.98561E-05 0.0560452 9.98561E-05 9.98561E-05 9.98561E-05 0.739999 0.0333305 0.00454652 9.98561E-05 9.98561E-05 0.0410163 0.0540167 9.98561E-05 9.98561E-05 9.98561E-05 9.98561E-05 9.98561E-05 9.98561E-05 9.98561E-05 9.98561E-05 0.0159918 0.0389722
9.97755E-05 9.97755E-05 9.97755E-05 9.97755E-05 9.97755E-05 9.97755E-05 9.97755E-05 9.97755E-05 9.97755E-05 9.97755E-05 0.96638 9.97755E-05 0.0311255 9.97755E-05 9.97755E-05 9.97755E-05 9.97755E-05 9.97755E-05 9.97755E-05 9.97755E-05 9.97755E-05 9.97755E-05 9.97755E-05 9.97755E-05 9.97755E-05 9.97755E-05 9.97755E-05
9.98202E-05 9.98202E-05 9.98202E-05 9.98202E-05 9.98202E-05 9.98202E-05 0.115903 0.00265229 9.98202E-05 9.98202E-05 0.675552 9.98202E-05 9.98202E-05 0.00519424 0.0456308 9.98202E-05 9.98202E-05 9.98202E-05 9.98202E-05 9.98202E-05 9.98202E-05 9.98202E-05 9.98202E-05 0.037052 9.98202E-05 0.116019 9.98202E-05
9.98292E-05 9.98292E-05 9.98292E-05 9.98292E-05 9.98292E-05 9.98292E-05 0.130107 9.98292E-05 9.98292E-05 9.98292E-05 0.712206 0.0110234 9.98292E-05 9.98292E-05 0.0311073 0.0106151 9.98292E-05 9.98292E-05 9.98292E-05 9.98292E-05 0.07424 0.0162086 9.98292E-05 9.98292E-05 0.0125953 9.98292E-05 9.98292E-05
0.0516359 0.0357206 9.98202E-05 9.98202E-05 9.98202E-05 9.98202E-05 9.98202E-05 9.98202E-05 0.0629493 9.98202E-05 0.74189 9.98202E-05 9.98202E-05 9.98202E-05 9.98202E-05 9.98202E-05 9.98202E-05 0.0753918 0.0202435 0.0101725 9.98202E-05 9.98202E-05 9.98202E-05 9.98202E-05 9.98202E-05 9.98202E-05 9.98202E-05
9.98023E-05 9.98023E-05 0.0478747 9.98023E-05 9.98023E-05 9.98023E-05 9.98023E-05 9.98023E-05 0.0844749 0.238368 0.517032 9.98023E-05 9.98023E-05 9.98023E-05 9.98023E-05 9.98023E-05 9.98023E-05 9.98023E-05 9.98023E-05 9.98023E-05 0.110054 9.98023E-05 9.98023E-05 9.98023E-05 9.98023E-05 9.98023E-05 9.98023E-05
9.97934E-05 9.97934E-05 9.97934E-05 9.97934E-05 9.97934E-05 9.97934E-05 9.97934E-05 9.97934E-05 9.97934E-05 9.97934E-05 0.854919 0.0239469 9.97934E-05 9.97934E-05 9.97934E-05 9.97934E-05 9.97934E-05 9.97934E-05 9.97934E-05 9.97934E-05 0.075662 9.97934E-05 9.97934E-05 9.97934E-05 0.0431769 9.97934E-05 9.97934E-05
9.98203E-05 9.98203E-05 9.98203E-05 0.0719647 9.98203E-05 9.98203E-05 9.98203E-05 0.0461003 9.98203E-05 9.98203E-05 0.741549 9.98203E-05 0.00986651 9.98203E-05 9.98203E-05 9.98203E-05 9.98203E-05 0.092012 9.98203E-05 0.0337872 0.00272373 9.98203E-05 9.98203E-05 9.98203E-05 9.98203E-05 9.98203E-05 9.98203E-05
9.98293E-05 9.98293E-05 9.98293E-05 9.98293E-05 9.98293E-05 9.98293E-05 9.98293E-05 9.98293E-05 0.0110827 9.98293E-05 0.825351 0.00859298 0.0679123 9.98293E-05 9.98293E-05 9.98293E-05 9.98293E-05 9.98293E-05 9.98293E-05 9.98293E-05 0.00587572 0.0079571 0.0485452 0.0227864 9.98293E-05 9.98293E-05 9.98293E-05
9.98382E-05 9.98382E-05 9.98382E-05 9.98382E-05 9.98382E-05 0.138168 9.98382E-05 9.98382E-05 9.98382E-05 0.00933197 0.672129 0.0764864 9.98382E-05 0.033646 9.98382E-05 9.98382E-05 0.0379779 9.98382E-05 0.0209756 9.98382E-05 9.98382E-05 9.98382E-05 0.00646297 9.98382E-05 0.00302548 9.98382E-05 9.98382E-05
9.97665E-05 9.97665E-05 9.97665E-05 9.97665E-05 9.97665E-05 9.97665E-05 9.97665E-05 9.97665E-05 9.97665E-05 9.97665E-05 9.97665E-05 9.97665E-05 9.97665E-05 9.97665E-05 9.97665E-05 9.97665E-05 9.97665E-05 9.97665E-05 9.97665E-05 9.97665E-05 9.97665E-05 9.97665E-05 9.97665E-05 9.97665E-05 9.97665E-05 9.97665E-05 0.997406
0.0168504 0.050067 0.00237269 9.98382E-05 9.98382E-05 9.98382E-05 9.98382E-05 9.98382E-05 9.98382E-05 9.98382E-05 9.98382E-05 0.0292415 9.98382E-05 0.0611922 0.122749 9.98382E-05 9.98382E-05 9.98382E-05 9.98382E-05 9.98382E-05 9.98382E-05 0.27518 0.0437456 9.98382E-05 9.98382E-05 9.98382E-05 0.396804
9.98023E-05 9.98023E-05 9.98023E-05 9.98023E-05 9.98023E-05 9.98023E-05 0.370725 9.98023E-05 0.0262569 0.0104732 9.98023E-05 9.98023E-05 0.135527 9.98023E-05 9.98023E-05 9.98023E-05 9.98023E-05 9.98023E-05 9.98023E-05 9.98023E-05 9.98023E-05 9.98023E-05 9.98023E-05 9.98023E-05 9.98023E-05 9.98023E-05 0.454822
9.98382E-05 0.0199222 9.98382E-05 9.98382E-05 9.98382E-05 9.98382E-05 0.381359 0.0278722 0.148149 0.0109863 9.98382E-05 9.98382E-05 0.0584214 9.98382E-05 0.00715825 9.98382E-05 9.98382E-05 9.98382E-05 9.98382E-05 9.98382E-05 9.98382E-05 0.201721 9.98382E-05 9.98382E-05 9.98382E-05 9.98382E-05 0.142614
9.98023E-05 9.98023E-05 9.98023E-05 9.98023E-05 9.98023E-05 9.98023E-05 9.98023E-05 9.98023E-05 9.98023E-05 0.0501545 9.98023E-05 9.98023E-05 9.98023E-05 9.98023E-05 9.98023E-05 9.98023E-05 9.98023E-05 0.0338798 9.98023E-05 9.98023E-05 9.98023E-05 0.89189 0.012688 9.98023E-05 9.98023E-05 9.98023E-05 0.00919215
9.98112E-05 9.98112E-05 9.98112E-05 9.98112E-05 9.98112E-05 0.0295023 0.0479408 9.98112E-05 0.0597507 9.98112E-05 9.98112E-05 9.98112E-05 9.98112E-05 9.98112E-05 9.98112E-05 0.103008 0.0586373 9.98112E-05 9.98112E-05 9.98112E-05 9.98112E-05 9.98112E-05 9.98112E-05 9.98112E-05 9.98112E-05 9.98112E-05 0.699065
0.181599 9.98381E-05 9.98381E-05 9.98381E-05 9.98381E-05 0.0525924 9.98381E-05 9.98381E-05 9.98381E-05 9.98381E-05 9.98381E-05 0.0316104 9.98381E-05 9.98381E-05 9.98381E-05 9.98381E-05 9.98381E-05 9.98381E-05 9.98381E-05 0.0122373 0.0026202 0.0464664 9.98381E-05 0.0293869 0.0970606 9.98381E-05 0.54463
9.98202E-05 0.0307286 9.98202E-05 9.98202E-05 9.98202E-05 9.98202E-05 9.98202E-05 9.98202E-05 9.98202E-05 9.98202E-05 9.98202E-05 0.0531675 9.98202E-05 9.98202E-05 0.045972 9.98202E-05 9.98202E-05 0.0496158 9.98202E-05 9.98202E-05 9.98202E-05 0.640772 9.98202E-05 9.98202E-05 0.0218556 9.98202E-05 0.155892
9.98382E-05 0.00678823 9.98382E-05 9.98382E-05 9.98382E-05 9.98382E-05 0.251438 9.98382E-05 9.98382E-05 9.98382E-05 9.98382E-05 9.98382E-05 0.118673 9.98382E-05 9.98382E-05 0.0381402 9.98382E-05 0.0393567 9.98382E-05 0.0619782 9.98382E-05 0.272854 0.000492656 9.98382E-05 9.98382E-05 9.98382E-05 0.208481
9.98651E-05 9.98651E-05 0.0619169 9.98651E-05 0.023389 9.98651E-05 9.98651E-05 0.0184563 0.113825 9.98651E-05 9.98651E-05 9.98651E-05 0.105584 9.98651E-05 9.98651E-05 9.98651E-05 0.0347797 9.98651E-05 9.98651E-05 0.0442599 0.0318458 0.0118089 0.116817 9.98651E-05 9.98651E-05 0.0611043 0.374716
9.98292E-05 9.98292E-05 9.98292E-05 9.98292E-05 9.98292E-05 0.0727857 9.98292E-05 0.0322829 9.98292E-05 9.98292E-05 9.98292E-05 9.98292E-05 0.121051 9.98292E-05 9.98292E-05 9.98292E-05 9.98292E-05 9.98292E-05 0.00285537 0.0621705 9.98292E-05 0.147902 9.98292E-05 9.98292E-05 0.0221664 0.53689 9.98292E-05
0.136958 9.98382E-05 9.98382E-05 9.98382E-05 9.98382E-05 9.98382E-05 9.98382E-05 9.98382E-05 0.0239205 9.98382E-05 9.98382E-05 9.98382E-05 0.0421704 9.98382E-05 9.98382E-05 0.0443316 0.26261 9.98382E-05 9.98382E-05 9.98382E-05 0.0691498 0.131473 0.039729 9.98382E-05 9.98382E-05 0.247861 9.98382E-05
9.98651E-05 0.0223369 0.0113687 9.98651E-05 9.98651E-05 9.98651E-05 9.98651E-05 0.0520356 9.98651E-05 9.98651E-05 0.0234656 9.98651E-05 0.0193872 0.0181825 0.021147 9.98651E-05 0.644765 9.98651E-05 9.98651E-05 0.0082744 0.0726896 9.98651E-05 9.98651E-05 9.98651E-05 9.98651E-05 0.0467533 0.0580963
9.97664E-05 9.97664E-05 9.97664E-05 9.97664E-05 9.97664E-05 9.97664E-05 9.97664E-05 9.97664E-05 9.97664E-05 9.97664E-05 9.97664E-05 9.97664E-05 9.97664E-05 9.97664E-05 9.97664E-05 9.97664E-05 9.97664E-05 9.97664E-05 9.97664E-05 9.97664E-05 9.97664E-05 9.97664E-05 9.97664E-05 9.97664E-05 9.97664E-05 0.997406 9.97664E-05
9.98292E-05 9.98292E-05 9.98292E-05 9.98292E-05 9.98292E-05 9.98292E-05 0.170646 9.98292E-05 0.024478 0.11868 9.98292E-05 9.98292E-05 0.0666788 9.98292E-05 9.98292E-05 9.98292E-05 0.0805431 9.98292E-05 9.98292E-05 0.0436097 9.98292E-05 0.0791442 9.98292E-05 9.98292E-05 9.98292E-05 0.414324 9.98292E-05
9.98562E-05 9.98562E-05 9.98562E-05 0.0901483 9.98562E-05 0.0210728 9.98562E-05 0.0152418 9.98562E-05 9.98562E-05 9.98562E-05 9.98562E-05 9.98562E-05 9.98562E-05 9.98562E-05 9.98562E-05 9.98562E-05 0.0414236 0.0122073 9.98562E-05 0.0634892 0.0251121 0.176901 9.98562E-05 0.0591201 0.39564 0.0980463
9.97754E-05 9.97754E-05 9.97754E-05 9.97754E-05 9.97754E-05 9.97754E-05 9.97754E-05 9.97754E-05 9.97754E-05 9.97754E-05 9.97754E-05 9.97754E-05 9.97754E-05 9.97754E-05 9.97754E-05 9.97754E-05 0.0900715 9.97754E-05 9.97754E-05 9.97754E-05 9.97754E-05 9.97754E-05 9.97754E-05 9.97754E-05 9.97754E-05 0.907434 9.97754E-05
9.97755E-05 9.97755E-05 9.97755E-05 9.97755E-05 9.97755E-05 9.97755E-05 9.97755E-05 9.97755E-05 9.97755E-05 9.97755E-05 9.97755E-05 9.97755E-05 9.97755E-05 9.97755E-05 9.97755E-05 0.071511 0.925995 9.97755E-05 9.97755E-05 9.97755E-05 9.97755E-05 9.97755E-05 9.97755E-05 9.97755E-05 9.97755E-05 9.97755E-05 9.97755E-05
9.97665E-05 9.97665E-05 9.97665E-05 9.97665E-05 9.97665E-05 9.97665E-05 9.97665E-05 9.97665E-05 9.97665E-05 9.97665E-05 9.97665E-05 9.97665E-05 9.97665E-05 9.97665E-05 9.97665E-05 9.97665E-05 0.997406 9.97665E-05 9.97665E-05 9.97665E-05 9.97665E-05 9.97665E-05 9.97665E-05 9.97665E-05 9.97665E-05 9.97665E-05 9.97665E-05
9.97844E-05 9.97844E-05 9.97844E-05 9.97844E-05 9.97844E-05 9.97844E-05 9.97844E-05 9.97844E-05 9.97844E-05 0.029197 9.97844E-05 9.97844E-05 9.97844E-05 9.97844E-05 9.97844E-05 0.928992 9.97844E-05 9.97844E-05 9.97844E-05 0.0394161 9.97844E-05 9.97844E-05 9.97844E-05 9.97844E-05 9.97844E-05 9.97844E-05 9.97844E-05
9.97664E-05 9.97664E-05 9.97664E-05 9.97664E-05 9.97664E-05 9.97664E-05 9.97664E-05 9.97664E-05 9.97664E-05 9.97664E-05 9.97664E-05 9.97664E-05 9.97664E-05 9.97664E-05 9.97664E-05 0.997406 9.97664E-05 9.97664E-05 9.97664E-05 9.97664E-05 9.97664E-05 9.97664E-05 9.97664E-05 9.97664E-05 9.97664E-05 9.97664E-05 9.97664E-05
9.97664E-05 9.97664E-05 9.97664E-05 9.97664E-05 9.97664E-05 9.97664E-05 9.97664E-05 9.97664E-05 9.97664E-05 9.97664E-05 9.97664E-05 9.97664E-05 9.97664E-05 9.97664E-05 9.97664E-05 9.97664E-05 9.97664E-05 9.97664E-05 9.97664E-05 9.97664E-05 9.97664E-05 9.97664E-05 9.97664E-05 0.997406 9.97664E-05 9.97664E-05 9.97664E-05
0.565528 9.98113E-05 9.98113E-05 9.98113E-05 9.98113E-05 9.98113E-05 0.140728 9.98113E-05 9.98113E-05 9.98113E-05 9.98113E-05 9.98113E-05 0.118375 0.011545 9.98113E-05 9.98113E-05 0.029711 9.98113E-05 0.132017 9.98113E-05 9.98113E-05 9.98113E-05 9.98113E-05 9.98113E-05 9.98113E-05 9.98113E-05 9.98113E-05
0.123785 9.98831E-05 0.0693082 9.98831E-05 9.98831E-05 0.0185867 9.98831E-05 0.0473671 0.0372405 0.0115232 0.0489471 9.98831E-05 0.0435327 9.98831E-05 9.98831E-05 9.98831E-05 0.0342673 9.98831E-05 0.169435 9.98831E-05 9.98831E-05 0.145621 0.14234 0.0269441 9.98831E-05 0.0798037 9.98831E-05
0.468291 9.98293E-05 9.98293E-05 9.98293E-05 9.98293E-05 0.0502774 0.117928 9.98293E-05 0.0110593 9.98293E-05 9.98293E-05 0.00863722 0.289118 9.98293E-05 9.98293E-05 9.98293E-05 9.98293E-05 9.98293E-05 0.0189218 9.98293E-05 9.98293E-05 9.98293E-05 9.98293E-05 9.98293E-05 9.98293E-05 9.98293E-05 0.0338708
9.98112E-05 9.98112E-05 9.98112E-05 9.98112E-05 9.98112E-05 0.00730316 9.98112E-05 9.98112E-05 9.98112E-05 9.98112E-05 0.122971 9.98112E-05 9.98112E-05 9.98112E-05 9.98112E-05 9.98112E-05 9.98112E-05 9.98112E-05 0.0726964 9.98112E-05 0.0680795 0.675281 9.98112E-05 9.98112E-05 9.98112E-05 0.0515731 9.98112E-05
0.212233 0.0732851 0.0453184 9.98381E-05 9.98381E-05 9.98381E-05 9.98381E-05 9.98381E-05 9.98381E-05 9.98381E-05 9.98381E-05 9.98381E-05 9.98381E-05 9.98381E-05 9.98381E-05 9.98381E-05 9.98381E-05 0.0281118 9.98381E-05 9.98381E-05 0.200527 0.0505035 9.98381E-05 0.119454 9.98381E-05 0.117174 0.151596
9.97665E-05 9.97665E-05 9.97665E-05 9.97665E-05 9.97665E-05 9.97665E-05 9.97665E-05 9.97665E-05 9.97665E-05 9.97665E-05 9.97665E-05 9.97665E-05 9.97665E-05 9.97665E-05 9.97665E-05 9.97665E-05 9.97665E-05 9.97665E-05 0.997406 9.97665E-05 9.97665E-05 9.97665E-05 9.97665E-05 9.97665E-05 9.97665E-05 9.97665E-05 9.97665E-05
9.98292E-05 9.98292E-05 9.98292E-05 0.0525415 9.98292E-05 9.98292E-05 9.98292E-05 9.98292E-05 9.98292E-05 9.98292E-05 0.0369422 0.0139906 0.0631335 9.98292E-05 9.98292E-05 9.98292E-05 9.98292E-05 0.028645 0.726772 9.98292E-05 0.0528131 9.98292E-05 9.98292E-05 9.98292E-05 0.0232657 9.98292E-05 9.98292E-05
9.97665E-05 9.97665E-05 9.97665E-05 9.97665E-05 9.97665E-05 9.97665E-05 9.97665E-05 9.97665E-05 9.97665E-05 9.97665E-05 9.97665E-05 9.97665E-05 0.997406 9.97665E-05 9.97665E-05 9.97665E-05 9.97665E-05 9.97665E-05 9.97665E-05 9.97665E-05 9.97665E-05 9.97665E-05 9.97665E-05 9.97665E-05 9.97665E-05 9.97665E-05 9.97665E-05
0.00186068 9.98561E-05 9.98561E-05 9.98561E-05 9.98561E-05 9.98561E-05 0.00942203 9.98561E-05 0.00861777 9.98561E-05 9.98561E-05 9.98561E-05 0.249938 9.98561E-05 9.98561E-05 0.0411277 0.0112716 0.0243536 0.21673 9.98561E-05 9.98561E-05 0.0555489 9.98561E-05 0.28569 0.0938424 9.98561E-05 9.98561E-05
9.97754E-05 9.97754E-05 9.97754E-05 9.97754E-05 9.97754E-05 9.97754E-05 9.97754E-05 9.97754E-05 9.97754E-05 9.97754E-05 9.97754E-05 9.97754E-05 0.99487 9.97754E-05 9.97754E-05 9.97754E-05 9.97754E-05 9.97754E-05 9.97754E-05 9.97754E-05 9.97754E-05 9.97754E-05 9.97754E-05 9.97754E-05 9.97754E-05 9.97754E-05 0.00263577
9.97844E-05 9.97844E-05 9.97844E-05 9.97844E-05 9.97844E-05 0.0887872 9.97844E-05 9.97844E-05 9.97844E-05 9.97844E-05 9.97844E-05 9.97844E-05 9.97844E-05 9.97844E-05 9.97844E-05 9.97844E-05 9.97844E-05 9.97844E-05 9.97844E-05 9.97844E-05 9.97844E-05 0.844756 9.97844E-05 0.0640617 9.97844E-05 9.97844E-05 9.97844E-05
9.98472E-05 0.0735165 9.98472E-05 9.98472E-05 9.98472E-05 9.98472E-05 9.98472E-05 0.0873797 9.98472E-05 0.0348109 9.98472E-05 9.98472E-05 0.0129597 9.98472E-05 9.98472E-05 0.0750766 9.98472E-05 9.98472E-05 0.396126 0.0245067 9.98472E-05 0.090414 0.109921 0.0935909 9.98472E-05 9.98472E-05 9.98472E-05
9.98471E-05 0.0603421 9.98471E-05 9.98471E-05 9.98471E-05 0.0515115 0.0283742 9.98471E-05 9.98471E-05 0.0398008 9.98471E-05 0.0465169 0.00781228 9.98471E-05 9.98471E-05 0.0686738 0.0340948 9.98471E-05 9.98471E-05 0.580132 9.98471E-05 9.98471E-05 9.98471E-05 9.98471E-05 0.0810439 9.98471E-05 9.98471E-05
9.97934E-05 9.97934E-05 0.0108335 9.97934E-05 9.97934E-05 0.0450688 9.97934E-05 9.97934E-05 9.97934E-05 9.97934E-05 9.97934E-05 9.97934E-05 9.97934E-05 9.97934E-05 9.97934E-05 9.97934E-05 9.97934E-05 0.129966 9.97934E-05 0.811836 9.97934E-05 9.97934E-05 9.97934E-05 9.97934E-05 9.97934E-05 9.97934E-05 9.97934E-05
9.98471E-05 0.00325518 9.98471E-05 0.0321735 9.98471E-05 9.98471E-05 9.98471E-05 9.98471E-05 9.98471E-05 0.615866 0.028069 9.98471E-05 0.00357105 9.98471E-05 9.98471E-05 0.0124595 9.98471E-05 9.98471E-05 0.0130374 9.98471E-05 0.153816 9.98471E-05 9.98471E-05 9.98471E-05 0.0569595 9.98471E-05 0.0790955
0.0728245 9.98202E-05 9.98202E-05 0.133976 9.98202E-05 9.98202E-05 9.98202E-05 9.98202E-05 9.98202E-05 9.98202E-05 9.98202E-05 9.98202E-05 9.98202E-05 9.98202E-05 9.98202E-05 0.187498 9.98202E-05 9.98202E-05 9.98202E-05 0.321202 9.98202E-05 0.12503 9.98202E-05 9.98202E-05 0.0482521 9.98202E-05 0.109222
0.800303 9.98202E-05 9.98202E-05 9.98202E-05 9.98202E-05 0.0722167 0.00614944 0.0609534 9.98202E-05 9.98202E-05 9.98202E-05 9.98202E-05 9.98202E-05 9.98202E-05 9.98202E-05 0.0359691 9.98202E-05 9.98202E-05 9.98202E-05 0.0137279 9.98202E-05 9.98202E-05 0.00868386 9.98202E-05 9.98202E-05 9.98202E-05 9.98202E-05
0.076363 0.171488 9.98561E-05 0.173344 9.98561E-05 9.98561E-05 9.98561E-05 9.98561E-05 9.98561E-05 0.0246728 9.98561E-05 9.98561E-05 0.0275514 0.0340029 9.98561E-05 0.0640397 0.0596246 0.0330858 9.98561E-05 0.327513 9.98561E-05 9.98561E-05 0.00671741 9.98561E-05 9.98561E-05 9.98561E-05 9.98561E-05
9.97933E-05 9.97933E-05 9.97933E-05 9.97933E-05 9.97933E-05 9.97933E-05 9.97933E-05 0.0715631 9.97933E-05 9.97933E-05 9.97933E-05 0.0658143 9.97933E-05 9.97933E-05 9.97933E-05 9.97933E-05 9.97933E-05 9.97933E-05 9.97933E-05 0.851202 9.97933E-05 9.97933E-05 9.97933E-05 9.97933E-05 9.97933E-05 0.00912567 9.97933E-05
0.545558 9.97754E-05 9.97754E-05 9.97754E-05 9.97754E-05 9.97754E-05 9.97754E-05 9.97754E-05 9.97754E-05 9.97754E-05 9.97754E-05 9.97754E-05 9.97754E-05 9.97754E-05 9.97754E-05 9.97754E-05 9.97754E-05 9.97754E-05 9.97754E-05 0.451948 9.97754E-05 9.97754E-05 9.97754E-05 9.97754E-05 9.97754E-05 9.97754E-05 9.97754E-05
0.22131 0.00962054 9.98471E-05 0.0770883 9.98471E-05 9.98471E-05 9.98471E-05 0.0620145 9.98471E-05 0.225114 9.98471E-05 0.109054 0.00240981 9.98471E-05 9.98471E-05 9.98471E-05 0.230439 9.98471E-05 9.98471E-05 9.98471E-05 9.98471E-05 9.98471E-05 0.0221213 0.039132 9.98471E-05 9.98471E-05 9.98471E-05
0.176371 9.98741E-05 0.0322942 9.98741E-05 9.98741E-05 9.98741E-05 9.98741E-05 0.00321625 0.0393201 9.98741E-05 0.00697882 9.98741E-05 0.0916824 0.0465451 0.111029 0.0423184 0.124219 9.98741E-05 9.98741E-05 0.310888 9.98741E-05 0.00861372 9.98741E-05 9.98741E-05 9.98741E-05 9.98741E-05 0.00512591
9.98292E-05 9.98292E-05 9.98292E-05 9.98292E-05 0.00801428 9.98292E-05 0.0692792 0.0249255 9.98292E-05 9.98292E-05 9.98292E-05 9.98292E-05 0.0599179 0.0402733 0.0806528 0.0505369 9.98292E-05 9.98292E-05 9.98292E-05 0.664503 9.98292E-05 9.98292E-05 9.98292E-05 9.98292E-05 9.98292E-05 9.98292E-05 9.98292E-05
9.97664E-05 9.97664E-05 9.97664E-05 9.97664E-05 9.97664E-05 9.97664E-05 9.97664E-05 9.97664E-05 9.97664E-05 0.997406 9.97664E-05 9.97664E-05 9.97664E-05 9.97664E-05 9.97664E-05 9.97664E-05 9.97664E-05 9.97664E-05 9.97664E-05 9.97664E-05 9.97664E-05 9.97664E-05 9.97664E-05 9.97664E-05 9.97664E-05 9.97664E-05 9.97664E-05
0.67222 0.0148603 9.98112E-05 9.98112E-05 9.98112E-05 9.98112E-05 9.98112E-05 9.98112E-05 9.98112E-05 0.133355 9.98112E-05 9.98112E-05 9.98112E-05 9.98112E-05 9.98112E-05 9.98112E-05 0.0857234 9.98112E-05 9.98112E-05 9.98112E-05 9.98112E-05 0.0862167 9.98112E-05 9.98112E-05 9.98112E-05 0.00552889 9.98112E-05
0.454632 9.98471E-05 9.98471E-05 0.399042 9.98471E-05 0.0406342 9.98471E-05 9.98471E-05 9.98471E-05 0.0337171 9.98471E-05 9.98471E-05 9.98471E-05 9.98471E-05 0.000534978 0.00428083 0.00665427 9.98471E-05 0.0166394 0.00258955 9.98471E-05 9.98471E-05 9.98471E-05 9.98471E-05 9.98471E-05 9.98471E-05 0.0395791
0.12674 9.98292E-05 9.98292E-05 9.98292E-05 0.0184888 9.98292E-05 9.98292E-05 9.98292E-05 9.98292E-05 9.98292E-05 0.043026 9.98292E-05 0.0140439 9.98292E-05 9.98292E-05 9.98292E-05 9.98292E-05 9.98292E-05 9.98292E-05 0.566314 9.98292E-05 0.0787237 9.98292E-05 0.0185284 9.98292E-05 0.132239 9.98292E-05
0.74201 9.97933E-05 9.97933E-05 9.97933E-05 0.0829996 9.97933E-05 9.97933E-05 9.97933E-05 9.97933E-05 9.97933E-05 9.97933E-05 9.97933E-05 9.97933E-05 9.97933E-05 0.0784808 9.97933E-05 9.97933E-05 9.97933E-05 9.97933E-05 9.97933E-05 9.97933E-05 9.97933E-05 9.97933E-05 9.97933E-05 0.0942139 9.97933E-05 9.97933E-05
9.97664E-05 9.97664E-05 9.97664E-05 9.97664E-05 9.97664E-05 9.97664E-05 9.97664E-05 9.97664E-05 9.97664E-05 9.97664E-05 9.97664E-05 9.97664E-05 9.97664E-05 9.97664E-05 9.97664E-05 9.97664E-05 9.97664E-05 9.97664E-05 9.97664E-05 9.97664E-05 9.97664E-05 9.97664E-05 9.97664E-05 9.97664E-05 0.997406 9.97664E-05 9.97664E-05
9.98561E-05 9.98561E-05 9.98561E-05 9.98561E-05 9.98561E-05 9.98561E-05 9.98561E-05 0.0841522 0.391707 0.0258592 0.0033862 9.98561E-05 9.98561E-05 0.0768183 0.0128207 0.0663342 0.159469 0.0624196 9.98561E-05 9.98561E-05 9.98561E-05 0.010673 9.98561E-05 9.98561E-05 0.104763 9.98561E-05 9.98561E-05
0.0440352 9.98023E-05 9.98023E-05 9.98023E-05 9.98023E-05 0.0887567 9.98023E-05 9.98023E-05 0.73842 9.98023E-05 9.98023E-05 9.98023E-05 9.98023E-05 9.98023E-05 0.0244486 9.98023E-05 9.98023E-05 9.98023E-05 9.98023E-05 9.98023E-05 0.102144 9.98023E-05 9.98023E-05 9.98023E-05 9.98023E-05 9.98023E-05 9.98023E-05
9.98651E-05 9.98651E-05 9.98651E-05 9.98651E-05 9.98651E-05 0.148605 9.98651E-05 0.0142499 0.362791 0.0352946 0.00500044 0.0489983 9.98651E-05 0.0131268 9.98651E-05 9.98651E-05 0.21095 9.98651E-05 0.022023 9.98651E-05 9.98651E-05 0.112464 9.98651E-05 9.98651E-05 0.00196544 9.98651E-05 0.0230339
9.98039E-05 9.98039E-05 0.0127423 9.98039E-05 9.98039E-05 9.98039E-05 9.98039E-05 9.98039E-05 0.803072 9.98039E-05 9.98039E-05 0.103132 9.98039E-05 9.98039E-05 9.98039E-05 9.98039E-05 9.98039E-05 9.98039E-05 0.00579646 0.0730618 9.98039E-05 9.98039E-05 9.98039E-05 9.98039E-05 9.98039E-05 9.98039E-05 9.98039E-05
9.98471E-05 9.98471E-05 0.0300068 9.98471E-05 9.98471E-05 9.98471E-05 9.98471E-05 0.000229337 0.568 0.0713763 9.98471E-05 0.0375783 9.98471E-05 9.98471E-05 9.98471E-05 0.000622094 9.98471E-05 0.00505442 9.98471E-05 9.98471E-05 9.98471E-05 0.0302893 9.98471E-05 0.0864733 9.98471E-05 0.168673 9.98471E-05
0.0376857 9.98381E-05 9.98381E-05 0.113918 0.113527 9.98381E-05 9.98381E-05 0.0241606 0.383675 9.98381E-05 9.98381E-05 9.98381E-05 9.98381E-05 0.0790096 9.98381E-05 0.172341 9.98381E-05 9.98381E-05 9.98381E-05 9.98381E-05 9.98381E-05 9.98381E-05 9.98381E-05 9.98381E-05 0.00915899 0.0647272 9.98381E-05
9.98113E-05 9.98113E-05 9.98113E-05 0.259614 0.019073 9.98113E-05 9.98113E-05 9.98113E-05 0.440448 9.98113E-05 9.98113E-05 9.98113E-05 9.98113E-05 0.149176 9.98113E-05 9.98113E-05 0.0994238 9.98113E-05 9.98113E-05 9.98113E-05 9.98113E-05 9.98113E-05 9.98113E-05 0.0301692 9.98113E-05 9.98113E-05 9.98113E-05
9.98203E-05 9.98203E-05 9.98203E-05 9.98203E-05 0.133811 0.000577409 0.176816 9.98203E-05 0.520179 9.98203E-05 9.98203E-05 9.98203E-05 9.98203E-05 0.0231601 9.98203E-05 9.98203E-05 9.98203E-05 9.98203E-05 9.98203E-05 0.0039653 9.98203E-05 9.98203E-05 0.139494 9.98203E-05 9.98203E-05 9.98203E-05 9.98203E-05
9.98381E-05 0.0087679 0.0114899 0.0655906 9.98381E-05 0.0857717 9.98381E-05 9.98381E-05 0.598159 9.98381E-05 9.98381E-05 9.98381E-05 9.98381E-05 9.98381E-05 9.98381E-05 9.98381E-05 9.98381E-05 0.0565349 9.98381E-05 9.98381E-05 0.103241 9.98381E-05 9.98381E-05 9.98381E-05 0.0427948 0.0258532 9.98381E-05
0.0382112 0.0792226 9.98651E-05 0.0399544 9.98651E-05 0.0590637 9.98651E-05 0.0760244 0.474965 9.98651E-05 0.00113723 9.98651E-05 9.98651E-05 0.072442 9.98651E-05 9.98651E-05 0.0665095 0.0542479 0.00801175 9.98651E-05 9.98651E-05 9.98651E-05 9.98651E-05 9.98651E-05 9.98651E-05 9.98651E-05 0.0287123
9.98202E-05 9.98202E-05 9.98202E-05 9.98202E-05 0.131431 9.98202E-05 9.98202E-05 9.98202E-05 0.474484 9.98202E-05 9.98202E-05 0.00901661 9.98202E-05 0.115094 9.98202E-05 9.98202E-05 9.98202E-05 9.98202E-05 0.0735572 9.98202E-05 9.98202E-05 9.98202E-05 0.16654 9.98202E-05 9.98202E-05 9.98202E-05 0.0278805
9.98382E-05 9.98382E-05 9.98382E-05 0.121209 0.0678167 9.98382E-05 0.0576429 9.98382E-05 9.98382E-05 9.98382E-05 9.98382E-05 0.0166372 9.98382E-05 0.130517 9.98382E-05 0.463907 9.98382E-05 9.98382E-05 9.98382E-05 9.98382E-05 9.98382E-05 0.124595 9.98382E-05 0.00900665 9.98382E-05 0.006872 9.98382E-05
9.97664E-05 9.97664E-05 9.97664E-05 9.97664E-05 9.97664E-05 9.97664E-05 9.97664E-05 9.97664E-05 9.97664E-05 9.97664E-05 9.97664E-05 9.97664E-05 9.97664E-05 0.997406 9.97664E-05 9.97664E-05 9.97664E-05 9.97664E-05 9.97664E-05 9.97664E-05 9.97664E-05 9.97664E-05 9.97664E-05 9.97664E-05 9.97664E-05 9.97664E-05 9.97664E-05
0.0780088 0.0227638 9.98562E-05 9.98562E-05 9.98562E-05 9.98562E-05 9.98562E-05 0.0250134 0.597496 9.98562E-05 9.98562E-05 0.0365425 9.98562E-05 0.0177631 9.98562E-05 9.98562E-05 0.0685054 9.98562E-05 0.00947209 9.98562E-05 0.000918441 9.98562E-05 0.125909 9.98562E-05 0.0160092 9.98562E-05 9.98562E-05
9.98113E-05 9.98113E-05 9.98113E-05 9.98113E-05 9.98113E-05 9.98113E-05 9.98113E-05 0.0229654 0.742765 9.98113E-05 9.98113E-05 0.0989483 0.0249904 9.98113E-05 0.0350226 0.0732123 9.98113E-05 9.98113E-05 9.98113E-05 9.98113E-05 9.98113E-05 9.98113E-05 9.98113E-05 9.98113E-05 9.98113E-05 9.98113E-05 9.98113E-05
0.0552474 9.98471E-05 9.98471E-05 0.2337 9.98471E-05 9.98471E-05 9.98471E-05 9.98471E-05 0.254123 0.0710443 9.98471E-05 0.176399 9.98471E-05 0.0275469 9.98471E-05 9.98471E-05 9.98471E-05 9.98471E-05 0.0150777 9.98471E-05 0.101757 9.98471E-05 9.98471E-05 9.98471E-05 9.98471E-05 0.00227172 0.0611347
9.98113E-05 9.98113E-05 9.98113E-05 9.98113E-05 0.586378 9.98113E-05 0.141367 9.98113E-05 0.0923137 0.0326436 9.98113E-05 9.98113E-05 0.00977632 9.98113E-05 9.98113E-05 9.98113E-05 9.98113E-05 9.98113E-05 9.98113E-05 9.98113E-05 9.98113E-05 0.135426 9.98113E-05 9.98113E-05 9.98113E-05 9.98113E-05 9.98113E-05
9.97506E-05 9.97506E-05 9.97506E-05 9.97506E-05 9.97506E-05 9.97506E-05 9.97506E-05 9.97506E-05 9.97506E-05 9.97506E-05 9.97506E-05 9.97506E-05 9.97506E-05 9.97506E-05 0.997406 9.97506E-05 9.97506E-05 9.97506E-05 9.97506E-05 9.97506E-05 9.97506E-05 9.97506E-05 9.97506E-05 9.97506E-05 9.97506E-05 9.97506E-05 9.97506E-05
9.98023E-05 9.98023E-05 9.98023E-05 9.98023E-05 0.721052 9.98023E-05 0.0941227 9.98023E-05 0.00915902 0.160135 9.98023E-05 0.0133352 9.98023E-05 9.98023E-05 9.98023E-05 9.98023E-05 9.98023E-05 9.98023E-05 9.98023E-05 9.98023E-05 9.98023E-05 9.98023E-05 9.98023E-05 9.98023E-05 9.98023E-05 9.98023E-05 9.98023E-05
0.0548646 9.98023E-05 9.98023E-05 9.98023E-05 0.815975 9.98023E-05 9.98023E-05 9.98023E-05 9.98023E-05 9.98023E-05 9.98023E-05 9.98023E-05 9.98023E-05 9.98023E-05 9.98023E-05 9.98023E-05 9.98023E-05 9.98023E-05 0.0173236 9.98023E-05 0.0902826 9.98023E-05 9.98023E-05 9.98023E-05 9.98023E-05 9.98023E-05 0.0193581
9.98113E-05 9.98113E-05 9.98113E-05 9.98113E-05 0.813473 9.98113E-05 9.98113E-05 9.98113E-05 9.98113E-05 9.98113E-05 0.016917 9.98113E-05 0.0374216 9.98113E-05 9.98113E-05 9.98113E-05 0.0371467 9.98113E-05 9.98113E-05 9.98113E-05 9.98113E-05 0.00380973 9.98113E-05 9.98113E-05 9.98113E-05 0.0891363 9.98113E-05
9.98561E-05 9.98561E-05 0.0195727 9.98561E-05 0.336515 0.129049 0.106086 9.98561E-05 0.143286 9.98561E-05 9.98561E-05 9.98561E-05 9.98561E-05 9.98561E-05 0.0424566 9.98561E-05 9.98561E-05 0.0323067 9.98561E-05 9.98561E-05 0.0385518 0.119728 9.98561E-05 0.0135344 0.0173159 9.98561E-05 9.98561E-05
9.98471E-05 0.102205 0.0543428 9.98471E-05 0.58558 0.00035959 0.013886 0.0556749 0.0401347 9.98471E-05 9.98471E-05 0.0135316 9.98471E-05 9.98471E-05 0.082969 9.98471E-05 9.98471E-05 9.98471E-05 9.98471E-05 9.98471E-05 9.98471E-05 9.98471E-05 9.98471E-05 9.98471E-05 0.0496186 9.98471E-05 9.98471E-05
9.98382E-05 9.98382E-05 9.98382E-05 0.0458821 0.485531 0.052749 9.98382E-05 0.0449398 9.98382E-05 9.98382E-05 0.0680579 9.98382E-05 9.98382E-05 0.00874677 0.170501 9.98382E-05 9.98382E-05 9.98382E-05 9.98382E-05 9.98382E-05 9.98382E-05 0.113174 9.98382E-05 9.98382E-05 9.98382E-05 0.00862047 9.98382E-05
9.98203E-05 0.0499258 0.00221784 9.98203E-05 0.908543 9.98203E-05 9.98203E-05 0.0106644 9.98203E-05 9.98203E-05 9.98203E-05 9.98203E-05 9.98203E-05 9.98203E-05 9.98203E-05 9.98203E-05 9.98203E-05 9.98203E-05 0.00795465 9.98203E-05 9.98203E-05 9.98203E-05 9.98203E-05 9.98203E-05 0.0176465 0.00105142 9.98203E-05
0.0444978 9.98741E-05 9.98741E-05 0.0166404 0.0156788 0.514894 9.98741E-05 9.98741E-05 0.0240864 9.98741E-05 9.98741E-05 0.0659043 0.00986761 9.98741E-05 0.0607284 0.0759316 0.116047 9.98741E-05 9.98741E-05 0.00109317 9.98741E-05 9.98741E-05 9.98741E-05 0.0335792 0.0196535 9.98741E-05 9.98741E-05
9.97843E-05 9.97843E-05 9.97843E-05 0.127791 9.97843E-05 0.868128 9.97843E-05 9.97843E-05 9.97843E-05 9.97843E-05 9.97843E-05 9.97843E-05 0.00168638 9.97843E-05 9.97843E-05 9.97843E-05 9.97843E-05 9.97843E-05 9.97843E-05 9.97843E-05 9.97843E-05 9.97843E-05 9.97843E-05 9.97843E-05 9.97843E-05 9.97843E-05 9.97843E-05
9.98024E-05 9.98024E-05 0.00450871 9.98024E-05 0.114786 0.827073 9.98024E-05 9.98024E-05 9.98024E-05 9.98024E-05 9.98024E-05 9.98024E-05 9.98024E-05 9.98024E-05 9.98024E-05 9.98024E-05 9.98024E-05 9.98024E-05 9.98024E-05 9.98024E-05 9.98024E-05 9.98024E-05 0.0418641 9.98024E-05 0.00957248 9.98024E-05 9.98024E-05
9.98024E-05 9.98024E-05 9.98024E-05 9.98024E-05 9.98024E-05 0.881619 9.98024E-05 9.98024E-05 9.98024E-05 9.98024E-05 9.98024E-05 9.98024E-05 9.98024E-05 0.0266426 9.98024E-05 9.98024E-05 9.98024E-05 9.98024E-05 9.98024E-05 9.98024E-05 0.0453768 0.00802368 9.98024E-05 9.98024E-05 0.0361423 9.98024E-05 9.98024E-05
9.97933E-05 9.97933E-05 9.97933E-05 0.517844 9.97933E-05 0.382089 9.97933E-05 9.97933E-05 9.97933E-05 9.97933E-05 9.97933E-05 9.97933E-05 9.97933E-05 9.97933E-05 0.071421 9.97933E-05 9.97933E-05 9.97933E-05 9.97933E-05 9.97933E-05 0.0263512 9.97933E-05 9.97933E-05 9.97933E-05 9.97933E-05 9.97933E-05 9.97933E-05
0.360026 0.0482085 0.0352596 9.98471E-05 9.98471E-05 0.33232 9.98471E-05 9.98471E-05 0.0795099 9.98471E-05 9.98471E-05 9.98471E-05 0.017865 9.98471E-05 9.98471E-05 9.98471E-05 9.98471E-05 0.00206875 0.0631593 9.98471E-05 9.98471E-05 0.0541157 9.98471E-05 9.98471E-05 0.00576945 9.98471E-05 9.98471E-05
9.98471E-05 0.0704832 9.98471E-05 0.041627 0.0755613 0.298642 9.98471E-05 9.98471E-05 9.98471E-05 9.98471E-05 9.98471E-05 9.98471E-05 9.98471E-05 0.0665921 9.98471E-05 0.00222583 9.98471E-05 9.98471E-05 0.0105855 0.289967 9.98471E-05 9.98471E-05 9.98471E-05 9.98471E-05 0.0470572 0.0955612 9.98471E-05
9.98203E-05 9.98203E-05 9.98203E-05 0.0516128 9.98203E-05 0.656734 9.98203E-05 0.0674095 9.98203E-05 9.98203E-05 9.98203E-05 9.98203E-05 9.98203E-05 0.00015726 9.98203E-05 9.98203E-05 9.98203E-05 0.051101 9.98203E-05 9.98203E-05 9.98203E-05 9.98203E-05 9.98203E-05 9.98203E-05 0.0088188 0.162171 9.98203E-05
9.98292E-05 0.0400403 9.98292E-05 9.98292E-05 9.98292E-05 0.528365 9.98292E-05 9.98292E-05 0.0503162 9.98292E-05 9.98292E-05 9.98292E-05 0.0432784 9.98292E-05 9.98292E-05 0.224321 9.98292E-05 9.98292E-05 0.00775091 9.98292E-05 9.98292E-05 0.100197 9.98292E-05 0.00383462 9.98292E-05 9.98292E-05 9.98292E-05
9.98113E-05 0.0987517 0.00167021 0.795141 9.98113E-05 9.98113E-05 9.98113E-05 9.98113E-05 9.98113E-05 9.98113E-05 9.98113E-05 0.064221 9.98113E-05 9.98113E-05 9.98113E-05 9.98113E-05 9.98113E-05 9.98113E-05 9.98113E-05 9.98113E-05 9.98113E-05 9.98113E-05 9.98113E-05 9.98113E-05 9.98113E-05 0.0175729 0.0205472
9.98382E-05 9.98382E-05 9.98382E-05 9.98382E-05 0.0180181 0.596293 9.98382E-05 9.98382E-05 9.98382E-05 0.174186 9.98382E-05 0.0700864 0.0495767 9.98382E-05 0.0144447 9.98382E-05 0.0193362 9.98382E-05 9.98382E-05 9.98382E-05 9.98382E-05 9.98382E-05 9.98382E-05 0.00722068 9.98382E-05 9.98382E-05 0.0490413
9.98382E-05 9.98382E-05 0.0326524 0.778914 9.98382E-05 0.0414914 9.98382E-05 0.0490886 9.98382E-05 9.98382E-05 9.98382E-05 9.98382E-05 9.98382E-05 9.98382E-05 9.98382E-05 9.98382E-05 0.0246774 0.0196598 0.00698349 9.98382E-05 9.98382E-05 9.98382E-05 0.00261934 0.042116 9.98382E-05 9.98382E-05 9.98382E-05
9.98741E-05 0.0228795 9.98741E-05 0.0831015 0.0697412 0.442011 0.0402984 0.00499303 9.98741E-05 0.0396144 0.00595355 9.98741E-05 0.0318499 0.032396 9.98741E-05 0.0779005 0.0166304 9.98741E-05 9.98741E-05 9.98741E-05 9.98741E-05 9.98741E-05 9.98741E-05 0.131232 9.98741E-05 9.98741E-05 9.98741E-05
9.97844E-05 9.97844E-05 9.97844E-05 0.972515 9.97844E-05 9.97844E-05 9.97844E-05 9.97844E-05 9.97844E-05 0.00177429 9.97844E-05 9.97844E-05 9.97844E-05 9.97844E-05 9.97844E-05 9.97844E-05 9.97844E-05 9.97844E-05 9.97844E-05 0.0233157 9.97844E-05 9.97844E-05 9.97844E-05 9.97844E-05 9.97844E-05 9.97844E-05 9.97844E-05
0.0118772 9.98741E-05 0.0115388 0.39568 0.00382412 0.122535 0.0292607 9.98741E-05 0.276068 9.98741E-05 0.0128677 9.98741E-05 0.0470954 9.98741E-05 9.98741E-05 9.98741E-05 0.0392787 0.0310838 9.98741E-05 9.98741E-05 9.98741E-05 0.0112033 0.00628966 9.98741E-05 9.98741E-05 9.98741E-05 9.98741E-05
9.98741E-05 0.0310297 9.98741E-05 0.072361 0.0589648 0.33453 0.0147057 9.98741E-05 0.0916865 9.98741E-05 0.00213082 9.98741E-05 9.98741E-05 9.98741E-05 9.98741E-05 9.98741E-05 9.98741E-05 9.98741E-05 0.00730352 0.262862 0.0975411 0.00313976 9.98741E-05 0.00794513 9.98741E-05 0.0144014 9.98741E-05
9.98472E-05 0.0101365 9.98472E-05 9.98472E-05 0.0296634 0.749899 9.98472E-05 0.0357288 9.98472E-05 0.021293 9.98472E-05 9.98472E-05 9.98472E-05 0.00342475 9.98472E-05 9.98472E-05 9.98472E-05 9.98472E-05 9.98472E-05 9.98472E-05 9.98472E-05 0.0432704 9.98472E-05 0.0305851 9.98472E-05 0.0291759 0.0451258
9.98382E-05 0.0844076 9.98382E-05 0.0409758 0.0357405 0.41803 0.0514671 0.0545416 0.135193 9.98382E-05 9.98382E-05 9.98382E-05 0.0725906 9.98382E-05 9.98382E-05 9.98382E-05 9.98382E-05 9.98382E-05 9.98382E-05 9.98382E-05 9.98382E-05 9.98382E-05 0.105257 9.98382E-05 9.98382E-05 9.98382E-05 9.98382E-05
9.97664E-05 0.997406 9.97664E-05 9.97664E-05 9.97664E-05 9.97664E-05 9.97664E-05 9.97664E-05 9.97664E-05 9.97664E-05 9.97664E-05 9.97664E-05 9.97664E-05 9.97664E-05 9.97664E-05 9.97664E-05 9.97664E-05 9.97664E-05 9.97664E-05 9.97664E-05 9.97664E-05 9.97664E-05 9.97664E-05 9.97664E-05 9.97664E-05 9.97664E-05 9.97664E-05
0.0794431 9.98471E-05 0.00799723 9.98471E-05 9.98471E-05 9.98471E-05 0.213602 9.98471E-05 0.28729 9.98471E-05 9.98471E-05 0.000918748 9.98471E-05 9.98471E-05 9.98471E-05 0.105866 0.0605047 9.98471E-05 9.98471E-05 9.98471E-05 9.98471E-05 0.0321905 0.184622 0.0258682 9.98471E-05 9.98471E-05 9.98471E-05
9.9892E-05 0.0285658 0.00985002 0.022979 0.0498669 0.0520082 9.9892E-05 9.9892E-05 0.134748 0.123582 0.0264252 0.171203 0.0767165 0.0568244 0.0265108 9.9892E-05 9.9892E-05 9.9892E-05 9.9892E-05 9.9892E-05 9.9892E-05 0.00230611 0.196751 9.9892E-05 9.9892E-05 0.0204642 9.9892E-05
9.98741E-05 9.98741E-05 0.0112727 0.0712963 9.98741E-05 0.0128997 9.98741E-05 9.98741E-05 0.364364 0.0242106 0.0836537 0.0886203 0.0425475 9.98741E-05 0.000176516 0.0229788 9.98741E-05 9.98741E-05 9.98741E-05 9.98741E-05 9.98741E-05 9.98741E-05 0.15904 9.98741E-05 0.0312104 0.0863304 9.98741E-05
9.98202E-05 0.0101659 9.98202E-05 9.98202E-05 0.00201407 9.98202E-05 9.98202E-05 9.98202E-05 0.133624 0.160791 9.98202E-05 9.98202E-05 9.98202E-05 9.98202E-05 9.98202E-05 0.190126 9.98202E-05 9.98202E-05 9.98202E-05 9.98202E-05 9.98202E-05 9.98202E-05 0.342846 9.98202E-05 9.98202E-05 0.158436 9.98202E-05
9.98113E-05 0.00918731 9.98113E-05 9.98113E-05 0.0346074 9.98113E-05 0.680423 9.98113E-05 9.98113E-05 9.98113E-05 9.98113E-05 0.0961168 9.98113E-05 9.98113E-05 9.98113E-05 9.98113E-05 9.98113E-05 0.0509219 9.98113E-05 9.98113E-05 9.98113E-05 9.98113E-05 0.126647 9.98113E-05 9.98113E-05 9.98113E-05 9.98113E-05
0.0479511 9.98202E-05 9.98202E-05 9.98202E-05 9.98202E-05 0.0791383 0.553354 9.98202E-05 9.98202E-05 9.98202E-05 9.98202E-05 0.0653101 9.98202E-05 9.98202E-05 9.98202E-05 9.98202E-05 9.98202E-05 9.98202E-05 9.98202E-05 9.98202E-05 9.98202E-05 9.98202E-05 0.114602 9.98202E-05 9.98202E-05 0.0808523 0.0567965
9.98202E-05 0.0100369 9.98202E-05 9.98202E-05 9.98202E-05 9.98202E-05 0.623559 9.98202E-05 9.98202E-05 9.98202E-05 9.98202E-05 0.0921988 9.98202E-05 9.98202E-05 9.98202E-05 9.98202E-05 9.98202E-05 0.076007 9.98202E-05 9.98202E-05 0.141304 9.98202E-05 0.027069 9.98202E-05 0.027829 9.98202E-05 9.98202E-05
0.0225215 0.0131703 0.00767939 9.9901E-05 9.9901E-05 9.9901E-05 0.295805 0.121359 0.00195982 9.9901E-05 0.0584185 9.9901E-05 0.0259357 0.00128882 0.0509951 0.0401742 9.9901E-05 0.0876817 0.0023936 9.9901E-05 0.256067 9.9901E-05 9.9901E-05 0.012071 9.9901E-05 0.00137989 9.9901E-05
9.98112E-05 9.98112E-05 9.98112E-05 0.111261 0.025943 9.98112E-05 0.812273 9.98112E-05 0.0328221 9.98112E-05 9.98112E-05 9.98112E-05 9.98112E-05 0.00244118 9.98112E-05 9.98112E-05 9.98112E-05 9.98112E-05 9.98112E-05 0.0131636 9.98112E-05 9.98112E-05 9.98112E-05 9.98112E-05 9.98112E-05 9.98112E-05 9.98112E-05
9.98382E-05 9.98382E-05 9.98382E-05 0.0363082 9.98382E-05 9.98382E-05 0.546224 9.98382E-05 9.98382E-05 9.98382E-05 0.0597556 0.0254167 0.0454267 9.98382E-05 0.0025719 0.014656 9.98382E-05 9.98382E-05 9.98382E-05 9.98382E-05 0.237408 9.98382E-05 9.98382E-05 9.98382E-05 0.0304356 9.98382E-05 9.98382E-05
9.98471E-05 9.98471E-05 9.98471E-05 9.98471E-05 9.98471E-05 9.98471E-05 0.368223 0.11475 9.98471E-05 9.98471E-05 0.188401 9.98471E-05 9.98471E-05 9.98471E-05 9.98471E-05 9.98471E-05 9.98471E-05 9.98471E-05 0.004235 0.0782576 0.107109 0.0624532 9.98471E-05 0.00859081 9.98471E-05 0.0310731 0.0352093
9.98561E-05 9.98561E-05 9.98561E-05 0.171644 9.98561E-05 9.98561E-05 0.257384 9.98561E-05 0.0211756 9.98561E-05 0.0136056 0.0415064 9.98561E-05 0.0287232 9.98561E-05 0.0809279 0.00101627 9.98561E-05 9.98561E-05 9.98561E-05 0.232517 9.98561E-05 0.146913 9.98561E-05 9.98561E-05 0.00299058 9.98561E-05
0.0108786 9.98471E-05 0.000391659 0.0995832 9.98471E-05 9.98471E-05 0.723372 0.0389864 9.98471E-05 9.98471E-05 9.98471E-05 0.00312562 0.00896399 9.98471E-05 9.98471E-05 0.00223691 9.98471E-05 0.101598 0.00916679 9.98471E-05 9.98471E-05 9.98471E-05 9.98471E-05 9.98471E-05 9.98471E-05 9.98471E-05 9.98471E-05
9.98561E-05 9.98561E-05 0.00159259 0.0140562 9.98561E-05 9.98561E-05 0.441046 0.0222424 9.98561E-05 9.98561E-05 0.119884 0.0844821 9.98561E-05 9.98561E-05 9.98561E-05 0.0370357 0.0141163 0.0310712 9.98561E-05 9.98561E-05 9.98561E-05 9.98561E-05 0.201961 9.98561E-05 9.98561E-05 0.030915 9.98561E-05
9.97844E-05 9.97844E-05 9.97844E-05 9.97844E-05 9.97844E-05 0.0397734 0.681204 9.97844E-05 9.97844E-05 9.97844E-05 9.97844E-05 9.97844E-05 9.97844E-05 9.97844E-05 9.97844E-05 9.97844E-05 9.97844E-05 9.97844E-05 9.97844E-05 9.97844E-05 0.276628 9.97844E-05 9.97844E-05 9.97844E-05 9.97844E-05 9.97844E-05 9.97844E-05
0.00292017 9.98651E-05 0.0145079 9.98651E-05 0.0900116 0.0108772 9.98651E-05 9.98651E-05 0.0425912 9.98651E-05 0.00538152 0.0749718 9.98651E-05 9.98651E-05 9.98651E-05 9.98651E-05 9.98651E-05 9.98651E-05 9.98651E-05 9.98651E-05 0.558449 9.98651E-05 0.0641139 0.0550965 0.0093333 0.0702478 9.98651E-05
9.98023E-05 0.0421243 0.00152269 9.98023E-05 9.98023E-05 9.98023E-05 0.82968 0.00725084 9.98023E-05 9.98023E-05 9.98023E-05 0.117227 9.98023E-05 9.98023E-05 9.98023E-05 9.98023E-05 9.98023E-05 9.98023E-05 9.98023E-05 9.98023E-05 9.98023E-05 9.98023E-05 9.98023E-05 9.98023E-05 9.98023E-05 9.98023E-05 9.98023E-05
9.98831E-05 0.0169447 0.0131517 0.0132076 9.98831E-05 9.98831E-05 0.0803927 0.0376127 0.00381162 9.98831E-05 0.0737636 9.98831E-05 0.0152189 0.0499737 9.98831E-05 0.0644215 9.98831E-05 0.0396314 9.98831E-05 9.98831E-05 0.407567 0.00802867 0.174976 9.98831E-05 9.98831E-05 9.98831E-05 9.98831E-05
9.97665E-05 9.97665E-05 9.97665E-05 9.97665E-05 9.97665E-05 9.97665E-05 9.97665E-05 0.997406 9.97665E-05 9.97665E-05 9.97665E-05 9.97665E-05 9.97665E-05 9.97665E-05 9.97665E-05 9.97665E-05 9.97665E-05 9.97665E-05 9.97665E-05 9.97665E-05 9.97665E-05 9.97665E-05 9.97665E-05 9.97665E-05 9.97665E-05 9.97665E-05 9.97665E-05
0.0185471 9.98382E-05 9.98382E-05 9.98382E-05 9.98382E-05 9.98382E-05 0.199454 9.98382E-05 9.98382E-05 9.98382E-05 9.98382E-05 0.100227 9.98382E-05 9.98382E-05 0.0166594 9.98382E-05 9.98382E-05 0.259052 0.0216884 9.98382E-05 0.172418 9.98382E-05 0.147194 9.98382E-05 0.0629619 9.98382E-05 9.98382E-05
9.98472E-05 9.98472E-05 0.0299008 9.98472E-05 9.98472E-05 9.98472E-05 0.241654 9.98472E-05 9.98472E-05 9.98472E-05 9.98472E-05 0.0640704 0.0749425 9.98472E-05 0.0170322 9.98472E-05 9.98472E-05 0.436362 0.00302968 0.00900649 9.98472E-05 9.98472E-05 0.114534 9.98472E-05 0.00776984 9.98472E-05 9.98472E-05
9.97665E-05 9.97665E-05 9.97665E-05 9.97665E-05 9.97665E-05 9.97665E-05 9.97665E-05 0.997406 9.97665E-05 9.97665E-05 9.97665E-05 9.97665E-05 9.97665E-05 9.97665E-05 9.97665E-05 9.97665E-05 9.97665E-05 9.97665E-05 9.97665E-05 9.97665E-05 9.97665E-05 9.97665E-05 9.97665E-05 9.97665E-05 9.97665E-05 9.97665E-05 9.97665E-05
9.98023E-05 9.98023E-05 9.98023E-05 9.98023E-05 9.98023E-05 9.98023E-05 0.211822 9.98023E-05 9.98023E-05 9.98023E-05 0.164439 0.189317 9.98023E-05 9.98023E-05 9.98023E-05 9.98023E-05 9.98023E-05 0.37126 9.98023E-05 9.98023E-05 9.98023E-05 9.98023E-05 0.0609661 9.98023E-05 9.98023E-05 9.98023E-05 9.98023E-05
9.98202E-05 9.98202E-05 9.98202E-05 9.98202E-05 9.98202E-05 0.0661293 0.328108 9.98202E-05 9.98202E-05 0.104145 9.98202E-05 9.98202E-05 9.98202E-05 9.98202E-05 9.98202E-05 0.0108246 9.98202E-05 0.122856 9.98202E-05 9.98202E-05 0.349068 0.0168732 9.98202E-05 9.98202E-05 9.98202E-05 9.98202E-05 9.98202E-05
