9.98921E-05 9.98921E-05 9.98921E-05 9.98921E-05 9.98921E-05 9.98921E-05 0.650126 9.98921E-05 0.00474347 0.015374 9.98921E-05 9.98921E-05 9.98921E-05 9.98921E-05 0.0101581 0.160213 0.0243625 9.98921E-05 0.133825
0.0156403 0.0298175 9.98921E-05 9.98921E-05 0.0972591 0.00200641 0.731303 9.98921E-05 9.98921E-05 0.0128579 9.98921E-05 9.98921E-05 9.98921E-05 9.98921E-05 9.98921E-05 9.98921E-05 9.98921E-05 0.109917 9.98921E-05
9.98383E-05 9.98383E-05 9.98383E-05 9.98383E-05 9.98383E-05 9.98383E-05 0.998203 9.98383E-05 9.98383E-05 9.98383E-05 9.98383E-05 9.98383E-05 9.98383E-05 9.98383E-05 9.98383E-05 9.98383E-05 9.98383E-05 9.98383E-05 9.98383E-05
9.98921E-05 0.178992 9.98921E-05 0.0319795 9.98921E-05 9.98921E-05 0.598735 0.0490653 9.98921E-05 9.98921E-05 0.0316342 0.0222827 9.98921E-05 9.98921E-05 9.98921E-05 9.98921E-05 9.98921E-05 0.0861126 9.98921E-05
9.98741E-05 0.178235 9.98741E-05 9.98741E-05 9.98741E-05 0.028668 0.650775 0.0145314 9.98741E-05 9.98741E-05 9.98741E-05 9.98741E-05 0.126392 9.98741E-05 9.98741E-05 9.98741E-05 9.98741E-05 9.98741E-05 9.98741E-05
9.98651E-05 0.130512 9.98651E-05 9.98651E-05 9.98651E-05 9.98651E-05 0.780878 9.98651E-05 0.0241883 9.98651E-05 0.0629236 9.98651E-05 9.98651E-05 9.98651E-05 9.98651E-05 9.98651E-05 9.98651E-05 9.98651E-05 9.98651E-05
9.98741E-05 9.98741E-05 9.98741E-05 9.98741E-05 9.98741E-05 9.98741E-05 0.562286 9.98741E-05 9.98741E-05 9.98741E-05 9.98741E-05 9.98741E-05 9.98741E-05 0.059634 0.150177 0.0544013 9.98741E-05 9.98741E-05 0.172103
9.98652E-05 9.98652E-05 0.0446936 9.98652E-05 9.98652E-05 9.98652E-05 0.800423 9.98652E-05 9.98652E-05 0.146551 9.98652E-05 9.98652E-05 9.98652E-05 9.98652E-05 9.98652E-05 9.98652E-05 9.98652E-05 9.98652E-05 0.00683458
9.98831E-05 9.98831E-05 9.98831E-05 0.0369878 9.98831E-05 9.98831E-05 0.703363 9.98831E-05 9.98831E-05 9.98831E-05 0.0104357 0.108311 9.98831E-05 9.98831E-05 9.98831E-05 9.98831E-05 0.0180971 9.98831E-05 0.121507
9.98795E-05 9.98795E-05 9.98795E-05 0.0930986 0.0613984 9.98795E-05 0.823099 9.98795E-05 9.98795E-05 9.98795E-05 9.98795E-05 0.0182867 0.00271896 9.98795E-05 9.98795E-05 9.98795E-05 9.98795E-05 9.98795E-05 9.98795E-05
9.98741E-05 9.98741E-05 0.146092 9.98741E-05 9.98741E-05 9.98741E-05 0.707233 9.98741E-05 0.0250842 0.113607 9.98741E-05 9.98741E-05 9.98741E-05 9.98741E-05 9.98741E-05 9.98741E-05 0.00658485 9.98741E-05 9.98741E-05
0.998203 9.98382E-05 9.98382E-05 9.98382E-05 9.98382E-05 9.98382E-05 9.98382E-05 9.98382E-05 9.98382E-05 9.98382E-05 9.98382E-05 9.98382E-05 9.98382E-05 9.98382E-05 9.98382E-05 9.98382E-05 9.98382E-05 9.98382E-05 9.98382E-05
0.508928 9.99137E-05 9.99137E-05 0.170434 9.99137E-05 0.000721207 9.99137E-05 0.108398 9.99137E-05 0.0829681 0.0115601 9.99137E-05 9.99137E-05 0.0146922 9.99137E-05 9.99137E-05 0.0325073 0.0687923 9.99137E-05
0.420215 0.303414 9.98831E-05 9.98831E-05 9.98831E-05 9.98831E-05 9.98831E-05 9.98831E-05 9.98831E-05 9.98831E-05 9.98831E-05 0.0284693 0.01942 9.98831E-05 9.98831E-05 0.179753 9.98831E-05 0.0474307 9.98831E-05
0.221907 0.191083 9.9937E-05 0.0365496 0.0426714 0.0166706 0.0131851 0.0198061 9.9937E-05 9.9937E-05 9.9937E-05 0.0432904 9.9937E-05 0.00736628 0.143376 0.229378 9.9937E-05 9.9937E-05 0.0340164
0.238809 0.0182189 9.9892E-05 0.504947 9.9892E-05 9.9892E-05 9.9892E-05 9.9892E-05 9.9892E-05 9.9892E-05 0.00237486 9.9892E-05 0.0837804 9.9892E-05 9.9892E-05 0.0791337 9.9892E-05 9.9892E-05 0.0715371
0.734283 0.0845421 0.0299865 9.98831E-05 9.98831E-05 0.12941 0.00379317 9.98831E-05 9.98831E-05 9.98831E-05 9.98831E-05 9.98831E-05 9.98831E-05 9.98831E-05 0.0166865 9.98831E-05 9.98831E-05 9.98831E-05 9.98831E-05
0.48655 9.9892E-05 0.0498032 0.165867 0.0647781 9.9892E-05 9.9892E-05 9.9892E-05 9.9892E-05 0.00289691 0.1197 9.9892E-05 9.9892E-05 9.9892E-05 9.9892E-05 9.9892E-05 0.109206 9.9892E-05 9.9892E-05
0.204211 9.98921E-05 9.98921E-05 0.603751 0.0688014 9.98921E-05 9.98921E-05 0.0289971 9.98921E-05 9.98921E-05 9.98921E-05 0.0109748 9.98921E-05 9.98921E-05 9.98921E-05 9.98921E-05 0.0198574 9.98921E-05 0.0622088
0.276534 0.370459 9.9919E-05 0.0710356 0.030761 0.0701465 9.9919E-05 9.9919E-05 9.9919E-05 9.9919E-05 0.0186169 0.0101137 9.9919E-05 0.0129796 9.9919E-05 0.0941349 0.0443199 9.9919E-05 9.9919E-05
0.24963 9.9919E-05 9.9919E-05 0.0231542 0.0518838 9.9919E-05 0.0151964 9.9919E-05 9.9919E-05 9.9919E-05 9.9919E-05 9.9919E-05 0.0866672 0.0295095 0.00544079 0.276484 0.119185 9.9919E-05 0.141949
9.98921E-05 9.98921E-05 0.0408848 0.0144724 9.98921E-05 0.123519 9.98921E-05 9.98921E-05 9.98921E-05 9.98921E-05 0.0505667 0.0196889 9.98921E-05 9.98921E-05 9.98921E-05 0.217267 9.98921E-05 0.532402 9.98921E-05
9.98921E-05 0.0850398 9.98921E-05 0.213246 9.98921E-05 0.0313424 9.98921E-05 9.98921E-05 9.98921E-05 9.98921E-05 0.0483991 9.98921E-05 0.0412076 9.98921E-05 9.98921E-05 0.0460501 9.98921E-05 0.533516 9.98921E-05
0.0715895 9.99011E-05 9.99011E-05 9.99011E-05 9.99011E-05 9.99011E-05 0.0532425 9.99011E-05 9.99011E-05 0.0435609 9.99011E-05 0.0195109 9.99011E-05 0.00934932 0.051087 9.99011E-05 0.113848 0.636713 9.99011E-05
9.98652E-05 0.0174321 0.000662657 9.98652E-05 9.98652E-05 9.98652E-05 9.98652E-05 0.0179761 9.98652E-05 9.98652E-05 9.98652E-05 9.98652E-05 9.98652E-05 9.98652E-05 9.98652E-05 9.98652E-05 9.98652E-05 0.962431 9.98652E-05
9.99101E-05 0.227208 9.99101E-05 9.99101E-05 9.99101E-05 0.0043079 9.99101E-05 9.99101E-05 9.99101E-05 0.0374457 0.0234327 9.99101E-05 9.99101E-05 0.0119056 0.130153 0.0143572 0.0135229 0.536668 9.99101E-05
0.0573869 9.9919E-05 0.0788298 9.9919E-05 9.9919E-05 0.103635 9.9919E-05 0.0105731 0.0352659 0.211425 9.9919E-05 0.026704 0.0633526 9.9919E-05 9.9919E-05 0.0596337 9.9919E-05 0.352295 9.9919E-05
9.98562E-05 9.98562E-05 9.98562E-05 9.98562E-05 0.000770572 9.98562E-05 9.98562E-05 9.98562E-05 9.98562E-05 9.98562E-05 9.98562E-05 0.00617523 9.98562E-05 9.98562E-05 9.98562E-05 9.98562E-05 9.98562E-05 0.991456 9.98562E-05
9.98921E-05 9.98921E-05 0.0504144 9.98921E-05 9.98921E-05 0.0390484 9.98921E-05 9.98921E-05 9.98921E-05 9.98921E-05 9.98921E-05 9.98921E-05 9.98921E-05 0.00106843 0.116371 0.0483275 0.0471208 0.696451 9.98921E-05
0.0245306 9.98652E-05 9.98652E-05 9.98652E-05 9.98652E-05 9.98652E-05 9.98652E-05 0.00359054 9.98652E-05 9.98652E-05 9.98652E-05 9.98652E-05 9.98652E-05 9.98652E-05 9.98652E-05 9.98652E-05 9.98652E-05 0.920479 0.049902
9.98472E-05 9.98472E-05 9.98472E-05 9.98472E-05 9.98472E-05 0.918612 9.98472E-05 9.98472E-05 9.98472E-05 9.98472E-05 9.98472E-05 9.98472E-05 0.0796902 9.98472E-05 9.98472E-05 9.98472E-05 9.98472E-05 9.98472E-05 9.98472E-05
9.98562E-05 9.98562E-05 9.98562E-05 9.98562E-05 9.98562E-05 0.919955 0.0476779 9.98562E-05 9.98562E-05 9.98562E-05 9.98562E-05 9.98562E-05 9.98562E-05 9.98562E-05 0.0307691 9.98562E-05 9.98562E-05 9.98562E-05 9.98562E-05
9.98741E-05 9.98741E-05 0.100959 0.573617 0.0682079 9.98741E-05 9.98741E-05 9.98741E-05 0.032424 9.98741E-05 9.98741E-05 9.98741E-05 0.223394 9.98741E-05 9.98741E-05 9.98741E-05 9.98741E-05 9.98741E-05 9.98741E-05
9.98472E-05 9.98472E-05 9.98472E-05 9.98472E-05 9.98472E-05 9.98472E-05 9.98472E-05 9.98472E-05 0.0307626 9.98472E-05 9.98472E-05 9.98472E-05 9.98472E-05 9.98472E-05 9.98472E-05 9.98472E-05 0.96754 9.98472E-05 9.98472E-05
9.9946E-05 9.9946E-05 9.9946E-05 0.0996716 9.9946E-05 0.00779502 0.0571643 9.9946E-05 0.125985 0.111304 0.034533 0.0712956 9.9946E-05 0.0517637 0.0219696 0.0798961 0.192379 0.0880907 0.0575528
9.98472E-05 9.98472E-05 9.98472E-05 9.98472E-05 9.98472E-05 0.00755319 9.98472E-05 9.98472E-05 9.98472E-05 9.98472E-05 9.98472E-05 9.98472E-05 9.98472E-05 9.98472E-05 9.98472E-05 9.98472E-05 0.990749 9.98472E-05 9.98472E-05
9.9892E-05 0.0941658 9.9892E-05 0.718485 0.0219949 9.9892E-05 0.0444433 9.9892E-05 0.0452782 9.9892E-05 9.9892E-05 9.9892E-05 9.9892E-05 9.9892E-05 9.9892E-05 9.9892E-05 0.00102382 0.07341 9.9892E-05
0.0730576 9.98921E-05 9.98921E-05 0.3692 9.98921E-05 9.98921E-05 9.98921E-05 9.98921E-05 9.98921E-05 0.0688511 9.98921E-05 9.98921E-05 9.98921E-05 0.0495865 9.98921E-05 9.98921E-05 0.19202 0.0532384 0.192848
9.98382E-05 9.98382E-05 9.98382E-05 9.98382E-05 9.98382E-05 9.98382E-05 9.98382E-05 9.98382E-05 0.998203 9.98382E-05 9.98382E-05 9.98382E-05 9.98382E-05 9.98382E-05 9.98382E-05 9.98382E-05 9.98382E-05 9.98382E-05 9.98382E-05
9.9892E-05 0.0170313 9.9892E-05 9.9892E-05 0.03759 9.9892E-05 0.0742656 9.9892E-05 0.748128 0.000554513 9.9892E-05 9.9892E-05 9.9892E-05 9.9892E-05 9.9892E-05 0.0948232 9.9892E-05 9.9892E-05 0.0264089
9.98472E-05 9.98472E-05 0.0051705 9.98472E-05 9.98472E-05 9.98472E-05 9.98472E-05 9.98472E-05 9.98472E-05 9.98472E-05 9.98472E-05 9.98472E-05 9.98472E-05 9.98472E-05 9.98472E-05 0.993132 9.98472E-05 9.98472E-05 9.98472E-05
9.98921E-05 9.98921E-05 9.98921E-05 0.137997 9.98921E-05 9.98921E-05 9.98921E-05 9.98921E-05 0.27846 9.98921E-05 0.0917165 9.98921E-05 0.1039 9.98921E-05 0.0214394 0.351141 9.98921E-05 9.98921E-05 0.0141479
9.98382E-05 9.98382E-05 9.98382E-05 9.98382E-05 9.98382E-05 9.98382E-05 9.98382E-05 9.98382E-05 9.98382E-05 9.98382E-05 9.98382E-05 9.98382E-05 9.98382E-05 9.98382E-05 9.98382E-05 0.998203 9.98382E-05 9.98382E-05 9.98382E-05
9.98382E-05 9.98382E-05 9.98382E-05 0.998203 9.98382E-05 9.98382E-05 9.98382E-05 9.98382E-05 9.98382E-05 9.98382E-05 9.98382E-05 9.98382E-05 9.98382E-05 9.98382E-05 9.98382E-05 9.98382E-05 9.98382E-05 9.98382E-05 9.98382E-05
9.991E-05 0.0353249 9.991E-05 0.0878879 9.991E-05 0.17097 9.991E-05 9.991E-05 0.425875 0.00688157 9.991E-05 0.080952 0.162424 0.00511628 9.991E-05 0.023569 9.991E-05 9.991E-05 9.991E-05
9.9901E-05 9.9901E-05 0.0145295 0.00412581 0.0779928 0.41743 9.9901E-05 9.9901E-05 9.9901E-05 9.9901E-05 0.357392 9.9901E-05 9.9901E-05 0.00283737 9.9901E-05 0.0515235 9.9901E-05 0.0730698 9.9901E-05
9.98741E-05 9.98741E-05 0.085569 9.98741E-05 9.98741E-05 9.98741E-05 9.98741E-05 9.98741E-05 0.0128069 9.98741E-05 0.687697 9.98741E-05 9.98741E-05 0.0245771 9.98741E-05 9.98741E-05 9.98741E-05 9.98741E-05 0.187951
0.139137 9.9928E-05 0.192581 9.9928E-05 9.9928E-05 9.9928E-05 0.103888 9.9928E-05 0.0236151 0.0324664 0.250452 9.9928E-05 9.9928E-05 0.0164466 0.0883764 0.0445736 9.9928E-05 0.0369742 0.0706901
0.113061 9.9892E-05 0.0286626 0.010265 9.9892E-05 0.347951 9.9892E-05 9.9892E-05 9.9892E-05 9.9892E-05 0.173504 9.9892E-05 9.9892E-05 9.9892E-05 9.9892E-05 0.0193426 0.306015 9.9892E-05 9.9892E-05
9.98831E-05 0.0325733 9.98831E-05 0.220463 9.98831E-05 9.98831E-05 9.98831E-05 9.98831E-05 0.00850567 9.98831E-05 0.660299 0.0202203 0.0566401 9.98831E-05 9.98831E-05 9.98831E-05 9.98831E-05 9.98831E-05 9.98831E-05
9.98921E-05 9.98921E-05 9.98921E-05 9.98921E-05 9.98921E-05 9.98921E-05 9.98921E-05 0.0578062 9.98921E-05 0.0195561 0.155323 9.98921E-05 0.10455 0.000450546 0.108286 9.98921E-05 0.55283 9.98921E-05 9.98921E-05
0.0497101 9.9919E-05 9.9919E-05 0.0226768 0.115685 0.119253 9.9919E-05 9.9919E-05 9.9919E-05 9.9919E-05 0.41414 0.0950261 9.9919E-05 9.9919E-05 0.00785219 0.0163263 0.0958147 0.0626166 9.9919E-05
9.98472E-05 9.98472E-05 9.98472E-05 9.98472E-05 9.98472E-05 9.98472E-05 9.98472E-05 9.98472E-05 0.0197469 9.98472E-05 0.978556 9.98472E-05 9.98472E-05 9.98472E-05 9.98472E-05 9.98472E-05 9.98472E-05 9.98472E-05 9.98472E-05
9.9919E-05 9.9919E-05 0.0529252 9.9919E-05 0.0959671 9.9919E-05 0.0193625 9.9919E-05 9.9919E-05 9.9919E-05 0.320734 0.00485261 0.186072 9.9919E-05 0.0830857 0.0395103 0.00316396 0.193427 9.9919E-05
0.0500693 0.00472246 9.9955E-05 0.04072 9.9955E-05 0.0389859 9.9955E-05 0.0862188 0.0155239 9.9955E-05 0.439105 0.0114014 0.0505499 0.0410342 0.0896825 0.0969241 0.0137422 0.0208207 9.9955E-05
9.99011E-05 0.14209 9.99011E-05 9.99011E-05 9.99011E-05 0.0497162 9.99011E-05 0.0612872 9.99011E-05 0.0490265 0.518452 0.025216 9.99011E-05 9.99011E-05 0.0466497 0.106463 9.99011E-05 9.99011E-05 9.99011E-05
0.0161092 9.99011E-05 0.00713767 9.99011E-05 0.098696 9.99011E-05 9.99011E-05 0.00330698 9.99011E-05 9.99011E-05 0.527898 9.99011E-05 0.111814 9.99011E-05 0.204577 9.99011E-05 9.99011E-05 0.0293618 9.99011E-05
9.98741E-05 9.98741E-05 9.98741E-05 0.122682 9.98741E-05 9.98741E-05 9.98741E-05 9.98741E-05 9.98741E-05 0.00712488 0.740324 9.98741E-05 9.98741E-05 9.98741E-05 0.0232268 9.98741E-05 9.98741E-05 0.105244 9.98741E-05
0.099449 9.9901E-05 0.310236 9.9901E-05 9.9901E-05 9.9901E-05 0.0456182 9.9901E-05 0.0432408 0.0234333 0.438223 9.9901E-05 9.9901E-05 9.9901E-05 9.9901E-05 9.9901E-05 0.0323527 9.9901E-05 0.00634761
9.9901E-05 0.104859 9.9901E-05 0.0498803 9.9901E-05 9.9901E-05 0.0633484 0.016408 9.9901E-05 9.9901E-05 0.55837 9.9901E-05 9.9901E-05 9.9901E-05 9.9901E-05 0.0556858 0.0170691 0.13328 9.9901E-05
0.0197729 9.99011E-05 0.0109933 0.0274445 9.99011E-05 9.99011E-05 9.99011E-05 0.226686 0.032956 9.99011E-05 0.549084 9.99011E-05 9.99011E-05 9.99011E-05 9.99011E-05 0.0357718 0.0961922 9.99011E-05 9.99011E-05
9.99011E-05 9.99011E-05 0.338235 9.99011E-05 9.99011E-05 0.0532162 9.99011E-05 9.99011E-05 9.99011E-05 0.0196622 0.255999 9.99011E-05 9.99011E-05 0.0203598 9.99011E-05 0.257316 9.99011E-05 0.0488314 0.00528173
9.9919E-05 9.9919E-05 0.0256626 9.9919E-05 9.9919E-05 0.12524 9.9919E-05 0.00963698 9.9919E-05 9.9919E-05 0.0730926 0.101207 0.0330863 0.00366669 0.503091 9.9919E-05 9.9919E-05 0.112123 0.0122943
9.98831E-05 0.126466 0.142092 9.98831E-05 9.98831E-05 9.98831E-05 9.98831E-05 9.98831E-05 9.98831E-05 9.98831E-05 0.0480504 9.98831E-05 9.98831E-05 9.98831E-05 0.556101 0.0872241 9.98831E-05 9.98831E-05 0.0387677
0.0783333 9.9919E-05 0.166494 0.131379 0.0534415 9.9919E-05 0.0212644 9.9919E-05 0.0213743 9.9919E-05 0.0116308 0.0232607 9.9919E-05 9.9919E-05 0.418401 9.9919E-05 9.9919E-05 0.0735223 9.9919E-05
0.0750736 9.98921E-05 9.98921E-05 9.98921E-05 9.98921E-05 9.98921E-05 9.98921E-05 9.98921E-05 9.98921E-05 0.194879 0.00181557 9.98921E-05 9.98921E-05 0.0225079 0.652903 0.0348781 9.98921E-05 9.98921E-05 0.0167437
9.9919E-05 0.0428041 9.9919E-05 0.163806 0.0353908 0.0430539 9.9919E-05 9.9919E-05 9.9919E-05 0.0551085 9.9919E-05 0.0137081 0.00828047 0.0329773 0.515627 9.9919E-05 9.9919E-05 0.0883444 9.9919E-05
9.9901E-05 9.9901E-05 0.0156379 9.9901E-05 0.0164619 0.166087 9.9901E-05 0.141653 9.9901E-05 9.9901E-05 9.9901E-05 0.0231175 9.9901E-05 9.9901E-05 0.55758 9.9901E-05 0.0779924 0.000371683 9.9901E-05
9.98831E-05 9.98831E-05 0.0875154 9.98831E-05 9.98831E-05 9.98831E-05 0.00225538 9.98831E-05 9.98831E-05 9.98831E-05 0.00281671 9.98831E-05 0.00789379 9.98831E-05 0.856771 9.98831E-05 9.98831E-05 0.0414496 9.98831E-05
9.98741E-05 0.285923 9.98741E-05 9.98741E-05 9.98741E-05 9.98741E-05 0.00428379 0.0214263 9.98741E-05 0.119409 9.98741E-05 9.98741E-05 9.98741E-05 9.98741E-05 0.56756 9.98741E-05 9.98741E-05 9.98741E-05 9.98741E-05
9.9892E-05 0.113296 0.216716 9.9892E-05 9.9892E-05 9.9892E-05 9.9892E-05 9.9892E-05 9.9892E-05 0.0418506 9.9892E-05 9.9892E-05 9.9892E-05 0.0142426 0.498601 0.00230129 9.9892E-05 9.9892E-05 0.111795
9.99011E-05 0.177861 0.0880221 9.99011E-05 9.99011E-05 9.99011E-05 0.0257278 9.99011E-05 0.0242392 9.99011E-05 0.000422207 9.99011E-05 9.99011E-05 9.99011E-05 0.602741 9.99011E-05 0.0489153 0.0309722 9.99011E-05
0.0574849 9.9901E-05 9.9901E-05 9.9901E-05 0.0335742 9.9901E-05 0.0311886 0.0499585 0.0572895 9.9901E-05 9.9901E-05 9.9901E-05 0.152271 9.9901E-05 0.612787 9.9901E-05 9.9901E-05 9.9901E-05 0.0043471
9.98831E-05 9.98831E-05 9.98831E-05 0.138125 0.0933207 0.380818 0.0223188 0.0740865 9.98831E-05 9.98831E-05 9.98831E-05 9.98831E-05 9.98831E-05 9.98831E-05 0.290032 9.98831E-05 9.98831E-05 9.98831E-05 9.98831E-05
0.0116489 9.98652E-05 9.98652E-05 9.98652E-05 9.98652E-05 9.98652E-05 0.0686522 9.98652E-05 9.98652E-05 9.98652E-05 0.09143 9.98652E-05 9.98652E-05 9.98652E-05 0.826771 9.98652E-05 9.98652E-05 9.98652E-05 9.98652E-05
9.98921E-05 9.98921E-05 9.98921E-05 9.98921E-05 0.0121149 9.98921E-05 9.98921E-05 9.98921E-05 0.0144546 0.129504 9.98921E-05 0.0317365 0.0371539 9.98921E-05 0.695022 9.98921E-05 0.0788157 9.98921E-05 9.98921E-05
9.98831E-05 0.0725726 9.98831E-05 9.98831E-05 9.98831E-05 0.0405599 9.98831E-05 0.0130654 9.98831E-05 0.140961 9.98831E-05 9.98831E-05 9.98831E-05 9.98831E-05 0.636434 0.0951081 9.98831E-05 9.98831E-05 9.98831E-05
0.0584922 9.9901E-05 0.100403 9.9901E-05 9.9901E-05 9.9901E-05 9.9901E-05 9.9901E-05 0.0679519 0.336877 0.0808022 0.0158839 9.9901E-05 9.9901E-05 0.304807 9.9901E-05 0.0336834 9.9901E-05 9.9901E-05
0.0739762 0.128797 9.98831E-05 9.98831E-05 9.98831E-05 9.98831E-05 9.98831E-05 0.622153 9.98831E-05 9.98831E-05 9.98831E-05 9.98831E-05 9.98831E-05 9.98831E-05 0.0425305 0.0824078 0.048837 9.98831E-05 9.98831E-05
0.0160467 9.98652E-05 9.98652E-05 9.98652E-05 9.98652E-05 9.98652E-05 9.98652E-05 0.817786 9.98652E-05 0.0483319 9.98652E-05 9.98652E-05 9.98652E-05 9.98652E-05 9.98652E-05 0.116338 9.98652E-05 9.98652E-05 9.98652E-05
9.98741E-05 0.0860135 9.98741E-05 9.98741E-05 0.0912528 9.98741E-05 9.98741E-05 0.638784 9.98741E-05 9.98741E-05 9.98741E-05 9.98741E-05 0.0226466 9.98741E-05 0.159904 9.98741E-05 9.98741E-05 9.98741E-05 9.98741E-05
0.0154397 0.0684694 9.98921E-05 9.98921E-05 9.98921E-05 9.98921E-05 9.98921E-05 0.792525 0.0559837 9.98921E-05 0.0314333 9.98921E-05 9.98921E-05 9.98921E-05 0.0253394 9.98921E-05 9.98921E-05 9.98921E-05 0.00961122
9.98741E-05 9.98741E-05 0.0923996 9.98741E-05 9.98741E-05 9.98741E-05 0.0717264 0.716276 9.98741E-05 9.98741E-05 9.98741E-05 9.98741E-05 9.98741E-05 9.98741E-05 9.98741E-05 0.0274225 9.98741E-05 0.0907775 9.98741E-05
9.98921E-05 0.0234533 0.137598 0.152072 0.0173527 9.98921E-05 9.98921E-05 0.493416 9.98921E-05 9.98921E-05 9.98921E-05 9.98921E-05 9.98921E-05 9.98921E-05 0.00792233 9.98921E-05 9.98921E-05 9.98921E-05 0.166987
9.98831E-05 0.0690582 0.100088 9.98831E-05 9.98831E-05 9.98831E-05 9.98831E-05 0.70111 9.98831E-05 0.0596533 9.98831E-05 9.98831E-05 9.98831E-05 0.0592826 0.00950917 9.98831E-05 9.98831E-05 9.98831E-05 9.98831E-05
9.98831E-05 9.98831E-05 0.0673186 0.103609 9.98831E-05 9.98831E-05 0.0589077 0.678753 9.98831E-05 9.98831E-05 9.98831E-05 0.0622515 9.98831E-05 9.98831E-05 9.98831E-05 9.98831E-05 9.98831E-05 0.0278615 9.98831E-05
9.98741E-05 9.98741E-05 0.0848397 9.98741E-05 9.98741E-05 9.98741E-05 9.98741E-05 0.868492 0.00571067 9.98741E-05 9.98741E-05 9.98741E-05 0.018258 0.0213016 9.98741E-05 9.98741E-05 9.98741E-05 9.98741E-05 9.98741E-05
9.9919E-05 9.9919E-05 0.560599 0.000426259 0.10463 0.0516005 9.9919E-05 0.0406391 0.00199698 9.9919E-05 0.105426 9.9919E-05 9.9919E-05 0.0164338 0.0181346 9.9919E-05 9.9919E-05 0.0992146 9.9919E-05
9.98561E-05 9.98561E-05 0.964361 9.98561E-05 9.98561E-05 9.98561E-05 9.98561E-05 9.98561E-05 9.98561E-05 9.98561E-05 9.98561E-05 0.000386639 9.98561E-05 9.98561E-05 9.98561E-05 9.98561E-05 0.0336548 9.98561E-05 9.98561E-05
9.98832E-05 9.98832E-05 0.88965 9.98832E-05 0.0242136 9.98832E-05 0.000651871 0.0339935 9.98832E-05 0.0403023 9.98832E-05 9.98832E-05 9.98832E-05 0.00989063 9.98832E-05 9.98832E-05 9.98832E-05 9.98832E-05 9.98832E-05
0.0329463 9.98831E-05 0.687353 0.0686634 9.98831E-05 0.155181 0.0401383 9.98831E-05 9.98831E-05 9.98831E-05 9.98831E-05 0.0144195 9.98831E-05 9.98831E-05 9.98831E-05 9.98831E-05 9.98831E-05 9.98831E-05 9.98831E-05
9.98921E-05 9.98921E-05 0.734838 9.98921E-05 0.0349706 9.98921E-05 0.103096 0.103853 9.98921E-05 9.98921E-05 9.98921E-05 9.98921E-05 9.98921E-05 0.00461441 9.98921E-05 9.98921E-05 9.98921E-05 0.0027154 0.0147135
9.991E-05 9.991E-05 0.446845 0.115103 9.991E-05 9.991E-05 9.991E-05 9.991E-05 0.125619 9.991E-05 0.201292 9.991E-05 9.991E-05 0.0235547 0.0154186 0.0249235 0.0248786 9.991E-05 0.0213669
9.98651E-05 9.98651E-05 0.199357 9.98651E-05 9.98651E-05 0.692776 9.98651E-05 0.0972537 9.98651E-05 9.98651E-05 9.98651E-05 9.98651E-05 9.98651E-05 9.98651E-05 9.98651E-05 9.98651E-05 0.00911618 9.98651E-05 9.98651E-05
9.98831E-05 9.98831E-05 0.680145 9.98831E-05 9.98831E-05 9.98831E-05 0.0224521 9.98831E-05 0.00776957 9.98831E-05 9.98831E-05 0.076263 0.0794063 9.98831E-05 9.98831E-05 9.98831E-05 9.98831E-05 0.132666 9.98831E-05
9.98562E-05 9.98562E-05 0.277997 9.98562E-05 9.98562E-05 0.62064 9.98562E-05 9.98562E-05 9.98562E-05 9.98562E-05 9.98562E-05 9.98562E-05 9.98562E-05 9.98562E-05 9.98562E-05 0.0997647 9.98562E-05 9.98562E-05 9.98562E-05
0.0384365 9.9919E-05 0.557608 9.9919E-05 0.0403772 0.012006 0.0313372 0.0482991 9.9919E-05 0.14598 9.9919E-05 9.9919E-05 9.9919E-05 9.9919E-05 0.0497104 0.0412158 0.0341307 9.9919E-05 9.9919E-05
0.0673396 0.00839921 0.521126 9.9919E-05 0.0998485 0.0926212 9.9919E-05 0.0752189 0.0374732 0.00449779 9.9919E-05 9.9919E-05 9.9919E-05 9.9919E-05 9.9919E-05 0.0613955 9.9919E-05 0.031181 9.9919E-05
9.9919E-05 9.9919E-05 0.507596 9.9919E-05 9.9919E-05 9.9919E-05 0.100715 0.00939509 0.053385 9.9919E-05 0.0135451 0.0699494 0.162762 0.0139691 9.9919E-05 9.9919E-05 0.0158187 0.0519655 9.9919E-05
0.00580108 0.0342983 0.612463 0.11737 9.9919E-05 0.0291919 9.9919E-05 0.103958 9.9919E-05 0.0139021 9.9919E-05 0.0575656 0.021054 9.9919E-05 0.00349693 9.9919E-05 9.9919E-05 9.9919E-05 9.9919E-05
9.99011E-05 0.0652762 0.55741 9.99011E-05 9.99011E-05 0.0368647 0.0547918 9.99011E-05 9.99011E-05 9.99011E-05 0.0307796 0.0240201 9.99011E-05 9.99011E-05 0.155788 9.99011E-05 0.0739709 9.99011E-05 9.99011E-05
9.9901E-05 0.130346 0.467041 9.9901E-05 9.9901E-05 9.9901E-05 0.0307173 9.9901E-05 9.9901E-05 9.9901E-05 9.9901E-05 9.9901E-05 0.0257667 0.0263736 0.229529 0.0287895 0.060338 9.9901E-05 9.9901E-05
9.9901E-05 0.200534 0.39974 0.0190989 9.9901E-05 9.9901E-05 9.9901E-05 0.0793937 9.9901E-05 9.9901E-05 0.211786 9.9901E-05 9.9901E-05 9.9901E-05 0.0600125 0.0023483 9.9901E-05 0.0259874 9.9901E-05
0.0168461 9.991E-05 0.651952 0.149901 9.991E-05 0.0144202 9.991E-05 0.0702685 9.991E-05 9.991E-05 9.991E-05 9.991E-05 0.0250602 0.00235493 0.0132332 9.991E-05 9.991E-05 0.0549649 9.991E-05
9.98741E-05 0.308036 0.593364 9.98741E-05 9.98741E-05 9.98741E-05 9.98741E-05 0.0313208 9.98741E-05 9.98741E-05 9.98741E-05 9.98741E-05 0.0571614 9.98741E-05 9.98741E-05 0.00871924 9.98741E-05 9.98741E-05 9.98741E-05
9.98831E-05 0.107606 0.609818 0.0491826 0.029153 9.98831E-05 9.98831E-05 9.98831E-05 9.98831E-05 9.98831E-05 9.98831E-05 9.98831E-05 9.98831E-05 9.98831E-05 0.102617 0.100324 9.98831E-05 9.98831E-05 9.98831E-05
9.9919E-05 0.237161 9.9919E-05 0.103795 9.9919E-05 0.0055118 9.9919E-05 9.9919E-05 9.9919E-05 0.0425572 0.0055786 9.9919E-05 0.162289 0.00469262 0.357141 9.9919E-05 0.0606152 0.0197598 9.9919E-05
9.991E-05 9.991E-05 0.261043 0.0199427 0.080777 9.991E-05 9.991E-05 0.0622094 9.991E-05 0.279001 9.991E-05 9.991E-05 0.0539403 0.0131486 0.141706 0.0872335 9.991E-05 9.991E-05 9.991E-05
9.9919E-05 0.117068 0.207567 9.9919E-05 9.9919E-05 0.0636491 0.0765093 9.9919E-05 9.9919E-05 0.229408 9.9919E-05 9.9919E-05 0.00530608 9.9919E-05 0.223264 0.0360025 0.0226997 0.0176268 9.9919E-05
9.98741E-05 9.98741E-05 9.98741E-05 9.98741E-05 9.98741E-05 0.26383 9.98741E-05 9.98741E-05 9.98741E-05 0.125763 9.98741E-05 9.98741E-05 0.283454 9.98741E-05 0.257875 9.98741E-05 9.98741E-05 0.0676805 9.98741E-05
9.98831E-05 0.575758 9.98831E-05 9.98831E-05 0.0598581 9.98831E-05 9.98831E-05 0.0600425 9.98831E-05 0.214685 9.98831E-05 0.0399644 0.0483934 9.98831E-05 9.98831E-05 9.98831E-05 9.98831E-05 9.98831E-05 9.98831E-05
0.0645096 0.529845 0.00119914 9.9919E-05 9.9919E-05 9.9919E-05 9.9919E-05 0.0807661 0.029473 0.0709814 0.0126301 9.9919E-05 0.126469 9.9919E-05 9.9919E-05 9.9919E-05 0.0217352 0.061492 9.9919E-05
9.98651E-05 0.786337 9.98651E-05 9.98651E-05 0.0738232 9.98651E-05 9.98651E-05 9.98651E-05 9.98651E-05 0.060821 9.98651E-05 9.98651E-05 9.98651E-05 9.98651E-05 9.98651E-05 9.98651E-05 9.98651E-05 9.98651E-05 0.0775212
9.9928E-05 0.533678 9.9928E-05 0.00147562 9.9928E-05 9.9928E-05 0.0185641 9.9928E-05 9.9928E-05 0.00693844 0.0509412 0.046094 0.0494463 9.9928E-05 0.0401314 0.0387968 0.00894085 9.9928E-05 0.204194
9.98561E-05 0.785546 9.98561E-05 9.98561E-05 9.98561E-05 9.98561E-05 9.98561E-05 0.0995561 9.98561E-05 9.98561E-05 9.98561E-05 9.98561E-05 9.98561E-05 9.98561E-05 0.113301 9.98561E-05 9.98561E-05 9.98561E-05 9.98561E-05
9.98741E-05 0.624719 9.98741E-05 9.98741E-05 9.98741E-05 9.98741E-05 0.0951296 9.98741E-05 9.98741E-05 0.208725 9.98741E-05 9.98741E-05 9.98741E-05 0.000729114 9.98741E-05 0.0692995 9.98741E-05 9.98741E-05 9.98741E-05
0.0411102 0.406667 9.9928E-05 0.0744796 0.00231276 0.0616586 0.16961 9.9928E-05 0.0148576 9.9928E-05 9.9928E-05 0.106949 9.9928E-05 0.00347107 9.9928E-05 9.9928E-05 9.9928E-05 0.0104083 0.107677
9.991E-05 0.349954 0.0342538 9.991E-05 9.991E-05 0.0256175 0.0612165 9.991E-05 9.991E-05 0.233108 9.991E-05 9.991E-05 0.0550915 9.991E-05 0.141805 9.991E-05 9.991E-05 0.0393067 0.0586486
9.991E-05 0.601631 9.991E-05 9.991E-05 9.991E-05 9.991E-05 9.991E-05 9.991E-05 0.0128674 0.0769638 0.066906 0.0772451 0.0954055 9.991E-05 0.0326307 0.000329794 9.991E-05 9.991E-05 0.0350212
9.993E-05 0.267139 9.993E-05 0.0363849 0.169006 0.0460948 0.16803 0.00557281 9.993E-05 0.106668 9.993E-05 0.00500679 0.0650843 9.993E-05 0.0269946 9.993E-05 0.0577902 0.0455291 9.993E-05
9.98652E-05 0.898006 9.98652E-05 9.98652E-05 0.0549815 9.98652E-05 9.98652E-05 9.98652E-05 9.98652E-05 0.0292149 9.98652E-05 9.98652E-05 9.98652E-05 9.98652E-05 9.98652E-05 9.98652E-05 9.98652E-05 9.98652E-05 0.0162992
0.00369016 0.129283 0.0362858 0.0882326 9.991E-05 9.991E-05 9.991E-05 0.0397555 9.991E-05 0.388187 9.991E-05 9.991E-05 9.991E-05 9.991E-05 0.0134804 9.991E-05 9.991E-05 0.0598029 0.240284
9.98651E-05 0.789944 0.00125236 9.98651E-05 0.201174 0.00613235 9.98651E-05 9.98651E-05 9.98651E-05 9.98651E-05 9.98651E-05 9.98651E-05 9.98651E-05 9.98651E-05 9.98651E-05 9.98651E-05 9.98651E-05 9.98651E-05 9.98651E-05
9.9937E-05 0.404919 9.9937E-05 0.00730558 9.9937E-05 9.9937E-05 0.0608572 9.9937E-05 9.9937E-05 0.120059 0.0108445 0.0012706 0.0522912 0.00998238 0.05917 0.0407041 0.0270397 9.9937E-05 0.204857
9.98382E-05 9.98382E-05 9.98382E-05 9.98382E-05 9.98382E-05 9.98382E-05 9.98382E-05 9.98382E-05 9.98382E-05 9.98382E-05 9.98382E-05 0.998203 9.98382E-05 9.98382E-05 9.98382E-05 9.98382E-05 9.98382E-05 9.98382E-05 9.98382E-05
9.99101E-05 0.236879 0.000141621 9.99101E-05 0.0511436 9.99101E-05 9.99101E-05 9.99101E-05 0.0416883 0.194368 0.0293358 9.99101E-05 9.99101E-05 9.99101E-05 9.99101E-05 0.0165963 0.00218414 9.99101E-05 0.426664
9.98921E-05 0.301052 9.98921E-05 9.98921E-05 0.105053 9.98921E-05 9.98921E-05 9.98921E-05 0.00816332 9.98921E-05 9.98921E-05 9.98921E-05 0.135083 0.00590515 9.98921E-05 9.98921E-05 0.0911576 9.98921E-05 0.352388
9.98382E-05 9.98382E-05 9.98382E-05 9.98382E-05 9.98382E-05 9.98382E-05 9.98382E-05 9.98382E-05 9.98382E-05 9.98382E-05 9.98382E-05 0.998203 9.98382E-05 9.98382E-05 9.98382E-05 9.98382E-05 9.98382E-05 9.98382E-05 9.98382E-05
9.98921E-05 0.225717 9.98921E-05 9.98921E-05 0.12502 9.98921E-05 0.124494 9.98921E-05 9.98921E-05 0.140905 9.98921E-05 0.0135736 0.0736145 9.98921E-05 9.98921E-05 9.98921E-05 9.98921E-05 9.98921E-05 0.295477
9.98831E-05 0.52539 0.00240699 0.0207841 9.98831E-05 0.0770567 9.98831E-05 9.98831E-05 9.98831E-05 9.98831E-05 9.98831E-05 9.98831E-05 0.0146849 9.98831E-05 9.98831E-05 9.98831E-05 9.98831E-05 9.98831E-05 0.358379
0.0203586 0.309702 9.9928E-05 9.9928E-05 0.122965 9.9928E-05 0.033657 9.9928E-05 9.9928E-05 0.130157 0.0199495 0.23267 9.9928E-05 9.9928E-05 0.036666 0.0547315 0.00663043 9.9928E-05 0.0317138
9.98921E-05 9.98921E-05 9.98921E-05 9.98921E-05 0.0830628 9.98921E-05 0.0247599 0.0680837 9.98921E-05 0.19199 9.98921E-05 0.0400778 9.98921E-05 0.0103658 9.98921E-05 9.98921E-05 9.98921E-05 9.98921E-05 0.580461
0.0441255 9.98741E-05 9.98741E-05 9.98741E-05 9.98741E-05 9.98741E-05 9.98741E-05 9.98741E-05 9.98741E-05 9.98741E-05 0.027844 0.0315902 0.0537438 9.98741E-05 9.98741E-05 9.98741E-05 9.98741E-05 9.98741E-05 0.841298
0.0337491 9.99101E-05 9.99101E-05 9.99101E-05 0.125358 0.0127898 9.99101E-05 9.99101E-05 9.99101E-05 0.212657 0.0271908 0.0637962 0.138666 9.99101E-05 0.0380964 9.99101E-05 9.99101E-05 9.99101E-05 0.346697
9.991E-05 0.00306839 9.991E-05 0.0301093 9.991E-05 9.991E-05 9.991E-05 0.0500874 9.991E-05 0.206945 0.0106506 0.123419 0.0648007 9.991E-05 9.991E-05 9.991E-05 9.991E-05 0.0446233 0.465297
9.98831E-05 0.239267 9.98831E-05 9.98831E-05 9.98831E-05 9.98831E-05 9.98831E-05 9.98831E-05 0.0126548 0.0502048 9.98831E-05 0.00565183 0.154587 9.98831E-05 9.98831E-05 9.98831E-05 9.98831E-05 9.98831E-05 0.536335
9.98741E-05 9.98741E-05 9.98741E-05 9.98741E-05 9.98741E-05 9.98741E-05 9.98741E-05 0.0185218 9.98741E-05 9.98741E-05 9.98741E-05 9.98741E-05 0.311728 0.0588138 9.98741E-05 9.98741E-05 0.0233293 9.98741E-05 0.586209
9.98831E-05 0.0559911 9.98831E-05 9.98831E-05 9.98831E-05 9.98831E-05 9.98831E-05 9.98831E-05 9.98831E-05 9.98831E-05 9.98831E-05 0.0227401 0.184705 9.98831E-05 0.144036 0.0734755 9.98831E-05 9.98831E-05 0.517754
9.98921E-05 9.98921E-05 0.0346465 9.98921E-05 0.0781607 9.98921E-05 9.98921E-05 9.98921E-05 9.98921E-05 0.253807 9.98921E-05 0.000136999 0.00799841 9.98921E-05 9.98921E-05 0.000361802 9.98921E-05 9.98921E-05 0.62369
9.98741E-05 9.98741E-05 0.0194153 9.98741E-05 9.98741E-05 9.98741E-05 9.98741E-05 0.0271833 9.98741E-05 0.0940091 9.98741E-05 9.98741E-05 0.0391994 9.98741E-05 9.98741E-05 9.98741E-05 9.98741E-05 9.98741E-05 0.818795
9.991E-05 0.065714 0.120387 9.991E-05 0.0267706 9.991E-05 9.991E-05 9.991E-05 9.991E-05 9.991E-05 9.991E-05 0.0319013 0.0770726 0.0397365 9.991E-05 9.991E-05 0.0374212 0.0567884 0.543209
9.98831E-05 9.98831E-05 9.98831E-05 9.98831E-05 0.123271 9.98831E-05 9.98831E-05 9.98831E-05 9.98831E-05 0.155334 9.98831E-05 0.0143447 9.98831E-05 0.0355407 9.98831E-05 0.0133918 9.98831E-05 9.98831E-05 0.65682
9.98831E-05 0.0269724 9.98831E-05 9.98831E-05 0.129382 9.98831E-05 9.98831E-05 0.0465152 9.98831E-05 0.215634 9.98831E-05 9.98831E-05 0.251464 9.98831E-05 9.98831E-05 9.98831E-05 9.98831E-05 9.98831E-05 0.328734
9.98921E-05 9.98921E-05 9.98921E-05 9.98921E-05 0.0700697 9.98921E-05 9.98921E-05 9.98921E-05 9.98921E-05 9.98921E-05 0.0287396 0.00439294 0.462755 0.00817866 9.98921E-05 0.0147591 9.98921E-05 9.98921E-05 0.409906
9.98741E-05 9.98741E-05 9.98741E-05 9.98741E-05 0.0195506 9.98741E-05 9.98741E-05 9.98741E-05 9.98741E-05 9.98741E-05 9.98741E-05 0.0448388 0.191058 9.98741E-05 9.98741E-05 9.98741E-05 9.98741E-05 0.0118621 0.731293
0.0232263 0.00283732 9.9919E-05 0.0270399 9.9919E-05 9.9919E-05 0.0528365 0.00324255 9.9919E-05 0.307261 9.9919E-05 0.0234763 9.9919E-05 9.9919E-05 0.0566411 0.034184 9.9919E-05 9.9919E-05 0.468356
9.98921E-05 9.98921E-05 0.0303786 9.98921E-05 0.144977 9.98921E-05 9.98921E-05 0.00876528 9.98921E-05 9.98921E-05 9.98921E-05 0.00343566 0.0530999 9.98921E-05 9.98921E-05 0.0156329 9.98921E-05 9.98921E-05 0.742512
9.991E-05 0.00771176 0.0044162 9.991E-05 9.991E-05 0.0518893 0.0787921 9.991E-05 9.991E-05 0.244633 9.991E-05 0.0552475 0.0404472 9.991E-05 0.00337682 9.991E-05 9.991E-05 9.991E-05 0.512487
0.0104139 0.311739 9.98921E-05 9.98921E-05 9.98921E-05 9.98921E-05 9.98921E-05 9.98921E-05 0.0200203 0.0564049 0.0120354 9.98921E-05 9.98921E-05 9.98921E-05 9.98921E-05 9.98921E-05 0.0535187 9.98921E-05 0.534669
9.991E-05 9.991E-05 0.0349675 0.00417803 0.17009 9.991E-05 9.991E-05 9.991E-05 9.991E-05 9.991E-05 0.0278035 0.0627233 0.266592 0.0074461 9.991E-05 9.991E-05 9.991E-05 0.0213175 0.403883
0.0586078 9.98831E-05 9.98831E-05 9.98831E-05 9.98831E-05 9.98831E-05 0.0028631 9.98831E-05 0.00240213 0.0838121 9.98831E-05 9.98831E-05 9.98831E-05 9.98831E-05 0.0162702 9.98831E-05 9.98831E-05 9.98831E-05 0.834746
9.98741E-05 0.176847 9.98741E-05 9.98741E-05 9.98741E-05 9.98741E-05 9.98741E-05 9.98741E-05 9.98741E-05 0.433385 0.0678625 9.98741E-05 9.98741E-05 0.00892441 9.98741E-05 9.98741E-05 9.98741E-05 9.98741E-05 0.311583
0.0168593 0.177352 9.98921E-05 0.0210598 9.98921E-05 9.98921E-05 9.98921E-05 9.98921E-05 0.0181727 0.26758 9.98921E-05 9.98921E-05 9.98921E-05 9.98921E-05 9.98921E-05 9.98921E-05 0.00330663 9.98921E-05 0.494472
9.98831E-05 0.0253241 0.102856 0.0334048 9.98831E-05 9.98831E-05 9.98831E-05 9.98831E-05 9.98831E-05 0.166658 9.98831E-05 9.98831E-05 9.98831E-05 9.98831E-05 9.98831E-05 9.98831E-05 0.0674588 9.98831E-05 0.603
9.98921E-05 0.0979962 9.98921E-05 9.98921E-05 9.98921E-05 9.98921E-05 0.0143604 9.98921E-05 9.98921E-05 0.297921 9.98921E-05 9.98921E-05 9.98921E-05 0.00106745 9.98921E-05 0.0500169 0.0567011 9.98921E-05 0.480738
9.9919E-05 0.175193 0.0256269 0.0498991 0.147294 0.0684411 9.9919E-05 9.9919E-05 0.0126225 0.13084 9.9919E-05 9.9919E-05 9.9919E-05 9.9919E-05 9.9919E-05 9.9919E-05 0.0546955 0.0192402 0.315248
0.107649 0.122113 0.0142835 9.991E-05 0.0012095 9.991E-05 9.991E-05 9.991E-05 0.0293464 0.332698 9.991E-05 0.0274425 9.991E-05 0.00446121 9.991E-05 9.991E-05 9.991E-05 9.991E-05 0.359798
9.99011E-05 0.171271 9.99011E-05 9.99011E-05 0.10044 9.99011E-05 0.136322 0.0465417 9.99011E-05 0.0105009 9.99011E-05 0.0740224 9.99011E-05 0.0373726 9.99011E-05 9.99011E-05 9.99011E-05 9.99011E-05 0.422431
9.9937E-05 0.202296 0.0151178 9.9937E-05 0.186361 9.9937E-05 0.0712208 0.00796666 0.000994819 0.0795773 9.9937E-05 0.0171431 0.133375 0.048045 9.9937E-05 9.9937E-05 0.00295235 9.9937E-05 0.234251
9.9919E-05 0.0181437 9.9919E-05 0.0341509 0.0155804 0.0439804 9.9919E-05 9.9919E-05 0.0016432 9.9919E-05 9.9919E-05 0.0144863 9.9919E-05 0.0262258 0.0938008 0.0261194 9.9919E-05 9.9919E-05 0.72497
0.013003 0.14339 9.98741E-05 9.98741E-05 9.98741E-05 9.98741E-05 9.98741E-05 9.98741E-05 9.98741E-05 0.556869 9.98741E-05 9.98741E-05 9.98741E-05 9.98741E-05 9.98741E-05 0.0568434 9.98741E-05 9.98741E-05 0.228497
9.99011E-05 0.0668248 9.99011E-05 9.99011E-05 0.00144849 9.99011E-05 0.135587 9.99011E-05 9.99011E-05 0.334659 9.99011E-05 9.99011E-05 0.0291763 9.99011E-05 9.99011E-05 9.99011E-05 0.00656715 0.00166601 0.422973
9.98921E-05 9.98921E-05 0.0253729 0.0335026 9.98921E-05 9.98921E-05 9.98921E-05 9.98921E-05 9.98921E-05 0.421232 9.98921E-05 0.0732092 9.98921E-05 0.0974711 9.98921E-05 9.98921E-05 9.98921E-05 0.0196354 0.328378
0.0935145 9.98831E-05 0.0538843 9.98831E-05 9.98831E-05 9.98831E-05 9.98831E-05 9.98831E-05 9.98831E-05 0.301657 0.0676338 9.98831E-05 9.98831E-05 0.0119258 9.98831E-05 9.98831E-05 9.98831E-05 9.98831E-05 0.470086
9.99011E-05 0.0198381 9.99011E-05 9.99011E-05 0.175801 9.99011E-05 0.0325728 0.00968368 9.99011E-05 0.235736 9.99011E-05 0.0149631 0.48569 9.99011E-05 9.99011E-05 0.024616 9.99011E-05 9.99011E-05 9.99011E-05
9.98921E-05 0.182681 0.032218 9.98921E-05 9.98921E-05 9.98921E-05 9.98921E-05 0.0285973 9.98921E-05 0.331287 9.98921E-05 9.98921E-05 0.356137 0.0326352 9.98921E-05 9.98921E-05 9.98921E-05 9.98921E-05 0.0352463
9.98472E-05 9.98472E-05 9.98472E-05 9.98472E-05 9.98472E-05 9.98472E-05 9.98472E-05 9.98472E-05 9.98472E-05 9.98472E-05 9.98472E-05 9.98472E-05 0.991866 0.0064364 9.98472E-05 9.98472E-05 9.98472E-05 9.98472E-05 9.98472E-05
9.98382E-05 9.98382E-05 9.98382E-05 9.98382E-05 9.98382E-05 9.98382E-05 9.98382E-05 9.98382E-05 9.98382E-05 9.98382E-05 9.98382E-05 9.98382E-05 0.998203 9.98382E-05 9.98382E-05 9.98382E-05 9.98382E-05 9.98382E-05 9.98382E-05
9.98831E-05 0.0744619 9.98831E-05 9.98831E-05 9.98831E-05 9.98831E-05 0.0215358 9.98831E-05 9.98831E-05 0.429992 9.98831E-05 9.98831E-05 0.258089 0.0470864 9.98831E-05 9.98831E-05 9.98831E-05 9.98831E-05 0.167537
9.98741E-05 9.98741E-05 9.98741E-05 9.98741E-05 9.98741E-05 9.98741E-05 0.0135976 9.98741E-05 9.98741E-05 0.186844 9.98741E-05 0.0322282 0.625031 9.98741E-05 9.98741E-05 9.98741E-05 9.98741E-05 9.98741E-05 0.140901
9.98921E-05 9.98921E-05 9.98921E-05 9.98921E-05 9.98921E-05 9.98921E-05 0.0543458 0.0681604 9.98921E-05 0.408612 9.98921E-05 9.98921E-05 0.236573 0.0348024 9.98921E-05 0.0153403 9.98921E-05 9.98921E-05 0.180968
9.98382E-05 9.98382E-05 9.98382E-05 9.98382E-05 9.98382E-05 9.98382E-05 9.98382E-05 9.98382E-05 9.98382E-05 9.98382E-05 9.98382E-05 9.98382E-05 0.998203 9.98382E-05 9.98382E-05 9.98382E-05 9.98382E-05 9.98382E-05 9.98382E-05
9.99011E-05 0.0817876 9.99011E-05 9.99011E-05 0.111086 0.157262 0.0119031 0.0228456 9.99011E-05 0.475573 9.99011E-05 9.99011E-05 0.0936062 0.0448377 9.99011E-05 9.99011E-05 9.99011E-05 9.99011E-05 9.99011E-05
0.0112971 0.0931192 9.9937E-05 9.9937E-05 0.0243429 0.1245 9.9937E-05 9.9937E-05 0.035593 0.280562 0.10488 9.9937E-05 0.130405 0.00820788 9.9937E-05 9.9937E-05 0.0246015 0.0254875 0.136304
9.98921E-05 9.98921E-05 0.053966 9.98921E-05 0.130627 9.98921E-05 9.98921E-05 0.00136867 9.98921E-05 0.548451 9.98921E-05 9.98921E-05 0.0934419 9.98921E-05 9.98921E-05 0.0663828 9.98921E-05 9.98921E-05 0.104564
9.9919E-05 9.9919E-05 0.083023 0.0458572 9.9919E-05 0.0145202 0.0977604 0.066967 9.9919E-05 0.485102 0.0192631 9.9919E-05 0.151488 9.9919E-05 9.9919E-05 0.0125459 9.9919E-05 0.0225739 9.9919E-05
9.991E-05 9.991E-05 0.0707069 9.991E-05 0.0362258 9.991E-05 9.991E-05 0.0360234 9.991E-05 0.538592 9.991E-05 0.033871 0.178036 0.00860799 9.991E-05 0.0516072 9.991E-05 9.991E-05 0.04533
9.98921E-05 0.00709876 0.0481975 9.98921E-05 9.98921E-05 9.98921E-05 9.98921E-05 0.0104498 9.98921E-05 0.660329 9.98921E-05 0.0837305 0.141146 9.98921E-05 9.98921E-05 9.98921E-05 9.98921E-05 9.98921E-05 0.0478496
9.98921E-05 9.98921E-05 9.98921E-05 9.98921E-05 0.42217 0.0105783 9.98921E-05 9.98921E-05 9.98921E-05 0.145376 9.98921E-05 9.98921E-05 0.198084 0.0298523 9.98921E-05 9.98921E-05 0.00500045 9.98921E-05 0.187741
9.98921E-05 0.0661064 9.98921E-05 0.0136873 0.00396022 9.98921E-05 9.98921E-05 9.98921E-05 9.98921E-05 0.501209 9.98921E-05 0.0748104 0.19956 9.98921E-05 9.98921E-05 9.98921E-05 9.98921E-05 9.98921E-05 0.139468
9.98921E-05 0.0727544 0.00353167 9.98921E-05 0.144833 9.98921E-05 9.98921E-05 9.98921E-05 0.00127256 0.723859 9.98921E-05 0.0293407 9.98921E-05 9.98921E-05 9.98921E-05 9.98921E-05 9.98921E-05 9.98921E-05 0.0232093
9.98562E-05 0.0702876 9.98562E-05 9.98562E-05 0.190192 9.98562E-05 9.98562E-05 9.98562E-05 9.98562E-05 0.737922 9.98562E-05 9.98562E-05 9.98562E-05 9.98562E-05 9.98562E-05 9.98562E-05 9.98562E-05 9.98562E-05 9.98562E-05
9.98921E-05 9.98921E-05 9.98921E-05 0.0409963 0.144119 9.98921E-05 9.98921E-05 0.0312543 9.98921E-05 0.666865 9.98921E-05 9.98921E-05 9.98921E-05 0.0200474 9.98921E-05 0.0444358 9.98921E-05 9.98921E-05 0.0510829
9.98921E-05 9.98921E-05 9.98921E-05 0.0386178 0.257172 9.98921E-05 9.98921E-05 9.98921E-05 9.98921E-05 0.455915 9.98921E-05 0.0121199 0.0633622 0.0479609 9.98921E-05 9.98921E-05 9.98921E-05 9.98921E-05 0.123654
9.99101E-05 0.206709 9.99101E-05 0.0358718 0.145649 9.99101E-05 0.0405548 0.0574586 9.99101E-05 0.226032 9.99101E-05 9.99101E-05 0.123529 0.129307 9.99101E-05 9.99101E-05 9.99101E-05 9.99101E-05 0.0338906
9.991E-05 9.991E-05 0.0640042 9.991E-05 0.246264 9.991E-05 0.076537 9.991E-05 9.991E-05 0.318439 9.991E-05 0.0261308 0.0452973 9.991E-05 9.991E-05 9.991E-05 0.0629567 0.0141132 0.145259
9.98831E-05 0.1015 9.98831E-05 9.98831E-05 0.0319012 9.98831E-05 9.98831E-05 9.98831E-05 9.98831E-05 0.600514 9.98831E-05 9.98831E-05 0.191158 9.98831E-05 9.98831E-05 0.0600852 9.98831E-05 9.98831E-05 0.0135435
9.98831E-05 9.98831E-05 9.98831E-05 9.98831E-05 0.380478 9.98831E-05 9.98831E-05 9.98831E-05 0.00376644 0.461798 9.98831E-05 9.98831E-05 0.114298 9.98831E-05 9.98831E-05 0.00383358 0.0345272 9.98831E-05 9.98831E-05
9.99011E-05 0.0314468 9.99011E-05 9.99011E-05 9.99011E-05 0.0923042 9.99011E-05 0.00541236 9.99011E-05 0.638145 9.99011E-05 0.0362179 0.149893 9.99011E-05 0.0192896 9.99011E-05 9.99011E-05 9.99011E-05 0.026192
9.99281E-05 0.0289265 9.99281E-05 0.0331624 0.126815 0.000500714 0.0296797 9.99281E-05 9.99281E-05 0.400492 9.99281E-05 0.0774889 0.0174975 0.0156347 0.0181714 9.99281E-05 9.99281E-05 9.99281E-05 0.250832
9.9919E-05 0.122942 9.9919E-05 0.0411935 0.42357 9.9919E-05 0.00644072 0.0229832 9.9919E-05 0.206845 9.9919E-05 9.9919E-05 0.146063 9.9919E-05 0.0157446 9.9919E-05 0.00287139 0.0104473 9.9919E-05
9.98921E-05 9.98921E-05 9.98921E-05 9.98921E-05 0.335538 9.98921E-05 9.98921E-05 0.0141178 9.98921E-05 0.348238 9.98921E-05 0.0880214 0.162275 0.0272641 9.98921E-05 9.98921E-05 9.98921E-05 9.98921E-05 0.0233472
