9.98741E-05 9.98741E-05 0.035468 9.98741E-05 0.00115636 0.0233551 9.98741E-05 0.0631603 9.98741E-05 0.0115737 9.98741E-05 0.0904053 9.98741E-05 9.98741E-05 0.0103869 9.98741E-05 9.98741E-05 9.98741E-05 9.98741E-05 0.097809 0.60065 0.0646372 9.98741E-05 9.98741E-05
9.98651E-05 0.0365217 9.98651E-05 9.98651E-05 9.98651E-05 9.98651E-05 0.0538735 0.00538829 9.98651E-05 9.98651E-05 9.98651E-05 9.98651E-05 9.98651E-05 0.0479285 9.98651E-05 0.0134072 0.00473818 0.0849163 9.98651E-05 0.0272302 0.724498 9.98651E-05 9.98651E-05 9.98651E-05
9.98024E-05 9.98024E-05 9.98024E-05 9.98024E-05 9.98024E-05 9.98024E-05 9.98024E-05 0.00194572 9.98024E-05 9.98024E-05 9.98024E-05 9.98024E-05 9.98024E-05 9.98024E-05 9.98024E-05 9.98024E-05 9.98024E-05 9.98024E-05 9.98024E-05 9.98024E-05 0.995859 9.98024E-05 9.98024E-05 9.98024E-05
0.00126812 9.98561E-05 9.98561E-05 0.00525042 9.98561E-05 9.98561E-05 9.98561E-05 9.98561E-05 9.98561E-05 0.0134576 9.98561E-05 0.0140262 9.98561E-05 9.98561E-05 9.98561E-05 0.128757 9.98561E-05 0.138633 9.98561E-05 9.98561E-05 0.649121 9.98561E-05 9.98561E-05 0.0478892
9.98472E-05 9.98472E-05 9.98472E-05 9.98472E-05 9.98472E-05 0.125616 9.98472E-05 9.98472E-05 0.012461 9.98472E-05 0.117456 9.98472E-05 0.00232753 9.98472E-05 9.98472E-05 9.98472E-05 9.98472E-05 0.0153215 9.98472E-05 0.100945 0.624175 9.98472E-05 9.98472E-05 9.98472E-05
0.0429235 9.98741E-05 0.010894 9.98741E-05 0.0188404 0.00447817 9.98741E-05 9.98741E-05 9.98741E-05 9.98741E-05 9.98741E-05 0.00873125 9.98741E-05 9.98741E-05 9.98741E-05 9.98741E-05 9.98741E-05 0.07131 0.00828615 9.98741E-05 0.819572 0.0132969 0.00026954 9.98741E-05
9.98293E-05 9.98293E-05 9.98293E-05 9.98293E-05 9.98293E-05 0.106946 9.98293E-05 9.98293E-05 9.98293E-05 0.144495 9.98293E-05 9.98293E-05 0.0494321 9.98293E-05 9.98293E-05 9.98293E-05 9.98293E-05 9.98293E-05 9.98293E-05 9.98293E-05 0.583116 0.114115 9.98293E-05 9.98293E-05
9.98203E-05 9.98203E-05 0.0190547 9.98203E-05 9.98203E-05 9.98203E-05 9.98203E-05 9.98203E-05 9.98203E-05 9.98203E-05 9.98203E-05 0.0286987 9.98203E-05 9.98203E-05 9.98203E-05 9.98203E-05 9.98203E-05 9.98203E-05 9.98203E-05 9.98203E-05 0.820744 9.98203E-05 0.129506 9.98203E-05
0.0459461 9.98382E-05 9.98382E-05 0.0538433 9.98382E-05 9.98382E-05 9.98382E-05 0.0166067 0.0167939 9.98382E-05 9.98382E-05 0.164221 9.98382E-05 9.98382E-05 9.98382E-05 9.98382E-05 9.98382E-05 9.98382E-05 9.98382E-05 9.98382E-05 0.700792 9.98382E-05 9.98382E-05 9.98382E-05
9.98293E-05 9.98293E-05 9.98293E-05 9.98293E-05 9.98293E-05 9.98293E-05 9.98293E-05 0.0441484 9.98293E-05 9.98293E-05 0.0378112 9.98293E-05 9.98293E-05 9.98293E-05 9.98293E-05 9.98293E-05 9.98293E-05 9.98293E-05 9.98293E-05 9.98293E-05 0.797545 9.98293E-05 0.0410058 0.0775928
9.98561E-05 9.98561E-05 0.0162719 9.98561E-05 0.149232 0.0104788 0.0272093 9.98561E-05 9.98561E-05 9.98561E-05 0.106827 9.98561E-05 9.98561E-05 9.98561E-05 0.0134596 9.98561E-05 0.0357519 9.98561E-05 9.98561E-05 9.98561E-05 0.639172 9.98561E-05 9.98561E-05 9.98561E-05
9.97933E-05 0.997705 9.97933E-05 9.97933E-05 9.97933E-05 9.97933E-05 9.97933E-05 9.97933E-05 9.97933E-05 9.97933E-05 9.97933E-05 9.97933E-05 9.97933E-05 9.97933E-05 9.97933E-05 9.97933E-05 9.97933E-05 9.97933E-05 9.97933E-05 9.97933E-05 9.97933E-05 9.97933E-05 9.97933E-05 9.97933E-05
9.98921E-05 0.482882 9.98921E-05 9.98921E-05 9.98921E-05 9.98921E-05 0.0305424 9.98921E-05 0.0545227 9.98921E-05 0.0171938 9.98921E-05 0.00635743 0.0406041 9.98921E-05 0.000433861 0.0704388 9.98921E-05 9.98921E-05 0.0140557 0.0300915 9.98921E-05 0.0440706 0.207608
9.98472E-05 0.435447 9.98472E-05 0.00868668 9.98472E-05 9.98472E-05 0.0137245 0.109996 9.98472E-05 0.0744351 9.98472E-05 9.98472E-05 9.98472E-05 9.98472E-05 9.98472E-05 0.0045888 9.98472E-05 0.351425 9.98472E-05 9.98472E-05 9.98472E-05 9.98472E-05 9.98472E-05 9.98472E-05
9.98921E-05 0.263938 9.98921E-05 0.00221143 9.98921E-05 0.0441365 9.98921E-05 0.0576935 9.98921E-05 0.256371 9.98921E-05 9.98921E-05 0.0362228 0.0909874 9.98921E-05 9.98921E-05 0.0214457 0.103645 9.98921E-05 0.00983344 0.0489818 9.98921E-05 9.98921E-05 0.0633352
9.98651E-05 0.149156 9.98651E-05 0.00744019 9.98651E-05 9.98651E-05 0.0261626 0.0156441 9.98651E-05 9.98651E-05 0.029819 0.0422966 9.98651E-05 9.98651E-05 9.98651E-05 9.98651E-05 9.98651E-05 0.0126104 9.98651E-05 9.98651E-05 9.98651E-05 0.0725811 9.98651E-05 0.642793
9.98561E-05 0.710133 9.98561E-05 9.98561E-05 0.00983659 9.98561E-05 0.0257127 9.98561E-05 9.98561E-05 0.0738717 9.98561E-05 9.98561E-05 9.98561E-05 9.98561E-05 9.98561E-05 9.98561E-05 9.98561E-05 0.0243794 0.0117371 0.112809 0.0299234 9.98561E-05 9.98561E-05 9.98561E-05
0.213707 0.489249 0.0744704 9.98471E-05 0.00532611 0.018276 9.98471E-05 9.98471E-05 9.98471E-05 9.98471E-05 9.98471E-05 9.98471E-05 9.98471E-05 9.98471E-05 9.98471E-05 9.98471E-05 9.98471E-05 9.98471E-05 9.98471E-05 9.98471E-05 9.98471E-05 9.98471E-05 0.0828847 0.114389
9.98651E-05 0.144504 0.00562116 0.0172863 9.98651E-05 9.98651E-05 9.98651E-05 9.98651E-05 9.98651E-05 9.98651E-05 9.98651E-05 0.0188906 9.98651E-05 0.00691577 9.98651E-05 9.98651E-05 0.00788903 9.98651E-05 0.0792478 9.98651E-05 9.98651E-05 9.98651E-05 0.0917138 0.626434
0.11004 0.384092 0.00450102 9.98651E-05 0.0813552 9.98651E-05 9.98651E-05 0.00328874 9.98651E-05 9.98651E-05 9.98651E-05 0.0215636 9.98651E-05 9.98651E-05 9.98651E-05 9.98651E-05 9.98651E-05 0.337776 9.98651E-05 0.0131207 9.98651E-05 9.98651E-05 9.98651E-05 0.042764
9.98651E-05 0.24935 0.0381622 0.0344089 9.98651E-05 9.98651E-05 9.98651E-05 0.095153 9.98651E-05 9.98651E-05 0.16203 9.98651E-05 0.0681005 9.98651E-05 9.98651E-05 9.98651E-05 9.98651E-05 9.98651E-05 0.131169 9.98651E-05 9.98651E-05 9.98651E-05 0.0258017 0.194327
0.0620153 9.98651E-05 0.0138159 0.0108786 0.0829733 9.98651E-05 9.98651E-05 0.106107 9.98651E-05 9.98651E-05 9.98651E-05 9.98651E-05 9.98651E-05 9.98651E-05 9.98651E-05 0.441457 9.98651E-05 9.98651E-05 0.031568 9.98651E-05 9.98651E-05 0.0637557 9.98651E-05 0.185931
0.0730076 9.98741E-05 9.98741E-05 9.98741E-05 9.98741E-05 0.0137033 0.347817 0.0174646 9.98741E-05 0.0252859 0.0855856 9.98741E-05 9.98741E-05 9.98741E-05 9.98741E-05 0.178079 9.98741E-05 9.98741E-05 9.98741E-05 0.00537669 9.98741E-05 0.0359905 9.98741E-05 0.216292
9.98561E-05 0.032443 9.98561E-05 0.0162337 9.98561E-05 0.0707955 0.441224 9.98561E-05 9.98561E-05 9.98561E-05 9.98561E-05 9.98561E-05 9.98561E-05 9.98561E-05 9.98561E-05 0.221161 9.98561E-05 9.98561E-05 0.168689 9.98561E-05 0.0378821 9.98561E-05 0.00997343 9.98561E-05
9.97933E-05 9.97933E-05 9.97933E-05 9.97933E-05 9.97933E-05 9.97933E-05 9.97933E-05 9.97933E-05 9.97933E-05 9.97933E-05 9.97933E-05 9.97933E-05 9.97933E-05 9.97933E-05 9.97933E-05 0.997705 9.97933E-05 9.97933E-05 9.97933E-05 9.97933E-05 9.97933E-05 9.97933E-05 9.97933E-05 9.97933E-05
9.98741E-05 9.98741E-05 9.98741E-05 0.00478578 9.98741E-05 9.98741E-05 0.0700074 0.0593762 9.98741E-05 0.0808166 9.98741E-05 9.98741E-05 0.00231376 0.0189464 9.98741E-05 0.299371 9.98741E-05 0.131529 9.98741E-05 9.98741E-05 9.98741E-05 0.274909 9.98741E-05 0.0565461
0.0156292 0.153187 0.0722456 0.040129 0.133961 0.0889977 9.98831E-05 9.98831E-05 9.98831E-05 0.00584182 0.153532 9.98831E-05 0.0264819 9.98831E-05 0.00671231 0.301984 9.98831E-05 9.98831E-05 9.98831E-05 9.98831E-05 9.98831E-05 9.98831E-05 9.98831E-05 9.98831E-05
9.97933E-05 9.97933E-05 9.97933E-05 9.97933E-05 9.97933E-05 9.97933E-05 9.97933E-05 9.97933E-05 9.97933E-05 9.97933E-05 9.97933E-05 9.97933E-05 9.97933E-05 9.97933E-05 9.97933E-05 0.997705 9.97933E-05 9.97933E-05 9.97933E-05 9.97933E-05 9.97933E-05 9.97933E-05 9.97933E-05 9.97933E-05
9.97934E-05 9.97934E-05 9.97934E-05 9.97934E-05 9.97934E-05 9.97934E-05 0.997705 9.97934E-05 9.97934E-05 9.97934E-05 9.97934E-05 9.97934E-05 9.97934E-05 9.97934E-05 9.97934E-05 9.97934E-05 9.97934E-05 9.97934E-05 9.97934E-05 9.97934E-05 9.97934E-05 9.97934E-05 9.97934E-05 9.97934E-05
9.98023E-05 9.98023E-05 9.98023E-05 9.98023E-05 9.98023E-05 9.98023E-05 0.956749 9.98023E-05 9.98023E-05 9.98023E-05 9.98023E-05 9.98023E-05 9.98023E-05 9.98023E-05 9.98023E-05 0.0410556 9.98023E-05 9.98023E-05 9.98023E-05 9.98023E-05 9.98023E-05 9.98023E-05 9.98023E-05 9.98023E-05
0.00624295 9.98113E-05 9.98113E-05 9.98113E-05 9.98113E-05 9.98113E-05 9.98113E-05 9.98113E-05 9.98113E-05 9.98113E-05 9.98113E-05 9.98113E-05 9.98113E-05 9.98113E-05 9.98113E-05 9.98113E-05 9.98113E-05 9.98113E-05 9.98113E-05 0.954344 9.98113E-05 0.0373166 9.98113E-05 9.98113E-05
9.98203E-05 9.98203E-05 0.00344979 9.98203E-05 9.98203E-05 9.98203E-05 0.0239037 9.98203E-05 9.98203E-05 9.98203E-05 9.98203E-05 9.98203E-05 9.98203E-05 9.98203E-05 9.98203E-05 9.98203E-05 9.98203E-05 9.98203E-05 9.98203E-05 0.948836 9.98203E-05 9.98203E-05 0.0218138 9.98203E-05
0.0158768 9.99011E-05 0.0214065 9.99011E-05 0.173342 9.99011E-05 0.000315821 0.193344 9.99011E-05 0.0182902 0.191392 9.99011E-05 9.99011E-05 0.0537278 0.0577142 0.112211 0.00163075 9.99011E-05 9.99011E-05 9.99011E-05 0.0604391 9.99011E-05 9.99011E-05 0.0992111
0.164919 9.98651E-05 9.98651E-05 0.0169669 9.98651E-05 0.0424459 0.125131 0.386804 9.98651E-05 9.98651E-05 9.98651E-05 9.98651E-05 9.98651E-05 9.98651E-05 0.176555 9.98651E-05 0.00851882 0.0667481 9.98651E-05 9.98651E-05 9.98651E-05 0.0104138 9.98651E-05 9.98651E-05
0.0235575 9.991E-05 9.991E-05 0.0902753 9.991E-05 0.0323754 0.115922 0.102549 9.991E-05 0.0271368 0.111901 9.991E-05 0.0643507 0.00797215 0.166284 0.0285734 9.991E-05 9.991E-05 9.991E-05 9.991E-05 0.0422704 0.041533 9.991E-05 0.144301
0.234246 9.98562E-05 9.98562E-05 9.98562E-05 0.015348 9.98562E-05 9.98562E-05 0.47462 9.98562E-05 9.98562E-05 9.98562E-05 9.98562E-05 9.98562E-05 0.00143208 0.0700287 9.98562E-05 9.98562E-05 0.111662 0.0737102 0.0173549 9.98562E-05 9.98562E-05 9.98562E-05 9.98562E-05
9.98471E-05 9.98471E-05 9.98471E-05 9.98471E-05 9.98471E-05 9.98471E-05 9.98471E-05 9.98471E-05 9.98471E-05 9.98471E-05 9.98471E-05 9.98471E-05 9.98471E-05 0.0423743 0.0480232 0.016987 0.00453179 0.0394723 9.98471E-05 9.98471E-05 0.0261556 9.98471E-05 9.98471E-05 0.820758
0.0114048 0.080759 9.98921E-05 9.98921E-05 9.98921E-05 0.181826 9.98921E-05 0.0862524 9.98921E-05 9.98921E-05 9.98921E-05 0.0293354 0.0780229 9.98921E-05 0.00384949 0.0985131 0.0317478 9.98921E-05 9.98921E-05 9.98921E-05 9.98921E-05 0.0597969 0.0591473 0.278146
9.97933E-05 9.97933E-05 9.97933E-05 9.97933E-05 9.97933E-05 9.97933E-05 9.97933E-05 9.97933E-05 9.97933E-05 9.97933E-05 9.97933E-05 9.97933E-05 9.97933E-05 9.97933E-05 0.997705 9.97933E-05 9.97933E-05 9.97933E-05 9.97933E-05 9.97933E-05 9.97933E-05 9.97933E-05 9.97933E-05 9.97933E-05
9.98831E-05 9.98831E-05 0.0173604 9.98831E-05 9.98831E-05 0.0221617 9.98831E-05 0.0150194 9.98831E-05 9.98831E-05 9.98831E-05 0.0324986 9.98831E-05 0.0307269 0.706314 9.98831E-05 9.98831E-05 0.00726986 0.0127113 9.98831E-05 0.105877 0.0049955 9.98831E-05 0.0437664
9.98023E-05 9.98023E-05 9.98023E-05 9.98023E-05 0.0256074 9.98023E-05 9.98023E-05 0.972197 9.98023E-05 9.98023E-05 9.98023E-05 9.98023E-05 9.98023E-05 9.98023E-05 9.98023E-05 9.98023E-05 9.98023E-05 9.98023E-05 9.98023E-05 9.98023E-05 9.98023E-05 9.98023E-05 9.98023E-05 9.98023E-05
9.98561E-05 9.98561E-05 0.101266 9.98561E-05 9.98561E-05 9.98561E-05 0.0490093 0.352923 9.98561E-05 9.98561E-05 9.98561E-05 0.0870029 9.98561E-05 9.98561E-05 0.242575 9.98561E-05 9.98561E-05 9.98561E-05 0.0389129 0.0885143 9.98561E-05 9.98561E-05 9.98561E-05 0.0381979
9.98023E-05 9.98023E-05 0.00122915 9.98023E-05 9.98023E-05 9.98023E-05 9.98023E-05 0.996575 9.98023E-05 9.98023E-05 9.98023E-05 9.98023E-05 9.98023E-05 9.98023E-05 9.98023E-05 9.98023E-05 9.98023E-05 9.98023E-05 9.98023E-05 9.98023E-05 9.98023E-05 9.98023E-05 9.98023E-05 9.98023E-05
9.97933E-05 9.97933E-05 9.97933E-05 9.97933E-05 9.97933E-05 9.97933E-05 9.97933E-05 9.97933E-05 9.97933E-05 9.97933E-05 9.97933E-05 9.97933E-05 9.97933E-05 9.97933E-05 9.97933E-05 9.97933E-05 9.97933E-05 9.97933E-05 9.97933E-05 9.97933E-05 9.97933E-05 9.97933E-05 9.97933E-05 0.997705
0.0017208 9.98561E-05 9.98561E-05 0.0752025 9.98561E-05 9.98561E-05 9.98561E-05 0.0519189 9.98561E-05 9.98561E-05 0.220026 9.98561E-05 9.98561E-05 9.98561E-05 0.419467 9.98561E-05 9.98561E-05 9.98561E-05 9.98561E-05 0.108483 9.98561E-05 0.0640526 9.98561E-05 0.0575309
0.466312 9.98741E-05 0.0933346 9.98741E-05 0.0757511 9.98741E-05 0.0214308 9.98741E-05 9.98741E-05 9.98741E-05 9.98741E-05 9.98741E-05 9.98741E-05 0.109355 9.98741E-05 0.0280426 9.98741E-05 0.0177958 9.98741E-05 0.165042 9.98741E-05 0.0133201 9.98741E-05 0.00821766
0.556626 9.98382E-05 9.98382E-05 9.98382E-05 0.124193 9.98382E-05 9.98382E-05 9.98382E-05 9.98382E-05 9.98382E-05 9.98382E-05 0.172099 0.0231948 9.98382E-05 9.98382E-05 9.98382E-05 9.98382E-05 9.98382E-05 9.98382E-05 0.0214931 9.98382E-05 0.100596 9.98382E-05 9.98382E-05
9.98471E-05 0.0853121 0.0739099 9.98471E-05 9.98471E-05 0.0675375 9.98471E-05 9.98471E-05 9.98471E-05 0.103932 9.98471E-05 9.98471E-05 9.98471E-05 9.98471E-05 0.0406248 9.98471E-05 9.98471E-05 9.98471E-05 9.98471E-05 9.98471E-05 0.044864 0.582123 9.98471E-05 9.98471E-05
0.343029 0.0806371 0.122837 9.98561E-05 0.00485656 9.98561E-05 9.98561E-05 0.0487365 9.98561E-05 9.98561E-05 9.98561E-05 9.98561E-05 9.98561E-05 9.98561E-05 9.98561E-05 9.98561E-05 9.98561E-05 9.98561E-05 0.0291275 0.335406 9.98561E-05 9.98561E-05 9.98561E-05 0.0337731
0.736705 9.98562E-05 9.98562E-05 0.0631694 0.0304549 0.0100345 9.98562E-05 9.98562E-05 9.98562E-05 9.98562E-05 0.0243842 9.98562E-05 9.98562E-05 9.98562E-05 0.014142 9.98562E-05 9.98562E-05 0.00385753 9.98562E-05 9.98562E-05 9.98562E-05 9.98562E-05 9.98562E-05 0.115655
0.296798 9.98831E-05 0.0539109 9.98831E-05 9.98831E-05 0.0158375 0.0624453 0.136868 0.00531301 9.98831E-05 0.0745454 9.98831E-05 9.98831E-05 9.98831E-05 9.98831E-05 9.98831E-05 0.0267908 9.98831E-05 0.0308041 0.242605 9.98831E-05 0.0527845 9.98831E-05 9.98831E-05
0.611853 0.00543718 9.9892E-05 0.0861495 9.9892E-05 9.9892E-05 0.0220035 0.0241204 9.9892E-05 0.0112415 0.0268097 9.9892E-05 9.9892E-05 0.0655171 9.9892E-05 0.0140078 0.0704848 0.0343752 9.9892E-05 9.9892E-05 0.0268018 9.9892E-05 9.9892E-05 9.9892E-05
0.997705 9.97934E-05 9.97934E-05 9.97934E-05 9.97934E-05 9.97934E-05 9.97934E-05 9.97934E-05 9.97934E-05 9.97934E-05 9.97934E-05 9.97934E-05 9.97934E-05 9.97934E-05 9.97934E-05 9.97934E-05 9.97934E-05 9.97934E-05 9.97934E-05 9.97934E-05 9.97934E-05 9.97934E-05 9.97934E-05 9.97934E-05
0.153215 9.98741E-05 9.98741E-05 0.0537994 0.0690149 9.98741E-05 0.151477 0.00773106 9.98741E-05 9.98741E-05 0.05019 9.98741E-05 9.98741E-05 0.102332 9.98741E-05 9.98741E-05 9.98741E-05 9.98741E-05 0.147033 9.98741E-05 0.000674368 0.263136 9.98741E-05 9.98741E-05
0.493929 0.0293717 9.9892E-05 9.9892E-05 9.9892E-05 9.9892E-05 0.137362 0.00287986 0.0852148 0.0586524 9.9892E-05 9.9892E-05 0.0239168 9.9892E-05 0.0014411 9.9892E-05 0.0129761 9.9892E-05 9.9892E-05 0.0996807 0.0353366 9.9892E-05 0.0180405 9.9892E-05
0.553146 9.98741E-05 9.98741E-05 0.0225851 9.98741E-05 9.98741E-05 9.98741E-05 0.0337943 0.0570833 0.134455 0.0297759 9.98741E-05 9.98741E-05 0.0219217 9.98741E-05 9.98741E-05 0.0617197 0.0599816 9.98741E-05 0.0241388 9.98741E-05 9.98741E-05 9.98741E-05 9.98741E-05
9.97933E-05 9.97933E-05 9.97933E-05 9.97933E-05 9.97933E-05 9.97933E-05 9.97933E-05 9.97933E-05 9.97933E-05 9.97933E-05 9.97933E-05 9.97933E-05 9.97933E-05 9.97933E-05 9.97933E-05 9.97933E-05 9.97933E-05 9.97933E-05 9.97933E-05 9.97933E-05 9.97933E-05 0.997705 9.97933E-05 9.97933E-05
0.568499 9.98292E-05 9.98292E-05 9.98292E-05 9.98292E-05 9.98292E-05 0.112025 9.98292E-05 9.98292E-05 9.98292E-05 9.98292E-05 9.98292E-05 9.98292E-05 9.98292E-05 9.98292E-05 9.98292E-05 9.98292E-05 9.98292E-05 0.0331917 9.98292E-05 9.98292E-05 0.148073 9.98292E-05 0.136315
0.365935 0.0616766 9.98741E-05 9.98741E-05 0.246441 9.98741E-05 0.0895454 9.98741E-05 0.00787938 9.98741E-05 9.98741E-05 0.00535673 9.98741E-05 9.98741E-05 0.0519948 9.98741E-05 9.98741E-05 9.98741E-05 0.0062804 9.98741E-05 0.0593856 0.104106 9.98741E-05 9.98741E-05
0.607691 9.98561E-05 0.0154152 9.98561E-05 9.98561E-05 0.00312843 9.98561E-05 0.104163 9.98561E-05 9.98561E-05 9.98561E-05 9.98561E-05 9.98561E-05 9.98561E-05 9.98561E-05 0.190036 0.00481676 0.00745305 9.98561E-05 9.98561E-05 0.0656996 9.98561E-05 9.98561E-05 9.98561E-05
0.68974 0.0207814 0.0841634 9.98382E-05 9.98382E-05 9.98382E-05 9.98382E-05 9.98382E-05 0.136574 9.98382E-05 9.98382E-05 9.98382E-05 9.98382E-05 9.98382E-05 0.0241484 9.98382E-05 9.98382E-05 9.98382E-05 9.98382E-05 9.98382E-05 9.98382E-05 9.98382E-05 0.0427963 9.98382E-05
9.97933E-05 9.97933E-05 0.997705 9.97933E-05 9.97933E-05 9.97933E-05 9.97933E-05 9.97933E-05 9.97933E-05 9.97933E-05 9.97933E-05 9.97933E-05 9.97933E-05 9.97933E-05 9.97933E-05 9.97933E-05 9.97933E-05 9.97933E-05 9.97933E-05 9.97933E-05 9.97933E-05 9.97933E-05 9.97933E-05 9.97933E-05
0.0157007 9.98741E-05 0.0482535 0.0459176 9.98741E-05 9.98741E-05 0.187146 9.98741E-05 0.038607 0.397726 9.98741E-05 0.0648687 9.98741E-05 9.98741E-05 9.98741E-05 9.98741E-05 0.0917138 9.98741E-05 0.00326394 0.105405 9.98741E-05 9.98741E-05 9.98741E-05 9.98741E-05
0.0580855 9.98472E-05 9.98472E-05 9.98472E-05 0.0826955 0.0876812 0.0171156 9.98472E-05 9.98472E-05 0.641801 9.98472E-05 9.98472E-05 9.98472E-05 9.98472E-05 0.00191696 9.98472E-05 9.98472E-05 9.98472E-05 0.109007 9.98472E-05 9.98472E-05 9.98472E-05 9.98472E-05 9.98472E-05
0.0137336 0.0323272 0.00732733 0.0267128 0.119677 9.99011E-05 0.159084 9.99011E-05 0.00775438 0.336287 9.99011E-05 9.99011E-05 9.99011E-05 0.0187341 9.99011E-05 9.99011E-05 0.0252017 9.99011E-05 0.0673849 9.99011E-05 9.99011E-05 0.0111743 9.99011E-05 0.173503
0.0104265 9.98561E-05 9.98561E-05 9.98561E-05 9.98561E-05 9.98561E-05 9.98561E-05 0.0208387 9.98561E-05 0.720166 9.98561E-05 9.98561E-05 0.0231288 0.0386209 9.98561E-05 9.98561E-05 0.02094 9.98561E-05 0.0887752 9.98561E-05 9.98561E-05 9.98561E-05 0.0755066 9.98561E-05
9.98561E-05 9.98561E-05 9.98561E-05 0.00420686 9.98561E-05 9.98561E-05 9.98561E-05 9.98561E-05 9.98561E-05 0.636876 9.98561E-05 9.98561E-05 0.0268241 0.0632596 9.98561E-05 0.0983613 0.00737999 9.98561E-05 9.98561E-05 9.98561E-05 9.98561E-05 0.0390849 9.98561E-05 0.12241
9.98471E-05 9.98471E-05 0.00258709 0.0127695 9.98471E-05 9.98471E-05 9.98471E-05 9.98471E-05 0.0775144 0.510615 9.98471E-05 9.98471E-05 9.98471E-05 9.98471E-05 9.98471E-05 0.0690512 0.0951846 9.98471E-05 9.98471E-05 0.230581 9.98471E-05 9.98471E-05 9.98471E-05 9.98471E-05
9.98113E-05 9.98113E-05 9.98113E-05 9.98113E-05 9.98113E-05 9.98113E-05 9.98113E-05 9.98113E-05 9.98113E-05 9.98113E-05 9.98113E-05 9.98113E-05 9.98113E-05 9.98113E-05 9.98113E-05 9.98113E-05 0.0302457 9.98113E-05 0.95428 0.0133783 9.98113E-05 9.98113E-05 9.98113E-05 9.98113E-05
9.98293E-05 9.98293E-05 9.98293E-05 9.98293E-05 9.98293E-05 9.98293E-05 9.98293E-05 9.98293E-05 0.0255483 0.658272 0.156306 0.00364262 9.98293E-05 9.98293E-05 9.98293E-05 9.98293E-05 9.98293E-05 0.154335 9.98293E-05 9.98293E-05 9.98293E-05 9.98293E-05 9.98293E-05 9.98293E-05
9.98561E-05 9.98561E-05 0.0116378 9.98561E-05 0.15208 0.0319974 9.98561E-05 9.98561E-05 9.98561E-05 0.654857 9.98561E-05 0.0434843 0.0139525 9.98561E-05 9.98561E-05 9.98561E-05 9.98561E-05 9.98561E-05 9.98561E-05 9.98561E-05 9.98561E-05 0.0308682 0.0595249 9.98561E-05
0.0207646 0.0328827 9.98652E-05 0.0293267 0.0271499 9.98652E-05 0.0420555 9.98652E-05 9.98652E-05 0.703781 9.98652E-05 0.0934756 9.98652E-05 9.98652E-05 0.0169587 9.98652E-05 0.0321071 9.98652E-05 9.98652E-05 9.98652E-05 9.98652E-05 9.98652E-05 9.98652E-05 9.98652E-05
9.98561E-05 0.0325138 9.98561E-05 9.98561E-05 9.98561E-05 0.00418124 9.98561E-05 9.98561E-05 0.0491865 0.4506 0.167374 9.98561E-05 9.98561E-05 9.98561E-05 0.0480593 9.98561E-05 0.0868864 9.98561E-05 0.159601 9.98561E-05 9.98561E-05 9.98561E-05 9.98561E-05 9.98561E-05
9.98472E-05 9.98472E-05 9.98472E-05 9.98472E-05 9.98472E-05 9.98472E-05 9.98472E-05 9.98472E-05 0.040788 9.98472E-05 9.98472E-05 9.98472E-05 9.98472E-05 0.0412466 9.98472E-05 9.98472E-05 0.0645218 0.0294492 0.0116306 0.770938 9.98472E-05 9.98472E-05 9.98472E-05 0.0397285
9.97933E-05 9.97933E-05 9.97933E-05 9.97933E-05 9.97933E-05 9.97933E-05 9.97933E-05 9.97933E-05 9.97933E-05 9.97933E-05 9.97933E-05 9.97933E-05 9.97933E-05 9.97933E-05 9.97933E-05 9.97933E-05 0.997705 9.97933E-05 9.97933E-05 9.97933E-05 9.97933E-05 9.97933E-05 9.97933E-05 9.97933E-05
9.98203E-05 9.98203E-05 9.98203E-05 0.0168404 9.98203E-05 0.0348321 9.98203E-05 9.98203E-05 9.98203E-05 9.98203E-05 9.98203E-05 9.98203E-05 9.98203E-05 0.00730013 9.98203E-05 9.98203E-05 9.98203E-05 9.98203E-05 0.939031 9.98203E-05 9.98203E-05 9.98203E-05 9.98203E-05 9.98203E-05
9.98561E-05 9.98561E-05 9.98561E-05 0.0296576 9.98561E-05 9.98561E-05 9.98561E-05 0.000425149 0.035795 0.813994 9.98561E-05 9.98561E-05 9.98561E-05 0.0106438 9.98561E-05 9.98561E-05 9.98561E-05 9.98561E-05 0.000200315 0.0225569 9.98561E-05 9.98561E-05 0.0851295 9.98561E-05
0.0583362 0.014737 0.0333954 0.00110457 0.00841275 0.101271 9.9901E-05 9.9901E-05 9.9901E-05 0.403738 0.13115 9.9901E-05 9.9901E-05 0.0521035 0.0257677 0.0310677 0.0454495 9.9901E-05 9.9901E-05 9.9901E-05 9.9901E-05 0.0923675 9.9901E-05 9.9901E-05
9.98562E-05 0.0789369 9.98562E-05 0.00544213 9.98562E-05 9.98562E-05 9.98562E-05 0.0973799 0.442678 0.200769 9.98562E-05 9.98562E-05 9.98562E-05 9.98562E-05 9.98562E-05 9.98562E-05 9.98562E-05 0.144617 9.98562E-05 0.00723367 9.98562E-05 0.0213461 9.98562E-05 9.98562E-05
9.98293E-05 0.0255013 9.98293E-05 9.98293E-05 9.98293E-05 9.98293E-05 0.0761447 0.0208576 0.774319 9.98293E-05 9.98293E-05 9.98293E-05 9.98293E-05 9.98293E-05 9.98293E-05 9.98293E-05 9.98293E-05 9.98293E-05 9.98293E-05 9.98293E-05 9.98293E-05 9.98293E-05 0.101281 9.98293E-05
9.98561E-05 9.98561E-05 9.98561E-05 9.98561E-05 9.98561E-05 9.98561E-05 9.98561E-05 9.98561E-05 0.555424 0.0404368 0.0241593 9.98561E-05 9.98561E-05 0.0491843 9.98561E-05 9.98561E-05 0.00133264 0.0578251 9.98561E-05 0.0443391 9.98561E-05 0.225701 9.98561E-05 9.98561E-05
0.0042779 9.98561E-05 9.98561E-05 9.98561E-05 9.98561E-05 0.0879867 9.98561E-05 9.98561E-05 0.690114 9.98561E-05 9.98561E-05 9.98561E-05 9.98561E-05 9.98561E-05 0.0388018 9.98561E-05 9.98561E-05 0.0167818 0.105412 0.0526736 9.98561E-05 9.98561E-05 0.00235499 9.98561E-05
9.98382E-05 9.98382E-05 9.98382E-05 9.98382E-05 0.0837028 9.98382E-05 9.98382E-05 0.0959977 0.715551 9.98382E-05 9.98382E-05 9.98382E-05 9.98382E-05 9.98382E-05 9.98382E-05 0.0561161 0.0188158 9.98382E-05 9.98382E-05 9.98382E-05 0.0280198 9.98382E-05 9.98382E-05 9.98382E-05
9.9901E-05 9.9901E-05 0.0172492 9.9901E-05 0.0617369 0.126651 9.9901E-05 9.9901E-05 0.446752 0.126402 9.9901E-05 0.0166366 0.00757263 9.9901E-05 0.00206825 9.9901E-05 9.9901E-05 0.0157512 0.00182957 0.0243537 9.9901E-05 9.9901E-05 0.0111634 0.140734
9.98588E-05 9.98588E-05 0.0447035 0.0243115 0.0307089 0.0602224 9.98588E-05 9.98588E-05 0.662333 0.0854192 9.98588E-05 9.98588E-05 0.057462 0.0332421 9.98588E-05 9.98588E-05 9.98588E-05 9.98588E-05 9.98588E-05 9.98588E-05 9.98588E-05 9.98588E-05 9.98588E-05 9.98588E-05
9.98382E-05 9.98382E-05 9.98382E-05 0.05 0.0315338 9.98382E-05 9.98382E-05 9.98382E-05 0.734805 9.98382E-05 9.98382E-05 9.98382E-05 9.98382E-05 9.98382E-05 9.98382E-05 0.0107185 9.98382E-05 9.98382E-05 9.98382E-05 9.98382E-05 0.040149 9.98382E-05 9.98382E-05 0.130996
9.98472E-05 9.98472E-05 0.00649116 9.98472E-05 0.0438018 9.98472E-05 9.98472E-05 9.98472E-05 0.86014 9.98472E-05 0.0665469 9.98472E-05 0.0153173 9.98472E-05 9.98472E-05 0.00407795 0.00192798 9.98472E-05 9.98472E-05 9.98472E-05 9.98472E-05 9.98472E-05 9.98472E-05 9.98472E-05
0.0522556 9.98741E-05 0.0112092 9.98741E-05 0.500721 9.98741E-05 0.142078 9.98741E-05 0.00305745 0.13969 9.98741E-05 9.98741E-05 0.000606409 0.0622102 9.98741E-05 9.98741E-05 0.000762123 9.98741E-05 9.98741E-05 9.98741E-05 9.98741E-05 9.98741E-05 0.0860126 9.98741E-05
9.98202E-05 9.98202E-05 9.98202E-05 9.98202E-05 0.915284 0.0577604 9.98202E-05 0.0217271 9.98202E-05 9.98202E-05 9.98202E-05 0.00323188 9.98202E-05 9.98202E-05 9.98202E-05 9.98202E-05 9.98202E-05 9.98202E-05 9.98202E-05 9.98202E-05 9.98202E-05 9.98202E-05 9.98202E-05 9.98202E-05
9.98652E-05 9.98652E-05 0.000403726 9.98652E-05 0.825652 0.0100315 0.00670448 9.98652E-05 0.0700811 9.98652E-05 9.98652E-05 9.98652E-05 0.00596632 0.0540749 9.98652E-05 9.98652E-05 0.0174883 9.98652E-05 9.98652E-05 9.98652E-05 0.00809985 9.98652E-05 9.98652E-05 9.98652E-05
9.98472E-05 9.98472E-05 0.0208401 9.98472E-05 0.673783 0.00271129 9.98472E-05 9.98472E-05 9.98472E-05 9.98472E-05 9.98472E-05 9.98472E-05 9.98472E-05 9.98472E-05 0.000964325 9.98472E-05 0.018483 9.98472E-05 9.98472E-05 9.98472E-05 9.98472E-05 9.98472E-05 0.151068 0.130453
0.0209729 9.98472E-05 9.98472E-05 9.98472E-05 0.741465 9.98472E-05 0.0331433 9.98472E-05 0.0213275 9.98472E-05 9.98472E-05 9.98472E-05 9.98472E-05 9.98472E-05 9.98472E-05 9.98472E-05 9.98472E-05 0.00404908 9.98472E-05 9.98472E-05 0.0590181 9.98472E-05 0.118327 9.98472E-05
0.222453 9.98651E-05 0.0222104 9.98651E-05 0.356589 9.98651E-05 9.98651E-05 9.98651E-05 9.98651E-05 0.0868496 9.98651E-05 9.98651E-05 9.98651E-05 9.98651E-05 0.0892858 9.98651E-05 9.98651E-05 9.98651E-05 0.0128393 9.98651E-05 0.0390582 9.98651E-05 0.0116293 0.157588
0.0295906 9.991E-05 0.0300495 9.991E-05 0.276826 9.991E-05 9.991E-05 9.991E-05 0.130822 9.991E-05 9.991E-05 0.0101035 0.0156052 9.991E-05 0.07718 0.0475289 0.0764613 0.0166827 9.991E-05 0.112906 9.991E-05 0.0536296 0.0359357 0.0856798
9.98561E-05 9.98561E-05 9.98561E-05 0.0426875 0.680801 9.98561E-05 9.98561E-05 9.98561E-05 9.98561E-05 9.98561E-05 9.98561E-05 0.0171174 9.98561E-05 9.98561E-05 0.012331 0.076542 0.0284377 9.98561E-05 0.0570279 9.98561E-05 0.0834576 9.98561E-05 9.98561E-05 9.98561E-05
9.98472E-05 9.98472E-05 0.0055431 9.98472E-05 0.589622 9.98472E-05 9.98472E-05 0.0485785 9.98472E-05 0.0862497 9.98472E-05 9.98472E-05 9.98472E-05 9.98472E-05 9.98472E-05 9.98472E-05 9.98472E-05 9.98472E-05 0.018389 0.0950878 9.98472E-05 9.98472E-05 9.98472E-05 0.154832
9.98651E-05 0.0370176 9.98651E-05 9.98651E-05 0.545968 9.98651E-05 9.98651E-05 0.0557381 9.98651E-05 9.98651E-05 0.016383 0.0209985 9.98651E-05 0.141196 9.98651E-05 0.0230855 0.0861157 9.98651E-05 9.98651E-05 0.0719995 9.98651E-05 9.98651E-05 9.98651E-05 9.98651E-05
9.98831E-05 0.0418777 9.98831E-05 9.98831E-05 0.386001 9.98831E-05 0.0560452 0.000230483 0.0688497 0.0687589 9.98831E-05 9.98831E-05 9.98831E-05 0.0666039 0.0518055 9.98831E-05 9.98831E-05 9.98831E-05 9.98831E-05 9.98831E-05 0.00036534 0.188622 0.0695418 9.98831E-05
9.98921E-05 9.98921E-05 9.98921E-05 0.0218412 0.495578 9.98921E-05 0.0568876 9.98921E-05 0.00163429 9.98921E-05 0.13653 0.00908613 0.00682147 9.98921E-05 0.0289985 9.98921E-05 0.0125993 9.98921E-05 0.0980965 9.98921E-05 0.119474 0.011254 9.98921E-05 9.98921E-05
9.98801E-05 9.98801E-05 9.98801E-05 0.0265616 0.519242 0.00288922 0.0183916 0.0721741 0.0612416 9.98801E-05 9.98801E-05 9.98801E-05 9.98801E-05 0.0477656 9.98801E-05 0.00984517 0.0525062 9.98801E-05 9.98801E-05 0.138117 0.0483562 0.00171139 9.98801E-05 9.98801E-05
9.98741E-05 9.98741E-05 9.98741E-05 0.0116559 0.448106 9.98741E-05 9.98741E-05 0.00419355 9.98741E-05 0.0233369 9.98741E-05 9.98741E-05 9.98741E-05 9.98741E-05 9.98741E-05 9.98741E-05 0.00102792 0.124112 0.0579608 0.130851 0.0298292 0.167529 9.98741E-05 9.98741E-05
9.98741E-05 9.98741E-05 9.98741E-05 9.98741E-05 0.377947 9.98741E-05 0.0435851 0.0567522 9.98741E-05 0.208679 9.98741E-05 9.98741E-05 9.98741E-05 9.98741E-05 0.000291258 9.98741E-05 9.98741E-05 0.0820212 0.103049 9.98741E-05 0.0679012 0.044689 0.0136868 9.98741E-05
0.193277 9.98561E-05 9.98561E-05 9.98561E-05 0.430955 9.98561E-05 9.98561E-05 9.98561E-05 0.0391335 0.044915 0.0199008 9.98561E-05 9.98561E-05 9.98561E-05 9.98561E-05 0.0593403 9.98561E-05 0.190365 9.98561E-05 9.98561E-05 9.98561E-05 9.98561E-05 0.0205151 9.98561E-05
9.98651E-05 0.0563828 9.98651E-05 0.0250895 0.713481 9.98651E-05 9.98651E-05 9.98651E-05 0.0235193 9.98651E-05 0.0156139 9.98651E-05 9.98651E-05 9.98651E-05 9.98651E-05 0.0417042 9.98651E-05 9.98651E-05 0.0583873 9.98651E-05 9.98651E-05 0.0128497 9.98651E-05 0.051474
9.98562E-05 9.98562E-05 9.98562E-05 0.0228476 0.571997 0.084196 9.98562E-05 9.98562E-05 0.0271236 0.174677 0.0595511 9.98562E-05 9.98562E-05 9.98562E-05 9.98562E-05 0.00139235 9.98562E-05 0.0566173 9.98562E-05 9.98562E-05 9.98562E-05 9.98562E-05 9.98562E-05 9.98562E-05
9.98651E-05 9.98651E-05 0.268045 9.98651E-05 0.353302 9.98651E-05 9.98651E-05 0.0722292 0.0239439 0.055668 9.98651E-05 9.98651E-05 9.98651E-05 9.98651E-05 9.98651E-05 0.0506476 0.0764338 0.0895597 9.98651E-05 9.98651E-05 9.98651E-05 9.98651E-05 9.98651E-05 0.00867251
0.00743485 9.98741E-05 9.98741E-05 0.00798175 9.98741E-05 0.0580348 0.0777051 9.98741E-05 9.98741E-05 0.344327 0.129523 9.98741E-05 9.98741E-05 0.0415563 9.98741E-05 9.98741E-05 9.98741E-05 0.132308 9.98741E-05 0.157353 9.98741E-05 9.98741E-05 9.98741E-05 0.042378
9.9883E-05 9.9883E-05 9.9883E-05 9.9883E-05 0.0670384 9.9883E-05 9.9883E-05 0.0479788 0.0818474 0.307246 0.182573 9.9883E-05 9.9883E-05 0.181751 9.9883E-05 0.0197327 0.0189725 9.9883E-05 9.9883E-05 9.9883E-05 0.0056841 0.0794023 9.9883E-05 0.00647561
9.9883E-05 9.9883E-05 0.036764 9.9883E-05 0.0508701 9.9883E-05 9.9883E-05 0.0494614 9.9883E-05 0.414927 0.140798 9.9883E-05 9.9883E-05 0.0638275 9.9883E-05 0.0775079 9.9883E-05 0.0264277 9.9883E-05 9.9883E-05 0.0402746 0.0501446 0.0476987 9.9883E-05
9.98382E-05 9.98382E-05 9.98382E-05 9.98382E-05 9.98382E-05 9.98382E-05 9.98382E-05 9.98382E-05 0.0104531 0.306067 0.361589 9.98382E-05 9.98382E-05 9.98382E-05 9.98382E-05 0.103321 9.98382E-05 9.98382E-05 9.98382E-05 0.124284 9.98382E-05 0.0924885 9.98382E-05 9.98382E-05
9.98292E-05 9.98292E-05 9.98292E-05 9.98292E-05 9.98292E-05 9.98292E-05 9.98292E-05 9.98292E-05 0.0278486 9.98292E-05 0.155685 0.101291 9.98292E-05 0.131358 9.98292E-05 9.98292E-05 9.98292E-05 0.581921 9.98292E-05 9.98292E-05 9.98292E-05 9.98292E-05 9.98292E-05 9.98292E-05
0.0314112 0.0600189 9.98562E-05 9.98562E-05 0.064753 9.98562E-05 9.98562E-05 9.98562E-05 9.98562E-05 9.98562E-05 0.224116 0.0622799 9.98562E-05 9.98562E-05 9.98562E-05 0.0402912 9.98562E-05 0.505012 9.98562E-05 9.98562E-05 9.98562E-05 0.0105203 9.98562E-05 9.98562E-05
9.98651E-05 9.98651E-05 0.0142493 9.98651E-05 9.98651E-05 0.0224166 9.98651E-05 9.98651E-05 9.98651E-05 0.0331358 0.0196191 0.0917079 9.98651E-05 0.126756 9.98651E-05 0.00363802 9.98651E-05 0.648743 9.98651E-05 9.98651E-05 9.98651E-05 9.98651E-05 0.0382361 9.98651E-05
0.0501091 9.991E-05 9.991E-05 0.0452627 9.991E-05 0.205541 9.991E-05 0.0247278 9.991E-05 9.991E-05 0.0469283 0.118986 0.0135061 9.991E-05 9.991E-05 0.000352464 9.991E-05 0.30935 0.100488 9.991E-05 0.0588874 0.0164312 0.00619229 0.00223785
9.98202E-05 9.98202E-05 9.98202E-05 9.98202E-05 9.98202E-05 9.98202E-05 9.98202E-05 9.98202E-05 0.0861246 0.102142 9.98202E-05 9.98202E-05 9.98202E-05 9.98202E-05 9.98202E-05 9.98202E-05 0.0189536 0.790783 9.98202E-05 9.98202E-05 9.98202E-05 9.98202E-05 9.98202E-05 9.98202E-05
9.98382E-05 9.98382E-05 0.0477133 9.98382E-05 9.98382E-05 9.98382E-05 9.98382E-05 9.98382E-05 9.98382E-05 9.98382E-05 0.01326 9.98382E-05 9.98382E-05 9.98382E-05 9.98382E-05 9.98382E-05 9.98382E-05 0.778239 0.00147083 9.98382E-05 0.0626517 9.98382E-05 0.094868 9.98382E-05
0.0103823 0.0150812 0.00279447 0.111234 9.9901E-05 0.0255318 9.9901E-05 9.9901E-05 0.00451416 9.9901E-05 9.9901E-05 9.9901E-05 9.9901E-05 9.9901E-05 0.00243524 0.0618222 9.9901E-05 0.426902 9.9901E-05 0.0276497 0.196784 9.9901E-05 0.0379868 0.0757826
9.9892E-05 9.9892E-05 9.9892E-05 9.9892E-05 0.0399994 0.0173011 9.9892E-05 9.9892E-05 9.9892E-05 0.00217662 0.167975 0.0226816 9.9892E-05 9.9892E-05 9.9892E-05 9.9892E-05 0.0517768 0.396065 0.0378894 0.0715504 0.034167 0.0267863 0.130433 9.9892E-05
0.0268341 9.98651E-05 9.98651E-05 0.0540415 9.98651E-05 9.98651E-05 9.98651E-05 9.98651E-05 9.98651E-05 9.98651E-05 0.065245 0.0145058 0.00482477 0.0364001 0.0115332 9.98651E-05 9.98651E-05 0.72565 9.98651E-05 9.98651E-05 9.98651E-05 0.059468 9.98651E-05 9.98651E-05
9.98651E-05 9.98651E-05 9.98651E-05 9.98651E-05 9.98651E-05 9.98651E-05 0.0406369 0.0561952 9.98651E-05 0.0357244 0.157535 9.98651E-05 0.0105401 0.177379 9.98651E-05 0.00358857 9.98651E-05 0.427813 9.98651E-05 9.98651E-05 0.0890889 9.98651E-05 9.98651E-05 9.98651E-05
9.98024E-05 9.98024E-05 9.98024E-05 9.98024E-05 9.98024E-05 9.98024E-05 9.98024E-05 9.98024E-05 9.98024E-05 9.98024E-05 9.98024E-05 9.98024E-05 9.98024E-05 9.98024E-05 9.98024E-05 9.98024E-05 9.98024E-05 0.855539 9.98024E-05 9.98024E-05 9.98024E-05 9.98024E-05 0.142265 9.98024E-05
9.9901E-05 0.0337124 0.0124428 9.9901E-05 9.9901E-05 0.431603 9.9901E-05 9.9901E-05 0.0842884 0.0803347 0.113957 0.0288761 0.000212079 0.0708674 9.9901E-05 0.0556361 9.9901E-05 9.9901E-05 0.0156013 9.9901E-05 0.0313687 9.9901E-05 0.040001 9.9901E-05
0.0145479 9.98382E-05 9.98382E-05 0.0121642 0.0294647 9.98382E-05 9.98382E-05 9.98382E-05 9.98382E-05 9.98382E-05 9.98382E-05 9.98382E-05 9.98382E-05 0.180242 9.98382E-05 9.98382E-05 9.98382E-05 0.757879 9.98382E-05 9.98382E-05 9.98382E-05 9.98382E-05 9.98382E-05 0.00390541
9.9901E-05 9.9901E-05 9.9901E-05 9.9901E-05 0.0720927 0.277004 9.9901E-05 0.0401474 9.9901E-05 9.9901E-05 0.204926 0.0997054 0.00154425 9.9901E-05 0.022916 9.9901E-05 0.00202689 0.0764586 9.9901E-05 0.0207368 0.114322 0.0418897 0.0251322 9.9901E-05
9.97934E-05 9.97934E-05 9.97934E-05 0.997705 9.97934E-05 9.97934E-05 9.97934E-05 9.97934E-05 9.97934E-05 9.97934E-05 9.97934E-05 9.97934E-05 9.97934E-05 9.97934E-05 9.97934E-05 9.97934E-05 9.97934E-05 9.97934E-05 9.97934E-05 9.97934E-05 9.97934E-05 9.97934E-05 9.97934E-05 9.97934E-05
0.0258261 9.98651E-05 0.0826469 9.98651E-05 9.98651E-05 0.238308 9.98651E-05 9.98651E-05 9.98651E-05 9.98651E-05 0.078722 0.266187 9.98651E-05 0.115669 0.0151956 9.98651E-05 9.98651E-05 0.165037 0.0109103 9.98651E-05 9.98651E-05 9.98651E-05 9.98651E-05 9.98651E-05
0.0542511 9.98921E-05 9.98921E-05 0.00512485 9.98921E-05 0.0380689 9.98921E-05 0.0486953 9.98921E-05 9.98921E-05 0.00933413 0.470653 0.0127054 0.105642 0.0178361 9.98921E-05 9.98921E-05 0.202605 0.00352819 9.98921E-05 9.98921E-05 0.0303578 9.98921E-05 9.98921E-05
9.98023E-05 9.98023E-05 9.98023E-05 0.99741 9.98023E-05 9.98023E-05 9.98023E-05 9.98023E-05 9.98023E-05 9.98023E-05 9.98023E-05 9.98023E-05 9.98023E-05 9.98023E-05 9.98023E-05 9.98023E-05 0.000393928 9.98023E-05 9.98023E-05 9.98023E-05 9.98023E-05 9.98023E-05 9.98023E-05 9.98023E-05
9.98382E-05 9.98382E-05 9.98382E-05 9.98382E-05 9.98382E-05 0.0211848 9.98382E-05 9.98382E-05 9.98382E-05 9.98382E-05 0.0827449 0.345437 9.98382E-05 0.208156 9.98382E-05 9.98382E-05 9.98382E-05 0.171932 9.98382E-05 9.98382E-05 0.168748 9.98382E-05 9.98382E-05 9.98382E-05
9.98561E-05 9.98561E-05 9.98561E-05 9.98561E-05 0.00461439 0.46907 9.98561E-05 9.98561E-05 9.98561E-05 9.98561E-05 0.0164972 0.0336866 9.98561E-05 9.98561E-05 9.98561E-05 9.98561E-05 9.98561E-05 0.276019 9.98561E-05 0.0301226 9.98561E-05 0.14434 9.98561E-05 0.0240526
0.0271796 9.98741E-05 9.98741E-05 0.211372 9.98741E-05 0.0444314 9.98741E-05 0.0284015 9.98741E-05 0.0636527 0.00324214 0.097789 9.98741E-05 0.222834 9.98741E-05 9.98741E-05 9.98741E-05 0.258806 9.98741E-05 9.98741E-05 0.0408931 9.98741E-05 9.98741E-05 9.98741E-05
9.98472E-05 9.98472E-05 9.98472E-05 0.0625942 9.98472E-05 0.0172803 9.98472E-05 9.98472E-05 9.98472E-05 9.98472E-05 0.0778776 0.541956 9.98472E-05 0.130273 9.98472E-05 9.98472E-05 9.98472E-05 9.98472E-05 9.98472E-05 9.98472E-05 0.106918 9.98472E-05 9.98472E-05 0.0614039
0.000191903 0.0407801 9.98651E-05 0.0266434 9.98651E-05 0.105824 0.019042 9.98651E-05 9.98651E-05 9.98651E-05 9.98651E-05 0.687216 9.98651E-05 9.98651E-05 9.98651E-05 9.98651E-05 9.98651E-05 0.0890915 0.00153826 9.98651E-05 9.98651E-05 9.98651E-05 0.0281748 9.98651E-05
9.98562E-05 0.0481281 9.98562E-05 0.0581972 9.98562E-05 9.98562E-05 9.98562E-05 9.98562E-05 9.98562E-05 9.98562E-05 0.143812 0.453935 9.98562E-05 0.191253 9.98562E-05 9.98562E-05 9.98562E-05 9.98562E-05 0.0264871 0.0701675 9.98562E-05 0.00642297 9.98562E-05 9.98562E-05
9.98831E-05 9.98831E-05 9.98831E-05 0.145012 9.98831E-05 9.98831E-05 0.0138293 9.98831E-05 0.0293487 9.98831E-05 0.156375 0.460148 9.98831E-05 0.0521947 9.98831E-05 0.0011506 0.00423583 0.0307568 9.98831E-05 9.98831E-05 9.98831E-05 0.022345 9.98831E-05 0.083306
9.98472E-05 9.98472E-05 9.98472E-05 9.98472E-05 9.98472E-05 0.0969705 9.98472E-05 9.98472E-05 9.98472E-05 9.98472E-05 0.0846532 0.589457 9.98472E-05 9.98472E-05 0.0118238 9.98472E-05 9.98472E-05 0.191 9.98472E-05 9.98472E-05 0.010329 9.98472E-05 0.0140685 9.98472E-05
9.98562E-05 0.00689947 9.98562E-05 9.98562E-05 9.98562E-05 9.98562E-05 9.98562E-05 0.0137044 0.00960272 9.98562E-05 0.0291828 0.842385 0.0545559 0.0262853 9.98562E-05 0.0157865 9.98562E-05 9.98562E-05 9.98562E-05 9.98562E-05 9.98562E-05 9.98562E-05 9.98562E-05 9.98562E-05
9.98561E-05 9.98561E-05 9.98561E-05 0.0156132 9.98561E-05 0.0765133 9.98561E-05 0.0101238 9.98561E-05 0.167919 0.181975 0.460303 9.98561E-05 9.98561E-05 9.98561E-05 9.98561E-05 9.98561E-05 9.98561E-05 9.98561E-05 0.00576109 9.98561E-05 0.0801945 9.98561E-05 9.98561E-05
9.98204E-05 0.0122547 9.98204E-05 9.98204E-05 9.98204E-05 9.98204E-05 9.98204E-05 9.98204E-05 9.98204E-05 9.98204E-05 9.98204E-05 0.781918 9.98204E-05 0.17807 0.0257607 9.98204E-05 9.98204E-05 9.98204E-05 9.98204E-05 9.98204E-05 9.98204E-05 9.98204E-05 9.98204E-05 9.98204E-05
9.98292E-05 9.98292E-05 0.0107557 9.98292E-05 9.98292E-05 0.182256 9.98292E-05 9.98292E-05 0.041196 9.98292E-05 0.0126686 0.751227 9.98292E-05 9.98292E-05 9.98292E-05 9.98292E-05 9.98292E-05 9.98292E-05 9.98292E-05 9.98292E-05 9.98292E-05 9.98292E-05 9.98292E-05 9.98292E-05
9.98831E-05 9.98831E-05 9.98831E-05 0.0115904 0.06817 0.00365111 9.98831E-05 0.0310774 9.98831E-05 9.98831E-05 9.98831E-05 0.568253 0.064136 0.0650988 9.98831E-05 0.0355164 9.98831E-05 0.0918333 0.0558532 0.00352199 9.98831E-05 9.98831E-05 9.98831E-05 9.98831E-05
9.98472E-05 9.98472E-05 0.00451544 9.98472E-05 9.98472E-05 0.171101 9.98472E-05 9.98472E-05 9.98472E-05 9.98472E-05 0.0945395 0.476647 0.0242343 0.176305 9.98472E-05 9.98472E-05 9.98472E-05 9.98472E-05 0.0509615 9.98472E-05 9.98472E-05 9.98472E-05 9.98472E-05 9.98472E-05
9.98113E-05 9.98113E-05 9.98113E-05 9.98113E-05 9.98113E-05 9.98113E-05 9.98113E-05 9.98113E-05 0.0196512 9.98113E-05 0.527079 0.451174 9.98113E-05 9.98113E-05 9.98113E-05 9.98113E-05 9.98113E-05 9.98113E-05 9.98113E-05 9.98113E-05 9.98113E-05 9.98113E-05 9.98113E-05 9.98113E-05
0.0455156 9.98472E-05 9.98472E-05 0.00407636 9.98472E-05 9.98472E-05 9.98472E-05 9.98472E-05 9.98472E-05 9.98472E-05 0.310006 0.619108 0.00277742 9.98472E-05 9.98472E-05 0.00770592 9.98472E-05 9.98472E-05 9.98472E-05 9.98472E-05 9.98472E-05 0.00911347 9.98472E-05 9.98472E-05
9.98292E-05 9.98292E-05 9.98292E-05 0.00858824 9.98292E-05 9.98292E-05 9.98292E-05 9.98292E-05 9.98292E-05 9.98292E-05 9.98292E-05 0.968636 0.00501094 9.98292E-05 9.98292E-05 0.00186731 0.0140008 9.98292E-05 9.98292E-05 9.98292E-05 9.98292E-05 9.98292E-05 9.98292E-05 9.98292E-05
9.98741E-05 0.0328426 9.98741E-05 9.98741E-05 9.98741E-05 0.386502 9.98741E-05 0.00613697 0.0129043 9.98741E-05 0.197043 0.17803 9.98741E-05 0.06951 9.98741E-05 9.98741E-05 0.0266391 0.0480218 9.98741E-05 9.98741E-05 0.0409727 9.98741E-05 9.98741E-05 9.98741E-05
9.98562E-05 9.98562E-05 9.98562E-05 0.00731376 0.025526 0.0381439 9.98562E-05 0.015687 9.98562E-05 9.98562E-05 9.98562E-05 0.824476 9.98562E-05 0.0448761 9.98562E-05 9.98562E-05 0.00912331 9.98562E-05 9.98562E-05 9.98562E-05 9.98562E-05 9.98562E-05 0.0332563 9.98562E-05
9.98921E-05 9.98921E-05 9.98921E-05 0.0430494 9.98921E-05 0.103977 9.98921E-05 9.98921E-05 9.98921E-05 9.98921E-05 0.208421 0.442685 9.98921E-05 9.98921E-05 9.98921E-05 9.98921E-05 0.0328447 0.0121005 0.0345907 0.0181592 0.0717835 0.00242933 0.00964963 0.0191113
