9.9937E-05 0.103816 0.0880761 0.0185411 9.9937E-05 0.163541 0.622424 9.9937E-05 9.9937E-05 9.9937E-05 0.00290286 9.9937E-05 9.9937E-05
9.9928E-05 9.9928E-05 9.9928E-05 0.0981246 0.0702215 9.9928E-05 0.702152 0.0402344 9.9928E-05 9.9928E-05 9.9928E-05 9.9928E-05 0.0884682
9.98921E-05 9.98921E-05 9.98921E-05 9.98921E-05 9.98921E-05 9.98921E-05 0.998801 9.98921E-05 9.98921E-05 9.98921E-05 9.98921E-05 9.98921E-05 9.98921E-05
9.9928E-05 9.9928E-05 9.9928E-05 0.0861826 0.112814 0.0281668 0.727138 0.0448988 9.9928E-05 9.9928E-05 9.9928E-05 9.9928E-05 9.9928E-05
0.0247772 9.9946E-05 9.9946E-05 9.9946E-05 0.169993 9.9946E-05 0.680349 0.00745184 0.00837664 9.9946E-05 9.9946E-05 0.00392731 0.104524
0.0909012 9.9919E-05 9.9919E-05 9.9919E-05 0.132371 9.9919E-05 0.773512 9.9919E-05 9.9919E-05 9.9919E-05 0.00231638 9.9919E-05 9.9919E-05
9.99191E-05 0.213049 9.99191E-05 9.99191E-05 0.174886 9.99191E-05 0.541588 9.99191E-05 0.0695782 9.99191E-05 9.99191E-05 9.99191E-05 9.99191E-05
9.99101E-05 9.99101E-05 0.00689089 9.99101E-05 9.99101E-05 9.99101E-05 0.835153 9.99101E-05 9.99101E-05 9.99101E-05 9.99101E-05 0.156957 9.99101E-05
9.9928E-05 9.9928E-05 9.9928E-05 9.9928E-05 9.9928E-05 0.0879775 0.760372 9.9928E-05 9.9928E-05 0.0674536 0.0374445 0.0459532 9.9928E-05
9.9928E-05 9.9928E-05 9.9928E-05 0.0147368 9.9928E-05 9.9928E-05 0.85268 0.0372425 9.9928E-05 9.9928E-05 9.9928E-05 0.0495669 0.0449743
9.99101E-05 9.99101E-05 0.152404 9.99101E-05 9.99101E-05 9.99101E-05 0.69532 9.99101E-05 9.99101E-05 9.99101E-05 9.99101E-05 9.99101E-05 0.151277
9.98921E-05 9.98921E-05 9.98921E-05 9.98921E-05 9.98921E-05 9.98921E-05 9.98921E-05 0.998801 9.98921E-05 9.98921E-05 9.98921E-05 9.98921E-05 9.98921E-05
0.104984 9.9955E-05 0.0293875 0.0236901 9.9955E-05 9.9955E-05 0.0180021 0.706876 0.00934886 9.9955E-05 9.9955E-05 0.0583695 0.0488421
9.9928E-05 9.9928E-05 9.9928E-05 0.0632594 0.199163 9.9928E-05 0.0237411 0.617833 9.9928E-05 0.0952042 9.9928E-05 9.9928E-05 9.9928E-05
9.9946E-05 0.191053 9.9946E-05 0.00905428 0.150995 9.9946E-05 0.0345297 0.485308 0.0535081 0.074953 9.9946E-05 9.9946E-05 9.9946E-05
0.153394 9.9928E-05 9.9928E-05 0.053552 0.0892638 0.136221 9.9928E-05 0.56677 9.9928E-05 9.9928E-05 9.9928E-05 9.9928E-05 9.9928E-05
9.9919E-05 0.136403 9.9919E-05 9.9919E-05 0.00533703 9.9919E-05 0.0403081 0.817053 9.9919E-05 9.9919E-05 9.9919E-05 9.9919E-05 9.9919E-05
0.256181 9.9937E-05 0.028047 9.9937E-05 0.0216025 9.9937E-05 9.9937E-05 0.602707 9.9937E-05 9.9937E-05 9.9937E-05 0.045357 0.0454061
0.0376482 9.9937E-05 0.0174749 9.9937E-05 9.9937E-05 0.138855 9.9937E-05 0.634407 9.9937E-05 9.9937E-05 0.0402851 0.130631 9.9937E-05
0.119452 0.019437 0.00554377 9.9964E-05 0.277781 9.9964E-05 9.9964E-05 0.478996 0.00548343 0.0273715 0.00240561 9.9964E-05 0.0631294
9.9955E-05 0.0677163 9.9955E-05 0.101198 9.9955E-05 0.227606 9.9955E-05 0.444497 0.0779882 0.00276491 0.0309949 9.9955E-05 0.046736
0.129695 9.9928E-05 0.199475 0.627593 9.9928E-05 9.9928E-05 0.00577125 9.9928E-05 9.9928E-05 0.0366653 9.9928E-05 9.9928E-05 9.9928E-05
0.148934 9.9919E-05 9.9919E-05 0.662445 0.179901 9.9919E-05 9.9919E-05 9.9919E-05 0.00782087 9.9919E-05 9.9919E-05 9.9919E-05 9.9919E-05
0.0362752 0.0207554 9.9964E-05 0.666791 9.9964E-05 9.9964E-05 0.100731 0.00609306 0.0216074 0.0493622 0.0160701 0.0819145 9.9964E-05
9.9928E-05 9.9928E-05 0.0360688 0.94709 9.9928E-05 0.00243894 9.9928E-05 9.9928E-05 0.0112395 9.9928E-05 9.9928E-05 9.9928E-05 0.00236298
0.062782 0.0985136 0.0455679 0.566614 0.211718 9.9946E-05 9.9946E-05 9.9946E-05 0.00796085 0.00624401 9.9946E-05 9.9946E-05 9.9946E-05
9.9964E-05 9.9964E-05 0.206124 0.396654 0.0552674 0.0790497 0.0331067 0.0610903 9.9964E-05 0.000482376 0.0221294 9.9964E-05 0.145696
9.99011E-05 9.99011E-05 9.99011E-05 0.994784 9.99011E-05 9.99011E-05 9.99011E-05 9.99011E-05 9.99011E-05 9.99011E-05 9.99011E-05 9.99011E-05 0.00411752
9.99191E-05 0.176031 9.99191E-05 0.760871 9.99191E-05 9.99191E-05 9.99191E-05 9.99191E-05 9.99191E-05 9.99191E-05 0.00796466 0.0542342 9.99191E-05
0.0141364 9.99101E-05 9.99101E-05 0.917315 0.0675498 9.99101E-05 9.99101E-05 9.99101E-05 9.99101E-05 9.99101E-05 9.99101E-05 9.99101E-05 9.99101E-05
0.427865 0.226107 0.111879 0.108251 9.9955E-05 9.9955E-05 9.9955E-05 0.0350773 9.9955E-05 0.00623061 9.9955E-05 0.000293886 0.0837966
0.278134 0.347416 0.13343 9.9946E-05 9.9946E-05 9.9946E-05 0.0639936 0.0202249 9.9946E-05 9.9946E-05 0.0228853 0.133316 9.9946E-05
0.0255427 9.9955E-05 0.219 0.185809 9.9955E-05 9.9955E-05 0.0163885 0.0728363 0.00171557 9.9955E-05 0.204262 9.9955E-05 0.273947
0.256716 0.0111983 9.9946E-05 0.19921 0.196476 9.9946E-05 9.9946E-05 9.9946E-05 9.9946E-05 0.0097808 0.323858 9.9946E-05 0.00216055
0.156938 0.0121741 9.9973E-05 0.182933 0.0413396 0.0186729 0.0654545 9.9973E-05 0.0635018 0.0920842 0.258483 9.9973E-05 0.108118
0.390928 0.0528091 0.0249136 0.083681 0.0115763 9.9955E-05 9.9955E-05 0.0890546 9.9955E-05 9.9955E-05 0.248103 9.9955E-05 0.0984344
0.0200857 9.9946E-05 0.104599 0.222854 0.236988 9.9946E-05 0.0901648 0.165198 9.9946E-05 9.9946E-05 0.159511 9.9946E-05 9.9946E-05
0.0396299 9.9973E-05 0.0506068 0.169112 0.170799 0.0450286 9.9973E-05 0.309661 0.0594673 9.9973E-05 0.081455 0.00938247 0.0645579
9.9892E-05 9.9892E-05 9.9892E-05 9.9892E-05 9.9892E-05 9.9892E-05 9.9892E-05 9.9892E-05 9.9892E-05 9.9892E-05 0.998801 9.9892E-05 9.9892E-05
9.9928E-05 9.9928E-05 9.9928E-05 9.9928E-05 0.0669332 9.9928E-05 0.0647287 9.9928E-05 0.0069912 9.9928E-05 0.800922 9.9928E-05 0.0596256
0.175252 0.112776 0.0635379 0.170101 9.9955E-05 9.9955E-05 0.0138701 0.138032 9.9955E-05 9.9955E-05 0.245415 9.9955E-05 0.0805172
0.193719 0.0565119 9.9955E-05 0.0515348 9.9955E-05 0.145451 0.0350407 0.0438048 9.9955E-05 9.9955E-05 0.470686 0.00275159 9.9955E-05
0.16777 0.0778049 9.9946E-05 0.0811738 9.9946E-05 9.9946E-05 0.0164578 0.303638 9.9946E-05 9.9946E-05 0.20731 9.9946E-05 0.145246
0.0744494 9.9937E-05 0.235333 0.167887 0.117301 9.9937E-05 9.9937E-05 0.275868 9.9937E-05 9.9937E-05 0.128461 9.9937E-05 9.9937E-05
0.130977 0.0408247 9.9937E-05 9.9937E-05 9.9937E-05 9.9937E-05 9.9937E-05 0.0483917 9.9937E-05 0.14901 0.466715 9.9937E-05 0.163383
0.600837 9.9919E-05 0.176572 0.0633521 9.9919E-05 9.9919E-05 9.9919E-05 9.9919E-05 9.9919E-05 9.9919E-05 9.9919E-05 9.9919E-05 0.15834
0.625709 9.9928E-05 0.144705 9.9928E-05 0.0170966 0.177071 9.9928E-05 9.9928E-05 0.0346184 9.9928E-05 9.9928E-05 9.9928E-05 9.9928E-05
0.278552 0.111379 0.208372 9.9955E-05 0.215295 9.9955E-05 0.0558226 0.0838672 0.0309702 9.9955E-05 0.0152423 9.9955E-05 9.9955E-05
0.541751 0.0546298 0.130593 9.9928E-05 9.9928E-05 0.0191692 9.9928E-05 0.253058 9.9928E-05 9.9928E-05 9.9928E-05 9.9928E-05 9.9928E-05
0.7412 9.9946E-05 0.0659897 9.9946E-05 0.0442833 0.010834 9.9946E-05 0.0147718 9.9946E-05 0.0892204 0.0331007 9.9946E-05 9.9946E-05
0.532366 0.336657 9.9919E-05 9.9919E-05 9.9919E-05 0.110053 9.9919E-05 9.9919E-05 9.9919E-05 9.9919E-05 9.9919E-05 0.0200242 9.9919E-05
0.612187 0.0747845 9.9928E-05 0.079684 9.9928E-05 9.9928E-05 9.9928E-05 9.9928E-05 9.9928E-05 0.107228 9.9928E-05 9.9928E-05 0.125317
0.998801 9.98921E-05 9.98921E-05 9.98921E-05 9.98921E-05 9.98921E-05 9.98921E-05 9.98921E-05 9.98921E-05 9.98921E-05 9.98921E-05 9.98921E-05 9.98921E-05
0.338506 0.0586202 0.120662 0.189811 9.9955E-05 0.0634892 0.0134934 9.9955E-05 9.9955E-05 0.0744278 9.9955E-05 9.9955E-05 0.14049
0.585977 0.198143 9.9964E-05 0.0404175 9.9964E-05 9.9964E-05 0.080515 0.0149271 0.0379375 0.0172807 0.0141867 0.0102146 9.9964E-05
0.551946 0.301968 9.9946E-05 0.00150253 0.0640277 0.0135519 9.9946E-05 9.9946E-05 9.9946E-05 0.0128511 9.9946E-05 9.9946E-05 0.0535529
0.525737 0.297677 9.9928E-05 0.0170377 9.9928E-05 9.9928E-05 9.9928E-05 9.9928E-05 9.9928E-05 0.0215862 9.9928E-05 9.9928E-05 0.137163
0.730532 0.00216061 9.9919E-05 0.218428 9.9919E-05 9.9919E-05 9.9919E-05 9.9919E-05 9.9919E-05 9.9919E-05 9.9919E-05 9.9919E-05 0.0479802
0.44627 0.017871 0.312725 9.9955E-05 9.9955E-05 0.0111951 0.0855499 0.0177965 9.9955E-05 9.9955E-05 0.0687152 0.0393776 9.9955E-05
0.655753 9.9919E-05 9.9919E-05 0.186854 0.0637326 9.9919E-05 0.0927607 9.9919E-05 9.9919E-05 9.9919E-05 9.9919E-05 9.9919E-05 9.9919E-05
0.766278 9.9937E-05 0.0715251 9.9937E-05 0.0581965 9.9937E-05 9.9937E-05 0.015502 9.9937E-05 9.9937E-05 0.0193771 0.0684218 9.9937E-05
0.396631 9.9955E-05 0.432492 0.0747413 0.0129682 9.9955E-05 0.0045408 9.9955E-05 0.0325445 9.9955E-05 0.00210946 0.0434733 9.9955E-05
0.131554 0.58316 0.0247124 0.156671 9.9946E-05 0.0658898 9.9946E-05 9.9946E-05 0.0191876 0.0182248 9.9946E-05 9.9946E-05 9.9946E-05
0.0415016 0.64927 0.0917275 9.9937E-05 0.189467 9.9937E-05 9.9937E-05 9.9937E-05 9.9937E-05 9.9937E-05 0.0107906 0.0165437 9.9937E-05
0.0279848 0.440086 0.184823 0.129023 9.9982E-05 9.9982E-05 0.0144785 0.0658418 0.00720782 0.0292626 0.06095 0.0220659 0.0180759
9.9955E-05 0.737785 9.9955E-05 9.9955E-05 0.0372072 0.0262557 9.9955E-05 0.037865 0.0250329 0.00676295 0.024548 0.104044 9.9955E-05
9.9964E-05 0.578485 9.9964E-05 0.188904 0.0166086 9.9964E-05 0.0236612 0.0366047 0.0489664 0.0193641 0.0117491 9.9964E-05 0.0752569
0.0614522 0.770184 0.089838 0.0418313 9.9937E-05 9.9937E-05 9.9937E-05 9.9937E-05 9.9937E-05 0.005758 9.9937E-05 0.0302368 9.9937E-05
0.00137496 0.849537 0.0745974 0.0557546 9.9937E-05 0.0149239 0.00311271 9.9937E-05 9.9937E-05 9.9937E-05 9.9937E-05 9.9937E-05 9.9937E-05
9.99191E-05 0.712291 9.99191E-05 9.99191E-05 0.211434 0.0234329 9.99191E-05 9.99191E-05 9.99191E-05 9.99191E-05 9.99191E-05 9.99191E-05 0.0519429
9.9937E-05 0.552907 0.183388 9.9937E-05 0.151202 9.9937E-05 9.9937E-05 9.9937E-05 0.0212052 9.9937E-05 0.00643058 0.0841683 9.9937E-05
9.9937E-05 0.589256 0.120208 9.9937E-05 0.11629 9.9937E-05 9.9937E-05 0.0995075 9.9937E-05 0.030105 0.0439347 9.9937E-05 9.9937E-05
9.9937E-05 0.78834 9.9937E-05 9.9937E-05 9.9937E-05 0.110523 0.0009579 0.00363537 9.9937E-05 9.9937E-05 0.060125 9.9937E-05 0.0357194
0.0375773 0.57208 0.0524799 0.0511511 9.9964E-05 0.0112852 0.0645897 0.152239 9.9964E-05 9.9964E-05 0.00431703 9.9964E-05 0.0538814
0.0554739 0.817155 0.0542123 0.0581174 9.99371E-05 9.99371E-05 0.0132731 9.99371E-05 0.00106898 9.99371E-05 9.99371E-05 9.99371E-05 9.99371E-05
0.0792004 0.673413 9.9964E-05 0.0163705 0.0150408 0.0135698 9.9964E-05 9.9964E-05 9.9964E-05 0.060937 0.0612948 0.03198 0.047794
9.991E-05 0.782623 9.991E-05 9.991E-05 9.991E-05 9.991E-05 9.991E-05 9.991E-05 9.991E-05 0.0567676 9.991E-05 0.15961 9.991E-05
0.12839 0.321605 0.142444 9.9946E-05 0.0924972 9.9946E-05 9.9946E-05 9.9946E-05 9.9946E-05 0.0287392 0.037036 9.9946E-05 0.248689
0.00193945 0.693325 9.9928E-05 9.9928E-05 0.0914769 9.9928E-05 0.0605757 0.151884 9.9928E-05 9.9928E-05 9.9928E-05 9.9928E-05 9.9928E-05
0.0371437 0.405203 0.0280831 9.9946E-05 9.9946E-05 9.9946E-05 0.0393415 0.212521 9.9946E-05 9.9946E-05 0.0183714 0.258736 9.9946E-05
9.9937E-05 0.727149 0.0409834 9.9937E-05 0.0132947 9.9937E-05 0.046165 0.0415784 9.9937E-05 9.9937E-05 9.9937E-05 9.9937E-05 0.13013
0.0972817 0.491758 0.156537 9.9946E-05 0.174483 9.9946E-05 0.0149602 0.058958 9.9946E-05 9.9946E-05 9.9946E-05 0.00542215 9.9946E-05
9.9928E-05 0.309256 0.336311 0.11158 9.9928E-05 9.9928E-05 0.139464 0.102588 9.9928E-05 9.9928E-05 9.9928E-05 9.9928E-05 9.9928E-05
9.9955E-05 0.28555 0.305282 0.101891 0.141691 9.9955E-05 0.0271139 9.9955E-05 0.0106469 9.9955E-05 9.9955E-05 0.0409146 0.0864106
9.9937E-05 0.371569 0.363004 9.9937E-05 0.126375 9.9937E-05 9.9937E-05 9.9937E-05 0.0432606 0.0196387 9.9937E-05 9.9937E-05 0.0754537
9.994E-05 0.264812 0.409838 0.0112785 9.994E-05 0.0167299 0.12808 0.10532 9.994E-05 0.0633436 9.994E-05 9.994E-05 9.994E-05
9.9955E-05 0.300345 0.478803 0.0151427 9.9955E-05 0.0158973 0.0439725 9.9955E-05 0.00564458 0.00985242 9.9955E-05 9.9955E-05 0.129844
0.0697975 0.0785556 0.564746 0.0585027 0.0665618 9.9955E-05 9.9955E-05 9.9955E-05 0.0162901 9.9955E-05 9.9955E-05 0.119148 0.0258984
9.991E-05 9.991E-05 0.937525 9.991E-05 0.0370059 9.991E-05 9.991E-05 9.991E-05 9.991E-05 0.0244699 9.991E-05 9.991E-05 9.991E-05
9.99281E-05 9.99281E-05 0.87322 9.99281E-05 9.99281E-05 9.99281E-05 0.00934072 9.99281E-05 0.0105965 9.99281E-05 9.99281E-05 0.00459121 0.101452
0.00250986 9.99281E-05 0.790578 9.99281E-05 0.0859983 9.99281E-05 9.99281E-05 9.99281E-05 9.99281E-05 9.99281E-05 0.00633757 0.113777 9.99281E-05
0.00152078 9.9928E-05 0.70196 9.9928E-05 9.9928E-05 9.9928E-05 0.0946507 0.0240678 9.9928E-05 9.9928E-05 9.9928E-05 0.177001 9.9928E-05
0.281733 9.9937E-05 0.50869 9.9937E-05 9.9937E-05 9.9937E-05 0.00222481 9.9937E-05 0.00487131 9.9937E-05 0.125609 0.0761728 9.9937E-05
0.179253 0.0667222 0.690515 9.9946E-05 9.9946E-05 0.0209933 9.9946E-05 9.9946E-05 0.0212732 9.9946E-05 0.017383 0.00325995 9.9946E-05
9.99346E-05 9.99346E-05 0.748594 0.0792478 9.99346E-05 0.0364053 0.0244394 9.99346E-05 9.99346E-05 0.110514 9.99346E-05 9.99346E-05 9.99346E-05
0.0259225 0.0910649 0.72226 9.9946E-05 9.9946E-05 9.9946E-05 9.9946E-05 0.0558539 9.9946E-05 9.9946E-05 0.0336703 0.00668749 0.0639415
9.9937E-05 0.0727259 0.632654 9.9937E-05 9.9937E-05 9.9937E-05 0.0879313 0.0540806 9.9937E-05 9.9937E-05 0.0250335 9.9937E-05 0.126876
0.0128994 0.142338 0.553089 0.0195275 9.9964E-05 9.9964E-05 0.00785431 0.0601203 9.9964E-05 9.9964E-05 0.0554292 0.0693679 0.0789748
9.9946E-05 0.0630092 0.546995 9.9946E-05 9.9946E-05 0.162299 0.117717 9.9946E-05 0.0306203 0.0360224 0.0427376 9.9946E-05 9.9946E-05
9.9955E-05 0.0289637 0.691834 0.00925852 0.0200598 9.9955E-05 0.0257159 0.108506 9.9955E-05 0.029522 9.9955E-05 9.9955E-05 0.0856409
0.0651422 0.301867 0.496791 9.9937E-05 9.9937E-05 0.0840095 0.0481297 9.9937E-05 0.00336102 9.9937E-05 9.9937E-05 9.9937E-05 9.9937E-05
9.9964E-05 0.344393 0.39409 0.0516749 0.00477877 0.0624735 0.0713657 9.9964E-05 0.015399 9.9964E-05 0.0219864 0.0334386 9.9964E-05
0.215316 0.0684264 0.502335 0.0134335 0.0718485 9.9955E-05 0.0264935 9.9955E-05 9.9955E-05 0.0331223 9.9955E-05 0.0685247 9.9955E-05
9.9937E-05 9.9937E-05 0.825915 0.0592716 9.9937E-05 9.9937E-05 9.9937E-05 0.0657177 0.0248258 0.0233806 9.9937E-05 9.9937E-05 0.000190045
9.9928E-05 0.1803 0.573107 0.00440228 0.197174 9.9928E-05 9.9928E-05 9.9928E-05 9.9928E-05 0.0442174 9.9928E-05 9.9928E-05 9.9928E-05
9.99191E-05 0.173195 0.660273 9.99191E-05 9.99191E-05 9.99191E-05 9.99191E-05 0.017228 9.99191E-05 9.99191E-05 9.99191E-05 9.99191E-05 0.148404
0.0495063 0.438945 9.9948E-05 0.101275 0.234173 9.9948E-05 9.9948E-05 9.9948E-05 0.0173855 0.045974 9.9948E-05 9.9948E-05 0.112143
9.9946E-05 0.321274 0.187757 0.0927861 9.9946E-05 0.00566305 0.0673429 9.9946E-05 0.0329362 9.9946E-05 9.9946E-05 9.9946E-05 0.291641
9.9955E-05 0.438668 0.119814 0.0867435 0.00384391 9.9955E-05 0.0744734 9.9955E-05 0.00739687 9.9955E-05 9.9955E-05 0.0692767 0.199283
9.9928E-05 0.403771 0.120014 0.172692 9.9928E-05 0.0354741 9.9928E-05 9.9928E-05 9.9928E-05 9.9928E-05 9.9928E-05 9.9928E-05 0.26725
9.99201E-05 9.99201E-05 9.99201E-05 0.0890822 0.484774 0.117657 9.99201E-05 9.99201E-05 9.99201E-05 0.0124701 9.99201E-05 9.99201E-05 0.295217
0.0661376 0.00539056 0.133185 0.0293897 0.358136 0.052954 9.9964E-05 0.0699152 9.9964E-05 0.0534865 9.9964E-05 9.9964E-05 0.231006
9.9937E-05 0.0895484 9.9937E-05 9.9937E-05 0.663922 0.0424528 0.0275506 9.9937E-05 9.9937E-05 9.9937E-05 9.9937E-05 0.0499457 0.125881
0.0616626 0.0285433 9.9973E-05 0.0167135 0.65811 0.00114369 0.0798188 9.9973E-05 0.0168303 0.100477 0.00370429 9.9973E-05 0.0326958
9.9928E-05 0.403311 9.9928E-05 9.9928E-05 0.536868 9.9928E-05 9.9928E-05 9.9928E-05 0.0153124 0.00933471 9.9928E-05 9.9928E-05 0.0343746
0.031942 0.0168686 9.9946E-05 9.9946E-05 0.584638 9.9946E-05 0.190665 9.9946E-05 0.0222206 9.9946E-05 9.9946E-05 0.146471 0.00659525
0.0394107 9.9946E-05 9.9946E-05 0.0658084 0.435433 9.9946E-05 0.248755 0.0670373 9.9946E-05 0.0830977 9.9946E-05 0.0598578 9.9946E-05
9.9955E-05 0.217006 0.0252168 0.0441264 0.333712 0.119282 0.0906498 9.9955E-05 9.9955E-05 9.9955E-05 9.9955E-05 0.119298 0.0502081
0.0683627 0.152186 9.9946E-05 9.9946E-05 0.590644 0.0689053 0.028531 9.9946E-05 9.9946E-05 0.0659215 9.9946E-05 9.9946E-05 0.0248501
9.996E-05 0.153972 9.996E-05 0.125911 0.0830444 0.0780337 0.16195 0.0148384 0.00533464 0.0227847 9.996E-05 9.996E-05 0.353731
9.9937E-05 9.9937E-05 0.00286572 0.0144791 0.790275 9.9937E-05 0.00431838 9.9937E-05 9.9937E-05 0.0440437 9.9937E-05 0.143319 9.9937E-05
9.9964E-05 0.0244404 0.0419799 0.0625203 0.576563 9.9964E-05 0.0378883 0.0208449 0.0116306 9.9964E-05 9.9964E-05 0.0341452 0.189588
9.9937E-05 0.111075 0.0952715 9.9937E-05 0.573224 9.9937E-05 9.9937E-05 9.9937E-05 0.0120503 0.072265 9.9937E-05 9.9937E-05 0.135414
0.0196623 0.0826727 0.00430463 9.9964E-05 0.503994 0.139248 0.109162 9.9964E-05 0.0236419 9.9964E-05 9.9964E-05 0.0115543 0.10536
9.98921E-05 9.98921E-05 9.98921E-05 9.98921E-05 9.98921E-05 9.98921E-05 9.98921E-05 9.98921E-05 9.98921E-05 0.998801 9.98921E-05 9.98921E-05 9.98921E-05
0.020121 9.9937E-05 0.0631273 9.9937E-05 0.54975 0.154372 9.9937E-05 9.9937E-05 9.9937E-05 9.9937E-05 0.0397617 9.9937E-05 0.172168
0.0603197 9.9946E-05 9.9946E-05 9.9946E-05 0.353102 0.400841 9.9946E-05 9.9946E-05 0.00804781 0.000262706 0.0207781 9.9946E-05 0.156049
9.99011E-05 9.99011E-05 9.99011E-05 9.99011E-05 9.99011E-05 9.99011E-05 9.99011E-05 9.99011E-05 9.99011E-05 0.997515 9.99011E-05 9.99011E-05 0.00138579
9.9928E-05 9.9928E-05 9.9928E-05 9.9928E-05 0.343544 0.24375 0.117429 9.9928E-05 9.9928E-05 0.0363614 9.9928E-05 9.9928E-05 0.258116
9.9928E-05 0.0317139 0.0710707 9.9928E-05 0.843091 0.0413955 9.9928E-05 9.9928E-05 9.9928E-05 0.01193 9.9928E-05 9.9928E-05 9.9928E-05
0.0670255 0.0292014 9.9955E-05 9.9955E-05 0.427225 0.0014571 0.014006 0.052416 9.9955E-05 0.230546 9.9955E-05 9.9955E-05 0.177624
9.9955E-05 0.0372755 9.9955E-05 9.9955E-05 0.165836 0.628462 0.0474202 9.9955E-05 0.000445517 0.0107325 9.9955E-05 0.0383865 0.0709418
0.02344 9.9928E-05 9.9928E-05 9.9928E-05 0.429604 0.472251 9.9928E-05 9.9928E-05 9.9928E-05 0.0250636 9.9928E-05 0.0488427 9.9928E-05
0.025827 9.9937E-05 9.9937E-05 9.9937E-05 9.9937E-05 0.459385 9.9937E-05 0.0493662 9.9937E-05 0.0762815 9.9937E-05 0.00452519 0.383916
9.9928E-05 9.9928E-05 9.9928E-05 0.109764 0.255862 0.423912 9.9928E-05 9.9928E-05 9.9928E-05 0.0903064 9.9928E-05 9.9928E-05 0.119357
9.9928E-05 9.9928E-05 9.9928E-05 9.9928E-05 0.351609 0.609881 0.0102122 9.9928E-05 9.9928E-05 0.0046788 0.0228191 9.9928E-05 9.9928E-05
0.0226928 9.9955E-05 0.0300254 9.9955E-05 0.028118 0.813404 9.9955E-05 0.0111629 0.0385744 9.9955E-05 0.0536142 9.9955E-05 0.00190814
0.000322033 0.168813 9.9919E-05 9.9919E-05 0.29611 0.533855 9.9919E-05 9.9919E-05 9.9919E-05 9.9919E-05 9.9919E-05 9.9919E-05 9.9919E-05
9.99371E-05 9.99371E-05 9.99371E-05 9.99371E-05 0.0262686 0.789752 0.00598656 9.99371E-05 9.99371E-05 9.99371E-05 0.00402671 0.102155 0.0711121
9.9919E-05 9.9919E-05 0.0480378 9.9919E-05 0.200142 0.734091 9.9919E-05 9.9919E-05 9.9919E-05 9.9919E-05 9.9919E-05 0.0168299 9.9919E-05
9.9937E-05 9.9937E-05 0.070134 0.0933195 0.240685 0.511741 9.9937E-05 9.9937E-05 0.028011 0.0554092 9.9937E-05 9.9937E-05 9.9937E-05
9.9928E-05 9.9928E-05 9.9928E-05 9.9928E-05 0.206494 0.608553 9.9928E-05 9.9928E-05 0.0457973 9.9928E-05 9.9928E-05 0.0294107 0.108946
9.99101E-05 9.99101E-05 9.99101E-05 9.99101E-05 0.0138165 0.730258 9.99101E-05 9.99101E-05 9.99101E-05 9.99101E-05 9.99101E-05 9.99101E-05 0.254926
0.0834868 9.9928E-05 9.9928E-05 9.9928E-05 9.9928E-05 0.882483 9.9928E-05 9.9928E-05 0.00558035 0.00501001 9.9928E-05 9.9928E-05 0.0226403
9.9919E-05 9.9919E-05 9.9919E-05 0.0105336 9.9919E-05 0.961627 9.9919E-05 9.9919E-05 9.9919E-05 0.00720741 0.0197328 9.9919E-05 9.9919E-05
9.9973E-05 0.0359736 9.9973E-05 0.0435347 0.454419 0.303442 0.0296699 0.00262702 9.9973E-05 0.00393992 0.00115587 0.0197454 0.105193
9.9937E-05 9.9937E-05 0.0321738 9.9937E-05 0.180701 0.739061 9.9937E-05 9.9937E-05 9.9937E-05 0.0113392 0.00985886 0.0261665 9.9937E-05
9.9937E-05 9.9937E-05 0.0425217 9.9937E-05 0.231797 0.499534 0.0577426 9.9937E-05 9.9937E-05 0.0734235 9.9937E-05 9.9937E-05 0.0942819
0.0634076 9.9928E-05 9.9928E-05 9.9928E-05 0.77429 0.13094 9.9928E-05 9.9928E-05 9.9928E-05 0.008519 9.9928E-05 0.0220431 9.9928E-05
0.0308891 9.9946E-05 0.0244543 0.0421884 9.9946E-05 0.667075 9.9946E-05 9.9946E-05 0.00328676 0.079488 9.9946E-05 9.9946E-05 0.152019
9.99101E-05 9.99101E-05 9.99101E-05 9.99101E-05 0.889781 0.0884878 9.99101E-05 9.99101E-05 9.99101E-05 9.99101E-05 9.99101E-05 9.99101E-05 0.0207318
0.00735564 9.9937E-05 9.9937E-05 9.9937E-05 0.701551 0.010015 9.9937E-05 9.9937E-05 0.0218564 0.00953236 9.9937E-05 9.9937E-05 0.24899
9.9937E-05 9.9937E-05 9.9937E-05 9.9937E-05 0.74746 0.0332521 9.9937E-05 9.9937E-05 0.000697993 9.9937E-05 0.0102152 0.0842555 0.12342
9.99281E-05 0.0051328 0.0424454 9.99281E-05 0.622187 0.32444 9.99281E-05 9.99281E-05 9.99281E-05 9.99281E-05 0.0049956 9.99281E-05 9.99281E-05
0.0354418 9.9937E-05 9.9937E-05 9.9937E-05 0.641891 0.0803095 9.9937E-05 9.9937E-05 0.00144042 9.9937E-05 9.9937E-05 0.0893377 0.15088
9.9937E-05 9.9937E-05 0.0674866 0.0623027 0.557433 9.9937E-05 9.9937E-05 9.9937E-05 9.9937E-05 9.9937E-05 0.030009 0.0143534 0.267716
9.9955E-05 9.9955E-05 0.030719 9.9955E-05 0.568006 9.9955E-05 9.9955E-05 0.00175884 0.0267495 0.0806998 0.00984792 0.0577295 0.22399
9.9928E-05 9.9928E-05 9.9928E-05 9.9928E-05 0.676162 9.9928E-05 0.143409 9.9928E-05 0.0389458 0.11444 9.9928E-05 9.9928E-05 0.0262436
9.9946E-05 9.9946E-05 9.9946E-05 9.9946E-05 0.433455 0.0294005 0.064579 9.9946E-05 0.0141334 0.0334027 0.0248906 9.9946E-05 0.399539
9.9946E-05 0.165559 0.00254178 9.9946E-05 0.647552 0.147854 9.9946E-05 9.9946E-05 0.0239344 9.9946E-05 0.0108018 9.9946E-05 0.0011575
9.9919E-05 9.9919E-05 9.9919E-05 9.9919E-05 0.569511 9.9919E-05 9.9919E-05 9.9919E-05 0.0012354 9.9919E-05 9.9919E-05 0.120932 0.307422
9.99191E-05 9.99191E-05 9.99191E-05 9.99191E-05 0.483913 0.106742 0.102044 9.99191E-05 9.99191E-05 9.99191E-05 9.99191E-05 9.99191E-05 0.306402
9.995E-05 9.995E-05 0.0883985 0.00337611 0.261671 0.184009 9.995E-05 9.995E-05 0.0817775 0.0370736 9.995E-05 0.0530534 0.290142
9.9955E-05 0.0142546 0.0658293 9.9955E-05 0.591182 0.0515123 9.9955E-05 0.0174633 0.0115001 9.9955E-05 9.9955E-05 0.0695896 0.178169
9.9937E-05 9.9937E-05 9.9937E-05 9.9937E-05 9.9937E-05 0.413867 0.0688834 0.00541883 0.00188694 0.0195849 9.9937E-05 9.9937E-05 0.48966
9.9937E-05 0.089618 9.9937E-05 9.9937E-05 0.126507 0.439955 9.9937E-05 9.9937E-05 0.0557818 9.9937E-05 9.9937E-05 0.0313245 0.256115
9.99101E-05 9.99101E-05 9.99101E-05 9.99101E-05 9.99101E-05 0.814551 9.99101E-05 9.99101E-05 0.0199388 9.99101E-05 9.99101E-05 9.99101E-05 0.164511
0.0202252 9.99281E-05 9.99281E-05 0.039604 9.99281E-05 0.656106 9.99281E-05 9.99281E-05 0.000860402 9.99281E-05 9.99281E-05 9.99281E-05 0.282405
9.9946E-05 0.0477183 9.9946E-05 9.9946E-05 0.0647872 0.68415 0.029091 9.9946E-05 0.0859767 9.9946E-05 9.9946E-05 0.00469023 0.0829866
9.9928E-05 9.9928E-05 9.9928E-05 0.00478988 9.9928E-05 0.591394 9.9928E-05 9.9928E-05 0.0142296 0.111564 9.9928E-05 9.9928E-05 0.277224
9.9946E-05 0.000324833 9.9946E-05 0.0116668 0.187759 0.388556 0.0230657 9.9946E-05 0.0329099 9.9946E-05 9.9946E-05 9.9946E-05 0.355119
9.99101E-05 9.99101E-05 9.99101E-05 9.99101E-05 9.99101E-05 0.827207 9.99101E-05 9.99101E-05 9.99101E-05 0.0371095 9.99101E-05 9.99101E-05 0.134684
0.0144526 0.128612 0.00970969 9.9964E-05 0.025368 0.0957968 0.0993472 9.9964E-05 0.0521096 9.9964E-05 0.00459662 9.9964E-05 0.569608
0.118902 9.9946E-05 0.309163 9.9946E-05 0.0419282 0.124914 0.00751116 9.9946E-05 9.9946E-05 9.9946E-05 9.9946E-05 0.0633445 0.333638
0.037805 9.9919E-05 0.154128 9.9919E-05 9.9919E-05 0.149931 9.9919E-05 9.9919E-05 9.9919E-05 9.9919E-05 9.9919E-05 9.9919E-05 0.657237
0.0874572 9.9937E-05 0.0970075 0.0518702 9.9937E-05 0.229976 0.136041 9.9937E-05 9.9937E-05 9.9937E-05 9.9937E-05 9.9937E-05 0.396948
9.9955E-05 0.0650671 0.0791716 9.9955E-05 9.9955E-05 0.29747 0.0294067 9.9955E-05 0.0555393 0.0309611 9.9955E-05 0.0124868 0.429397
9.9937E-05 9.9937E-05 0.0606491 9.9937E-05 0.0206542 0.34141 9.9937E-05 9.9937E-05 9.9937E-05 0.151695 9.9937E-05 0.0383482 0.386544
9.9937E-05 9.9937E-05 0.00341029 9.9937E-05 0.0986425 0.236189 9.9937E-05 9.9937E-05 0.0297841 0.0155694 9.9937E-05 9.9937E-05 0.615705
9.9919E-05 9.9919E-05 9.9919E-05 9.9919E-05 0.317481 0.12108 9.9919E-05 9.9919E-05 9.9919E-05 0.0606763 9.9919E-05 9.9919E-05 0.499863
9.99191E-05 9.99191E-05 9.99191E-05 9.99191E-05 0.0421412 0.210219 9.99191E-05 9.99191E-05 9.99191E-05 9.99191E-05 9.99191E-05 0.0779536 0.668787
9.99281E-05 9.99281E-05 0.0396517 0.0134657 0.0324008 9.99281E-05 9.99281E-05 9.99281E-05 9.99281E-05 9.99281E-05 9.99281E-05 0.045637 0.868045
9.9946E-05 9.9946E-05 9.9946E-05 0.0153819 0.0883266 0.080347 0.0460471 9.9946E-05 0.0343959 9.9946E-05 9.9946E-05 0.137496 0.597406
9.9946E-05 9.9946E-05 0.0403629 0.00166623 0.00424877 0.249647 9.9946E-05 9.9946E-05 0.0504094 0.0128944 9.9946E-05 9.9946E-05 0.640172
9.9973E-05 0.00966506 0.0118056 0.0692108 0.138033 0.174535 0.103124 0.00123819 0.0803553 9.9973E-05 9.9973E-05 0.111315 0.300419
9.9955E-05 9.9955E-05 0.0778234 0.02702 0.17918 0.109549 0.0645812 9.9955E-05 0.00706961 9.9955E-05 9.9955E-05 0.0558383 0.478439
9.9955E-05 0.0601104 9.9955E-05 0.00423505 0.030596 0.272953 0.0399729 9.9955E-05 0.0121395 9.9955E-05 9.9955E-05 0.0538406 0.525653
0.0439399 9.99191E-05 9.99191E-05 9.99191E-05 9.99191E-05 9.99191E-05 9.99191E-05 0.0172443 9.99191E-05 9.99191E-05 0.0120434 9.99191E-05 0.925873
9.9946E-05 0.12405 0.0161569 9.9946E-05 9.9946E-05 0.384808 0.0421204 9.9946E-05 9.9946E-05 0.00163363 0.00143956 9.9946E-05 0.429192
0.0253136 9.9973E-05 0.038388 9.9973E-05 0.0594237 0.286014 0.0901493 0.00996379 0.035603 0.0193376 9.9973E-05 0.113597 0.321911
9.9946E-05 0.0974467 9.9946E-05 0.0254722 0.109251 0.0895553 0.0605918 0.00226237 9.9946E-05 9.9946E-05 9.9946E-05 9.9946E-05 0.614821
9.9937E-05 0.0415083 9.9937E-05 9.9937E-05 9.9937E-05 0.173028 9.9937E-05 9.9937E-05 0.0383052 0.0649579 9.9937E-05 0.0015923 0.679908
0.00991923 9.9955E-05 9.9955E-05 9.9955E-05 0.145308 0.20037 0.0580396 0.0258772 0.0142473 9.9955E-05 0.016077 9.9955E-05 0.529661
9.9937E-05 9.9937E-05 0.0392133 9.9937E-05 9.9937E-05 0.239748 9.9937E-05 9.9937E-05 0.0845713 9.9937E-05 0.0380083 0.0735729 0.524186
9.9946E-05 9.9946E-05 0.00168314 0.0333194 9.9946E-05 0.130735 0.0686757 9.9946E-05 0.0431904 9.9946E-05 9.9946E-05 0.107349 0.614448
9.99101E-05 9.99101E-05 9.99101E-05 9.99101E-05 9.99101E-05 0.134934 9.99101E-05 9.99101E-05 0.00665888 9.99101E-05 9.99101E-05 9.99101E-05 0.857408
9.9937E-05 0.00119111 9.9937E-05 9.9937E-05 0.0785745 0.0479574 0.0146363 0.0173167 9.9937E-05 9.9937E-05 9.9937E-05 9.9937E-05 0.839624
9.99011E-05 9.99011E-05 9.99011E-05 9.99011E-05 9.99011E-05 9.99011E-05 9.99011E-05 9.99011E-05 9.99011E-05 0.0169539 9.99011E-05 9.99011E-05 0.981947
9.99011E-05 9.99011E-05 9.99011E-05 9.99011E-05 9.99011E-05 9.99011E-05 9.99011E-05 9.99011E-05 9.99011E-05 9.99011E-05 9.99011E-05 0.21429 0.784611
9.99011E-05 9.99011E-05 9.99011E-05 9.99011E-05 0.0172329 9.99011E-05 9.99011E-05 9.99011E-05 9.99011E-05 9.99011E-05 9.99011E-05 9.99011E-05 0.981668
9.99011E-05 9.99011E-05 9.99011E-05 9.99011E-05 9.99011E-05 9.99011E-05 9.99011E-05 9.99011E-05 9.99011E-05 9.99011E-05 9.99011E-05 0.0141951 0.984706
9.99101E-05 9.99101E-05 9.99101E-05 9.99101E-05 9.99101E-05 9.99101E-05 9.99101E-05 9.99101E-05 9.99101E-05 0.00270604 9.99101E-05 0.00342399 0.992871
9.98921E-05 9.98921E-05 9.98921E-05 9.98921E-05 9.98921E-05 9.98921E-05 9.98921E-05 9.98921E-05 9.98921E-05 9.98921E-05 9.98921E-05 9.98921E-05 0.998801
9.9928E-05 9.9928E-05 9.9928E-05 9.9928E-05 9.9928E-05 0.0401654 9.9928E-05 9.9928E-05 0.0109761 0.0332402 9.9928E-05 0.0310784 0.88374
9.99011E-05 9.99011E-05 9.99011E-05 9.99011E-05 9.99011E-05 9.99011E-05 9.99011E-05 9.99011E-05 0.00139828 9.99011E-05 9.99011E-05 9.99011E-05 0.997503
9.99191E-05 9.99191E-05 9.99191E-05 9.99191E-05 9.99191E-05 9.99191E-05 0.0710033 9.99191E-05 9.99191E-05 0.0485599 9.99191E-05 0.0261861 0.853351
9.99011E-05 9.99011E-05 0.00803488 9.99011E-05 9.99011E-05 9.99011E-05 9.99011E-05 9.99011E-05 9.99011E-05 9.99011E-05 9.99011E-05 9.99011E-05 0.990866
9.99281E-05 9.99281E-05 9.99281E-05 9.99281E-05 9.99281E-05 0.227116 9.99281E-05 9.99281E-05 0.0329799 0.0280337 9.99281E-05 0.0547234 0.656347
9.98921E-05 9.98921E-05 9.98921E-05 9.98921E-05 9.98921E-05 9.98921E-05 9.98921E-05 9.98921E-05 9.98921E-05 9.98921E-05 9.98921E-05 9.98921E-05 0.998801
9.99281E-05 9.99281E-05 9.99281E-05 9.99281E-05 0.0115808 9.99281E-05 9.99281E-05 0.010886 9.99281E-05 0.00416788 9.99281E-05 0.0159301 0.956636
9.99101E-05 9.99101E-05 9.99101E-05 9.99101E-05 0.0548332 9.99101E-05 9.99101E-05 9.99101E-05 9.99101E-05 9.99101E-05 9.99101E-05 0.10216 0.842008
9.99191E-05 9.99191E-05 9.99191E-05 9.99191E-05 9.99191E-05 0.0203677 9.99191E-05 9.99191E-05 0.00867057 9.99191E-05 9.99191E-05 0.337575 0.632488
9.9937E-05 9.9937E-05 9.9937E-05 9.9937E-05 0.0459554 0.0319814 9.9937E-05 9.9937E-05 0.0131018 0.0515071 9.9937E-05 0.0568795 0.799875
9.9928E-05 9.9928E-05 9.9928E-05 9.9928E-05 9.9928E-05 0.148443 9.9928E-05 0.0119304 9.9928E-05 0.0323498 9.9928E-05 0.0752657 0.731212
0.0493337 9.99191E-05 9.99191E-05 9.99191E-05 0.0937341 9.99191E-05 9.99191E-05 9.99191E-05 9.99191E-05 9.99191E-05 0.00122354 9.99191E-05 0.854809
9.9937E-05 0.0262188 9.9937E-05 9.9937E-05 0.0113757 0.0223466 9.9937E-05 9.9937E-05 9.9937E-05 0.058349 0.0252272 9.9937E-05 0.855783
9.9928E-05 9.9928E-05 9.9928E-05 0.0478538 9.9928E-05 0.0466129 9.9928E-05 9.9928E-05 9.9928E-05 0.0689537 9.9928E-05 0.0102798 0.8255
9.9928E-05 9.9928E-05 9.9928E-05 9.9928E-05 9.9928E-05 0.0756883 9.9928E-05 0.0473834 9.9928E-05 9.9928E-05 0.000570258 0.133046 0.742513
0.00412023 9.99281E-05 0.0431679 9.99281E-05 9.99281E-05 0.0583131 9.99281E-05 9.99281E-05 0.00116899 9.99281E-05 9.99281E-05 9.99281E-05 0.89243
9.9919E-05 9.9919E-05 9.9919E-05 9.9919E-05 9.9919E-05 9.9919E-05 9.9919E-05 9.9919E-05 0.0092074 0.0259872 9.9919E-05 0.0106376 0.953269
9.9928E-05 0.0329762 9.9928E-05 9.9928E-05 9.9928E-05 0.121393 0.00595741 9.9928E-05 0.019921 9.9928E-05 9.9928E-05 9.9928E-05 0.818953
9.99101E-05 9.99101E-05 9.99101E-05 9.99101E-05 9.99101E-05 9.99101E-05 0.0313287 9.99101E-05 0.0135082 9.99101E-05 9.99101E-05 9.99101E-05 0.954164
9.99011E-05 9.99011E-05 9.99011E-05 9.99011E-05 9.99011E-05 9.99011E-05 0.00801904 9.99011E-05 9.99011E-05 9.99011E-05 9.99011E-05 9.99011E-05 0.990882
9.9955E-05 0.0656385 0.00091626 9.9955E-05 0.0297332 0.0481702 9.9955E-05 9.9955E-05 0.0346652 0.0144843 9.9955E-05 0.116294 0.689599
9.9919E-05 0.0595029 9.9919E-05 9.9919E-05 9.9919E-05 0.00738575 9.9919E-05 9.9919E-05 0.00793645 9.9919E-05 9.9919E-05 0.924276 9.9919E-05
9.9937E-05 9.9937E-05 0.0328841 9.9937E-05 9.9937E-05 0.0729458 9.9937E-05 9.9937E-05 0.0111548 0.0487674 0.0143428 9.9937E-05 0.819206
9.9892E-05 9.9892E-05 9.9892E-05 9.9892E-05 9.9892E-05 9.9892E-05 9.9892E-05 9.9892E-05 9.9892E-05 9.9892E-05 9.9892E-05 0.998801 9.9892E-05
9.9937E-05 9.9937E-05 9.9937E-05 0.0211775 9.9937E-05 9.9937E-05 0.0141841 9.9937E-05 0.0865519 0.0707506 9.9937E-05 0.00888927 0.797747
9.9955E-05 0.0614224 9.9955E-05 0.0155633 0.292336 0.0106627 0.0359314 0.04118 9.9955E-05 9.9955E-05 9.9955E-05 0.0478747 0.49453
9.9964E-05 0.0163948 0.0122142 0.0142333 0.227783 9.9964E-05 0.062495 9.9964E-05 0.114196 0.0113916 9.9964E-05 0.0215604 0.519332
0.0143323 9.9937E-05 0.0183856 9.9937E-05 9.9937E-05 0.143893 9.9937E-05 9.9937E-05 0.69777 0.00400412 9.9937E-05 9.9937E-05 0.120915
9.98921E-05 9.98921E-05 9.98921E-05 9.98921E-05 9.98921E-05 9.98921E-05 9.98921E-05 9.98921E-05 0.998801 9.98921E-05 9.98921E-05 9.98921E-05 9.98921E-05
9.9928E-05 0.0690592 9.9928E-05 9.9928E-05 0.265499 0.0411459 9.9928E-05 9.9928E-05 0.396108 9.9928E-05 9.9928E-05 9.9928E-05 0.227388
9.9946E-05 0.0262987 9.9946E-05 9.9946E-05 0.0423229 9.9946E-05 9.9946E-05 0.00506155 9.9946E-05 0.0109912 0.0352134 0.0322837 0.847229
9.9955E-05 0.0526165 9.9955E-05 9.9955E-05 0.0762123 9.9955E-05 0.0894223 0.000774844 0.0767957 0.0330006 0.00128994 9.9955E-05 0.669388
9.9973E-05 0.0313028 9.9973E-05 0.0225482 0.0615057 0.0142779 0.038645 0.00127699 0.0300028 0.0485192 0.00306142 9.9973E-05 0.74856
0.00773086 9.9928E-05 9.9928E-05 9.9928E-05 0.152792 9.9928E-05 9.9928E-05 9.9928E-05 0.044906 9.9928E-05 9.9928E-05 0.024155 0.769617
0.0138868 0.0389535 0.0197796 0.0176305 0.136504 9.9964E-05 0.0608194 9.9964E-05 0.086124 9.9964E-05 0.047427 9.9964E-05 0.578475
0.0662161 9.9946E-05 9.9946E-05 0.0185654 9.9946E-05 0.0232711 0.0857216 9.9946E-05 0.0840643 9.9946E-05 0.0403577 9.9946E-05 0.681204
0.0832983 9.99191E-05 9.99191E-05 9.99191E-05 0.0888148 9.99191E-05 9.99191E-05 9.99191E-05 0.0804589 9.99191E-05 9.99191E-05 9.99191E-05 0.746529
0.0435648 9.9937E-05 9.9937E-05 9.9937E-05 0.125211 0.107777 0.0753678 9.9937E-05 0.0539187 9.9937E-05 9.9937E-05 9.9937E-05 0.593461
0.0485001 0.0247226 9.9928E-05 9.9928E-05 9.9928E-05 9.9928E-05 9.9928E-05 9.9928E-05 0.0842613 0.028389 9.9928E-05 9.9928E-05 0.813328
