9.9955E-05 9.9955E-05 0.0339188 0.244753 9.9955E-05 0.468081 0.0188779 0.0433098 0.0700564 0.0927682 0.019362 0.00837292 9.9955E-05 9.9955E-05
0.0151645 9.9973E-05 0.0469918 0.102034 0.0227694 0.58797 9.9973E-05 0.00801056 0.0459314 0.053974 0.0440822 0.0654323 0.00733996 9.9973E-05
9.995E-05 0.0181825 9.995E-05 0.102814 9.995E-05 0.386441 0.169389 0.0987299 0.111806 0.0396889 9.995E-05 0.0432963 0.0291526 9.995E-05
9.99281E-05 9.99281E-05 0.0130695 9.99281E-05 9.99281E-05 0.567774 0.200474 0.112756 0.012303 9.99281E-05 9.99281E-05 0.0928245 9.99281E-05 9.99281E-05
9.9937E-05 0.026702 9.9937E-05 0.219672 9.9937E-05 0.484547 0.10334 9.9937E-05 0.0785151 9.9937E-05 9.9937E-05 0.0464393 0.0400859 9.9937E-05
9.9937E-05 0.0318951 0.0266788 9.9937E-05 9.9937E-05 0.682969 0.111646 0.0611472 0.0574182 9.9937E-05 9.9937E-05 0.0275462 9.9937E-05 9.9937E-05
0.000374882 9.9937E-05 0.00315806 9.9937E-05 9.9937E-05 0.705663 0.116108 0.0883014 0.029476 9.9937E-05 9.9937E-05 0.0562188 9.9937E-05 9.9937E-05
9.9964E-05 9.9964E-05 9.9964E-05 0.243219 0.0523275 0.301807 9.9964E-05 0.0864928 0.0496875 0.0450153 0.0309876 0.0371412 0.119907 0.0330143
0.0710138 0.0183575 0.0108012 0.182204 9.9964E-05 0.605576 0.0319643 0.0202636 0.0309039 9.9964E-05 0.0177217 0.0107939 9.9964E-05 9.9964E-05
9.99371E-05 9.99371E-05 9.99371E-05 0.293902 0.0419834 0.450325 9.99371E-05 0.0668349 0.0655303 0.0141649 9.99371E-05 0.0665597 9.99371E-05 9.99371E-05
0.0999367 9.9964E-05 0.0174091 0.1182 9.9964E-05 0.359622 0.0929289 0.0435956 0.134558 0.0566806 9.9964E-05 0.0506505 0.0260191 9.9964E-05
0.0379872 9.99281E-05 9.99281E-05 0.325563 9.99281E-05 0.478815 0.0682878 0.0569165 0.031631 9.99281E-05 9.99281E-05 9.99281E-05 9.99281E-05 9.99281E-05
9.994E-05 9.994E-05 9.994E-05 0.0965333 9.994E-05 0.480202 0.0982533 0.133359 0.0600858 0.0426111 9.994E-05 0.0733624 0.0149933 9.994E-05
0.0435285 9.9973E-05 9.9973E-05 0.0404555 9.9973E-05 0.452801 0.0985253 0.121049 0.0758317 0.00890262 0.0211238 0.0883185 0.0461668 0.00299684
9.9955E-05 9.9955E-05 9.9955E-05 0.0221704 9.9955E-05 0.522282 0.103403 0.131438 0.0546183 0.0290972 0.0386372 0.0606399 0.0372141 9.9955E-05
0.0105594 0.042652 9.9973E-05 0.0196748 9.9973E-05 0.498832 0.177426 0.0657036 0.0425799 0.0302764 0.0236375 0.0551084 0.0332498 9.9973E-05
9.9937E-05 9.9937E-05 9.9937E-05 0.128273 9.9937E-05 0.383907 0.0848487 0.174291 0.0671175 9.9937E-05 9.9937E-05 0.0964795 0.0643835 9.9937E-05
9.9937E-05 9.9937E-05 9.9937E-05 0.122038 9.9937E-05 0.370106 0.0937888 0.162446 0.0848481 9.9937E-05 9.9937E-05 0.0950175 0.0710567 9.9937E-05
9.993E-05 9.993E-05 9.993E-05 0.229099 9.993E-05 0.385921 0.147424 0.11299 0.0486526 9.993E-05 9.993E-05 0.0643885 0.0108245 9.993E-05
9.98831E-05 9.98831E-05 9.98831E-05 9.98831E-05 9.98831E-05 9.98831E-05 9.98831E-05 9.98831E-05 0.998702 9.98831E-05 9.98831E-05 9.98831E-05 9.98831E-05 9.98831E-05
9.9946E-05 9.9946E-05 0.0233289 9.9946E-05 9.9946E-05 0.541445 0.0153927 9.9946E-05 0.259726 0.060071 0.0311257 0.0604517 9.9946E-05 0.00785929
0.0418259 9.9937E-05 0.0677666 9.9937E-05 9.9937E-05 0.518167 9.9937E-05 9.9937E-05 0.232042 0.0386508 0.0331397 0.0677084 9.9937E-05 9.9937E-05
9.99281E-05 0.0239813 9.99281E-05 9.99281E-05 9.99281E-05 0.474923 9.99281E-05 9.99281E-05 0.205436 0.00919504 9.99281E-05 0.0474378 0.238228 9.99281E-05
9.9946E-05 9.9946E-05 9.9946E-05 9.9946E-05 0.129348 0.423963 0.0926294 0.00688999 0.138732 9.9946E-05 0.0294029 0.0323632 0.146072 9.9946E-05
0.0186884 9.9946E-05 9.9946E-05 0.19961 0.0161751 0.547803 9.9946E-05 9.9946E-05 0.125177 9.9946E-05 0.0206376 9.9946E-05 0.0221434 0.0491661
9.993E-05 9.993E-05 9.993E-05 0.00485795 0.0278299 0.584563 9.993E-05 0.0129341 0.289171 9.993E-05 9.993E-05 9.993E-05 0.0335 0.0464443
0.0495083 9.9937E-05 0.00327169 9.9937E-05 9.9937E-05 0.557441 9.9937E-05 9.9937E-05 0.27452 9.9937E-05 0.0664504 0.0162816 9.9937E-05 0.0318267
0.000601306 9.9973E-05 0.0396453 0.0275376 0.031141 0.549521 0.0711113 0.0314393 0.164045 0.0323053 0.0208235 0.0315288 9.9973E-05 9.9973E-05
0.0259963 9.9955E-05 0.00685659 0.0344792 9.9955E-05 0.6379 0.000628122 0.0261769 0.166787 0.0893454 9.9955E-05 0.0113304 9.9955E-05 9.9955E-05
9.98831E-05 9.98831E-05 9.98831E-05 9.98831E-05 9.98831E-05 9.98831E-05 9.98831E-05 9.98831E-05 0.998702 9.98831E-05 9.98831E-05 9.98831E-05 9.98831E-05 9.98831E-05
0.0014019 9.99011E-05 9.99011E-05 9.99011E-05 9.99011E-05 9.99011E-05 9.99011E-05 0.0119186 0.985581 9.99011E-05 9.99011E-05 9.99011E-05 9.99011E-05 9.99011E-05
9.98921E-05 9.98921E-05 9.98921E-05 9.98921E-05 9.98921E-05 9.98921E-05 9.98921E-05 9.98921E-05 0.998323 9.98921E-05 9.98921E-05 9.98921E-05 0.000478705 9.98921E-05
9.98831E-05 9.98831E-05 9.98831E-05 9.98831E-05 9.98831E-05 9.98831E-05 9.98831E-05 9.98831E-05 0.998702 9.98831E-05 9.98831E-05 9.98831E-05 9.98831E-05 9.98831E-05
9.99101E-05 9.99101E-05 9.99101E-05 9.99101E-05 0.0296063 0.022733 9.99101E-05 9.99101E-05 0.90891 0.0377513 9.99101E-05 9.99101E-05 9.99101E-05 9.99101E-05
9.99191E-05 0.0082827 9.99191E-05 9.99191E-05 9.99191E-05 9.99191E-05 9.99191E-05 0.0106716 0.961691 0.00843584 9.99191E-05 9.99191E-05 0.0100198 9.99191E-05
0.0167169 9.9964E-05 9.9964E-05 0.0242838 0.0728284 0.409879 0.037541 0.0114189 0.185223 0.0673534 9.9964E-05 9.9964E-05 0.14909 0.025265
0.0215796 0.0569326 9.9973E-05 0.0321502 0.0568887 0.338191 9.9973E-05 0.0444803 0.182043 0.0375446 9.9973E-05 0.159459 0.0654034 0.00502797
9.9946E-05 9.9946E-05 9.9946E-05 9.9946E-05 9.9946E-05 0.423184 0.00134549 9.9946E-05 0.174061 0.0290984 0.0261264 0.0786196 0.25723 0.00973513
9.99011E-05 0.0924607 9.99011E-05 9.99011E-05 9.99011E-05 0.872638 9.99011E-05 9.99011E-05 9.99011E-05 9.99011E-05 9.99011E-05 9.99011E-05 9.99011E-05 0.0338025
0.0259552 0.0789912 9.9973E-05 0.050032 0.000931475 0.7124 0.0231163 9.9973E-05 0.00565407 0.0145994 0.00990451 0.0112741 9.9973E-05 0.0668423
0.00798463 9.9937E-05 9.9937E-05 9.9937E-05 0.0363853 0.83298 9.9937E-05 9.9937E-05 0.00539848 0.0131281 9.9937E-05 0.000988884 9.9937E-05 0.102435
0.0146623 9.9937E-05 9.9937E-05 9.9937E-05 0.019774 0.711029 0.016066 0.0307603 0.0639372 9.9937E-05 9.9937E-05 0.143072 9.9937E-05 9.9937E-05
9.994E-05 0.0520063 9.994E-05 9.994E-05 0.00163884 0.733367 0.0466907 9.994E-05 9.994E-05 0.053618 9.994E-05 0.0607485 0.00568058 0.0456499
9.9946E-05 0.0166029 9.9946E-05 0.00243939 0.0487237 0.667202 0.116708 0.0797695 9.9946E-05 9.9946E-05 9.9946E-05 9.9946E-05 0.0333512 0.0346033
9.9973E-05 0.0588551 0.0320944 0.00710911 9.9973E-05 0.574917 9.9973E-05 0.102273 0.0716343 0.0516671 0.0525254 0.0293702 0.010423 0.00883172
9.9973E-05 0.0129026 9.9973E-05 0.0602247 0.0359184 0.632591 0.0663688 0.0325935 0.0699721 0.0175017 9.9973E-05 0.00157488 0.0176416 0.0524107
9.9955E-05 9.9955E-05 0.0431334 0.020453 0.00552441 0.769937 9.9955E-05 9.9955E-05 0.0504992 0.0148131 9.9955E-05 0.027653 0.0263482 0.041139
9.99191E-05 9.99191E-05 0.0198446 0.122942 9.99191E-05 0.733226 9.99191E-05 9.99191E-05 0.0250096 9.99191E-05 9.99191E-05 9.99191E-05 0.0980776 9.99191E-05
0.00136665 9.98921E-05 9.98921E-05 9.98921E-05 9.98921E-05 9.98921E-05 9.98921E-05 9.98921E-05 9.98921E-05 9.98921E-05 9.98921E-05 9.98921E-05 9.98921E-05 0.997435
9.99191E-05 9.99191E-05 9.99191E-05 9.99191E-05 0.0121575 0.023764 9.99191E-05 9.99191E-05 9.99191E-05 0.0037273 9.99191E-05 9.99191E-05 0.00016714 0.959285
9.98831E-05 9.98831E-05 9.98831E-05 9.98831E-05 9.98831E-05 9.98831E-05 9.98831E-05 9.98831E-05 9.98831E-05 9.98831E-05 9.98831E-05 9.98831E-05 9.98831E-05 0.998702
9.98831E-05 9.98831E-05 9.98831E-05 9.98831E-05 9.98831E-05 9.98831E-05 9.98831E-05 9.98831E-05 9.98831E-05 9.98831E-05 9.98831E-05 9.98831E-05 9.98831E-05 0.998702
9.98845E-05 9.98845E-05 9.98845E-05 9.98845E-05 9.98845E-05 9.98845E-05 9.98845E-05 9.98845E-05 9.98845E-05 9.98845E-05 9.98845E-05 9.98845E-05 9.98845E-05 0.998702
9.98831E-05 9.98831E-05 9.98831E-05 9.98831E-05 9.98831E-05 9.98831E-05 9.98831E-05 9.98831E-05 9.98831E-05 9.98831E-05 9.98831E-05 9.98831E-05 9.98831E-05 0.998702
9.99281E-05 9.99281E-05 9.99281E-05 9.99281E-05 9.99281E-05 9.99281E-05 9.99281E-05 0.00967558 9.99281E-05 0.00509571 0.00390007 0.0112935 0.00355056 0.965685
9.99011E-05 9.99011E-05 9.99011E-05 9.99011E-05 9.99011E-05 0.000412475 9.99011E-05 9.99011E-05 0.00439685 9.99011E-05 9.99011E-05 9.99011E-05 9.99011E-05 0.994092
9.98831E-05 9.98831E-05 9.98831E-05 9.98831E-05 9.98831E-05 9.98831E-05 9.98831E-05 9.98831E-05 9.98831E-05 9.98831E-05 9.98831E-05 9.98831E-05 9.98831E-05 0.998702
0.00990718 9.99191E-05 9.99191E-05 9.99191E-05 0.0072943 0.790622 9.99191E-05 9.99191E-05 9.99191E-05 0.0284254 9.99191E-05 9.99191E-05 9.99191E-05 0.162852
9.99281E-05 9.99281E-05 0.0804707 0.16952 9.99281E-05 0.612485 0.103071 9.99281E-05 9.99281E-05 9.99281E-05 0.00712549 9.99281E-05 9.99281E-05 0.026529
0.0174915 9.9955E-05 0.050849 0.0438989 0.0367019 0.732655 9.9955E-05 9.9955E-05 0.00925851 0.026534 0.0180284 9.9955E-05 9.9955E-05 0.0640836
0.0322056 0.0267378 0.0122816 0.147159 0.0648408 0.715976 9.99281E-05 9.99281E-05 9.99281E-05 9.99281E-05 9.99281E-05 9.99281E-05 9.99281E-05 9.99281E-05
0.0125904 0.0712231 9.9946E-05 0.0433768 9.9946E-05 0.717455 9.9946E-05 9.9946E-05 0.0822402 9.9946E-05 0.0310498 0.0114312 9.9946E-05 0.0300342
9.9919E-05 9.9919E-05 9.9919E-05 9.9919E-05 9.9919E-05 0.781028 9.9919E-05 9.9919E-05 0.0406597 0.0865107 9.9919E-05 0.0528164 0.038086 9.9919E-05
0.053787 0.0554884 0.0219311 0.0271261 0.090232 0.481155 0.00159467 9.9982E-05 0.0836612 0.086926 0.0225852 9.9982E-05 0.0546223 0.0206907
9.98922E-05 9.98922E-05 9.98922E-05 9.98922E-05 9.98922E-05 0.931232 9.98922E-05 9.98922E-05 0.0675697 9.98922E-05 9.98922E-05 9.98922E-05 9.98922E-05 9.98922E-05
0.0274045 9.9937E-05 0.00854085 9.9937E-05 9.9937E-05 0.854944 9.9937E-05 0.0289229 0.0210399 9.9937E-05 0.0271972 9.9937E-05 0.0312512 9.9937E-05
9.99281E-05 9.99281E-05 0.0929327 0.106794 9.99281E-05 0.651431 0.109711 9.99281E-05 9.99281E-05 9.99281E-05 0.0120693 9.99281E-05 9.99281E-05 0.0262628
0.0104659 9.9937E-05 0.00822074 9.9937E-05 9.9937E-05 0.847117 9.9937E-05 0.0240239 0.0430229 9.9937E-05 0.046367 9.9937E-05 0.0200829 9.9937E-05
9.9928E-05 9.9928E-05 9.9928E-05 9.9928E-05 9.9928E-05 0.861469 9.9928E-05 0.0979723 9.9928E-05 9.9928E-05 0.0157936 0.000946449 0.00815372 0.0148659
9.99191E-05 9.99191E-05 9.99191E-05 9.99191E-05 9.99191E-05 0.895637 9.99191E-05 0.0600829 9.99191E-05 9.99191E-05 0.0142481 9.99191E-05 0.0142373 0.0148952
9.99101E-05 9.99101E-05 9.99101E-05 9.99101E-05 9.99101E-05 0.880567 9.99101E-05 0.0953027 9.99101E-05 9.99101E-05 9.99101E-05 0.00955232 9.99101E-05 0.0135785
0.0336052 9.9937E-05 0.0366635 9.9937E-05 0.00776552 0.879819 0.0340717 9.9937E-05 9.9937E-05 9.9937E-05 0.00726827 9.9937E-05 0.000106954 9.9937E-05
9.9955E-05 0.038205 9.9955E-05 0.00126679 0.0100235 0.646599 0.0890637 0.0764454 0.0844449 9.9955E-05 9.9955E-05 0.0121927 9.9955E-05 0.0412597
9.99201E-05 9.99201E-05 9.99201E-05 0.0326275 0.00125312 0.83104 9.99201E-05 9.99201E-05 0.074682 0.0422569 9.99201E-05 9.99201E-05 9.99201E-05 0.0173411
9.994E-05 0.024439 9.994E-05 0.0628829 0.00984179 0.732142 9.994E-05 9.994E-05 9.994E-05 9.994E-05 0.0576694 0.0346793 0.0087253 0.069021
9.99371E-05 9.99371E-05 0.0146542 0.126243 0.00541135 0.71605 9.99371E-05 9.99371E-05 9.99371E-05 9.99371E-05 0.0949888 9.99371E-05 0.00329122 0.0386618
9.9955E-05 0.0254556 0.00430201 0.0590459 0.00147603 0.696088 9.9955E-05 9.9955E-05 9.9955E-05 9.9955E-05 0.104127 0.0285357 0.0175027 0.0629677
0.0137819 0.0131294 9.9946E-05 0.106546 0.0158094 0.739493 9.9946E-05 9.9946E-05 9.9946E-05 9.9946E-05 0.0481034 0.0243909 9.9946E-05 0.038146
9.9919E-05 0.0353132 9.9919E-05 9.9919E-05 9.9919E-05 0.739724 0.0321573 9.9919E-05 9.9919E-05 9.9919E-05 0.0830674 9.9919E-05 9.9919E-05 0.108838
9.99281E-05 0.00158584 9.99281E-05 0.180604 0.0553663 0.65139 9.99281E-05 9.99281E-05 0.00292107 9.99281E-05 9.99281E-05 9.99281E-05 9.99281E-05 0.107333
0.032867 0.0389051 9.9955E-05 9.9955E-05 0.00533747 0.736738 0.0762061 9.9955E-05 0.0605672 0.0158802 9.9955E-05 0.0197286 9.9955E-05 0.0132704
9.99101E-05 9.99101E-05 9.99101E-05 9.99101E-05 9.99101E-05 0.802114 9.99101E-05 9.99101E-05 0.0525764 0.0581179 9.99101E-05 9.99101E-05 9.99101E-05 0.0861923
0.00952629 9.9946E-05 0.000739051 9.9946E-05 9.9946E-05 0.76409 9.9946E-05 0.000405871 0.0981514 0.0118004 0.0155721 9.9946E-05 9.9946E-05 0.0991151
0.0200923 0.0797053 9.99281E-05 0.0254502 9.99281E-05 0.844601 9.99281E-05 9.99281E-05 9.99281E-05 9.99281E-05 9.99281E-05 0.00129067 9.99281E-05 0.0280607
0.0591935 9.9964E-05 9.9964E-05 0.0983288 0.0203649 0.674458 9.9964E-05 0.00288005 0.00607785 9.9964E-05 0.0159085 0.00700952 0.0356509 0.079728
9.9946E-05 0.00662078 0.0169297 0.142084 9.9946E-05 0.745319 0.00448593 9.9946E-05 0.000944149 9.9946E-05 0.0122794 9.9946E-05 9.9946E-05 0.0707376
9.99011E-05 0.0542422 9.99011E-05 9.99011E-05 9.99011E-05 0.88014 9.99011E-05 9.99011E-05 9.99011E-05 9.99011E-05 9.99011E-05 9.99011E-05 9.99011E-05 0.0645191
9.9937E-05 0.0352613 0.0601773 0.0906404 9.9937E-05 0.63805 0.135228 9.9937E-05 0.0235486 9.9937E-05 9.9937E-05 9.9937E-05 9.9937E-05 0.0163947
0.0300958 9.9937E-05 9.9937E-05 9.9937E-05 0.0237861 0.805953 9.9937E-05 0.0589897 0.0307815 9.9937E-05 9.9937E-05 0.00467232 9.9937E-05 0.0450225
0.00162859 9.9937E-05 9.9937E-05 9.9937E-05 0.0244064 0.80136 9.9937E-05 0.0794696 0.0139603 9.9937E-05 9.9937E-05 0.0422563 9.9937E-05 0.0362191
0.0156399 0.00458002 9.9964E-05 0.0145272 0.0219745 0.62617 9.9964E-05 9.9964E-05 0.0617865 0.0844779 0.0406346 9.9964E-05 0.0280354 0.101774
0.000932502 0.0238551 9.9964E-05 0.0608931 0.00458179 0.639189 0.00385459 9.9964E-05 0.0634967 0.0788068 9.9964E-05 9.9964E-05 0.028985 0.0950058
0.0636833 9.9946E-05 0.0382768 0.0388501 9.9946E-05 0.675883 9.9946E-05 0.0496002 9.9946E-05 0.0426624 9.9946E-05 9.9946E-05 0.051524 0.0389203
0.0417934 9.99191E-05 9.99191E-05 9.99191E-05 9.99191E-05 0.836892 9.99191E-05 9.99191E-05 0.00522719 0.0764338 9.99191E-05 9.99191E-05 9.99191E-05 0.0387546
0.0510718 9.9928E-05 0.0507999 9.9928E-05 0.0228148 0.820658 9.9928E-05 9.9928E-05 0.0426563 9.9928E-05 9.9928E-05 9.9928E-05 9.9928E-05 0.0111993
0.058982 0.0534813 9.9937E-05 9.9937E-05 9.9937E-05 0.796563 9.9937E-05 0.0448603 0.00679971 9.9937E-05 0.00507255 9.9937E-05 9.9937E-05 0.0335411
0.0948115 9.99281E-05 9.99281E-05 9.99281E-05 9.99281E-05 0.69678 9.99281E-05 0.0286335 0.087504 9.99281E-05 0.0320383 9.99281E-05 9.99281E-05 0.0594336
0.0211602 9.99371E-05 9.99371E-05 9.99371E-05 9.99371E-05 0.765845 9.99371E-05 0.0470202 0.015665 0.0483788 0.0427897 9.99371E-05 9.99371E-05 0.0584413
9.9946E-05 9.9946E-05 0.00483443 0.184071 0.0348104 0.657553 9.9946E-05 9.9946E-05 9.9946E-05 0.0286209 9.9946E-05 0.0213041 0.0010622 0.0671448
0.0630712 9.99281E-05 9.99281E-05 0.0673087 0.0671607 0.69848 9.99281E-05 9.99281E-05 9.99281E-05 0.0491205 9.99281E-05 0.0540592 9.99281E-05 9.99281E-05
9.9946E-05 0.0314215 0.021585 0.035763 9.9946E-05 0.789957 9.9946E-05 0.00439909 0.00522692 9.9946E-05 0.0467317 0.0643157 9.9946E-05 9.9946E-05
0.087636 0.0539407 9.9955E-05 0.00522906 0.057131 0.605169 9.9955E-05 9.9955E-05 0.0140642 0.00751223 0.0741822 0.0946357 9.9955E-05 9.9955E-05
0.0573701 9.9937E-05 9.9937E-05 9.9937E-05 0.0972709 0.578418 9.9937E-05 9.9937E-05 9.9937E-05 0.05451 0.0628716 0.0844316 9.9937E-05 0.0644278
9.993E-05 9.993E-05 9.993E-05 0.0572994 0.0514542 0.68527 0.0549009 9.993E-05 9.993E-05 0.0221735 0.044041 9.993E-05 9.993E-05 0.0841612
9.99191E-05 9.99191E-05 0.0453261 9.99191E-05 0.00960746 0.857507 0.0590267 0.0276331 9.99191E-05 9.99191E-05 9.99191E-05 9.99191E-05 9.99191E-05 9.99191E-05
0.0376137 9.997E-05 9.997E-05 0.184709 0.0441211 0.465294 0.0814396 0.0521214 0.00645802 0.00426769 9.997E-05 0.00768611 0.105319 0.0106714
0.176585 0.0373658 9.9937E-05 9.9937E-05 0.109799 0.58517 9.9937E-05 0.028872 9.9937E-05 0.0230121 9.9937E-05 9.9937E-05 0.0384962 9.9937E-05
0.0207164 9.9946E-05 9.9946E-05 0.205651 0.0662023 0.483937 0.0406165 0.0529225 0.0111203 9.9946E-05 9.9946E-05 9.9946E-05 0.118235 9.9946E-05
0.0355128 9.9946E-05 0.0141376 9.9946E-05 0.047476 0.764809 0.0644983 9.9946E-05 0.00573586 9.9946E-05 9.9946E-05 0.0069739 0.0602566 9.9946E-05
0.000765807 9.9955E-05 9.9955E-05 0.186321 0.0520756 0.57818 9.9955E-05 9.9955E-05 0.0401095 0.0212542 0.0631699 0.0424928 0.015131 9.9955E-05
9.9937E-05 9.9937E-05 9.9937E-05 0.0857768 9.9937E-05 0.560874 0.162061 0.00244965 0.0274874 9.9937E-05 9.9937E-05 9.9937E-05 0.039851 0.1208
9.99461E-05 0.0105911 0.0248184 9.99461E-05 0.0803236 0.739832 0.0619487 9.99461E-05 0.00345738 9.99461E-05 0.0360052 9.99461E-05 9.99461E-05 0.0424239
9.9946E-05 0.0266418 0.09598 9.9946E-05 9.9946E-05 0.650408 0.0143209 0.101587 9.9946E-05 0.0221001 0.0782457 0.0101171 9.9946E-05 9.9946E-05
0.093745 0.0717307 0.0150335 0.0276081 0.0245113 0.562356 0.109593 0.0122217 0.00322508 9.9973E-05 9.9973E-05 0.0308246 9.9973E-05 0.0488519
0.0445973 0.0438707 9.9964E-05 0.187984 9.9964E-05 0.504579 0.0546147 9.9964E-05 0.047106 9.9964E-05 0.0410208 0.0498305 0.0199464 0.00605059
9.9946E-05 9.9946E-05 9.9946E-05 9.9946E-05 0.141809 0.551778 9.9946E-05 9.9946E-05 0.00320685 0.0667899 0.0730284 0.0488513 0.0676893 0.0462473
0.0233949 0.0777968 9.9964E-05 0.199783 9.9964E-05 0.47598 0.0684874 9.9964E-05 0.0499437 9.9964E-05 0.0167245 0.0563136 0.0186117 0.0125647
9.996E-05 9.996E-05 0.0110749 0.0180917 0.00819186 0.646982 0.160521 9.996E-05 0.0322747 9.996E-05 0.0347967 0.00480841 0.0085491 0.0743101
0.0127426 9.9955E-05 0.0206147 0.0629224 0.00241476 0.716851 9.9955E-05 9.9955E-05 0.00380026 0.0283424 0.0522845 9.9955E-05 0.0995275 9.9955E-05
0.0172704 0.000218787 0.00152139 0.0583384 9.9946E-05 0.669072 9.9946E-05 9.9946E-05 9.9946E-05 0.0315453 0.0745406 9.9946E-05 0.146893 9.9946E-05
0.0211395 0.0282233 9.99371E-05 9.99371E-05 9.99371E-05 0.641071 0.19097 0.0203074 0.0429573 0.0546321 9.99371E-05 9.99371E-05 9.99371E-05 9.99371E-05
0.0224379 0.0467467 9.99371E-05 9.99371E-05 9.99371E-05 0.705046 0.15102 9.99371E-05 0.0107544 0.0472853 9.99371E-05 0.0160099 9.99371E-05 9.99371E-05
0.00321463 9.9946E-05 9.9946E-05 0.0714801 9.9946E-05 0.49441 0.112216 0.0573717 0.00752173 9.9946E-05 9.9946E-05 9.9946E-05 0.200062 0.0531241
0.0523695 0.00597413 9.9973E-05 0.0476937 9.9973E-05 0.623975 0.0205774 0.00221036 0.0345254 9.9973E-05 0.0596852 0.0216799 0.0868827 0.0441271
9.9937E-05 9.9937E-05 9.9937E-05 9.9937E-05 9.9937E-05 0.58996 0.131601 0.023008 0.0305275 9.9937E-05 9.9937E-05 0.00773187 0.166671 0.0498017
0.00287145 9.9937E-05 9.9937E-05 9.9937E-05 9.9937E-05 0.725291 0.174517 9.9937E-05 0.047702 0.0105896 9.9937E-05 9.9937E-05 0.00241844 0.035911
0.0658003 9.9937E-05 9.9937E-05 0.126052 9.9937E-05 0.602927 9.9937E-05 9.9937E-05 9.9937E-05 0.050323 0.0194536 0.00273714 0.132007 9.9937E-05
9.9946E-05 9.9946E-05 9.9946E-05 9.9946E-05 0.0503758 0.564413 0.164571 0.00722272 9.9946E-05 0.0827722 9.9946E-05 0.0399873 0.0741411 0.0159169
9.9946E-05 9.9946E-05 9.9946E-05 9.9946E-05 0.0199222 0.528351 0.233997 0.0172975 0.00362227 0.103314 9.9946E-05 9.9946E-05 0.0618894 0.0310072
9.9955E-05 0.0156763 9.9955E-05 0.0324951 0.00228677 0.728612 0.0649244 0.00212736 0.0461043 0.0102863 9.9955E-05 9.9955E-05 0.0969878 9.9955E-05
9.9937E-05 9.9937E-05 9.9937E-05 0.00178369 0.0287802 0.605743 0.199009 9.9937E-05 9.9937E-05 0.0729288 9.9937E-05 9.9937E-05 0.0502659 0.0407904
0.0457543 9.9937E-05 0.0469151 0.00517433 9.9937E-05 0.764196 9.9937E-05 0.0236781 9.9937E-05 0.038231 0.075352 9.9937E-05 9.9937E-05 9.9937E-05
9.9955E-05 0.0113929 0.0131549 0.0190566 0.0164792 0.800942 0.0567286 9.9955E-05 9.9955E-05 0.0504775 9.9955E-05 0.0134727 9.9955E-05 0.0177954
0.00790309 0.0406779 0.0672803 0.0618339 0.00785612 0.712279 0.0505245 9.9964E-05 9.9964E-05 9.9964E-05 9.9964E-05 0.0239713 0.000595718 0.0266781
9.99371E-05 9.99371E-05 0.0938158 9.99371E-05 9.99371E-05 0.730969 9.99371E-05 9.99371E-05 0.0118956 0.0528431 0.0308397 9.99371E-05 0.0703901 0.00854739
0.0304655 9.9937E-05 0.00674401 9.9937E-05 9.9937E-05 0.820864 0.056622 9.9937E-05 0.0207227 0.0310595 9.9937E-05 9.9937E-05 0.0328224 9.9937E-05
9.99101E-05 0.0470973 0.0513526 9.99101E-05 9.99101E-05 0.88326 9.99101E-05 9.99101E-05 9.99101E-05 0.0172907 9.99101E-05 9.99101E-05 9.99101E-05 9.99101E-05
9.99101E-05 9.99101E-05 9.99101E-05 0.122437 0.0370866 0.79713 9.99101E-05 9.99101E-05 9.99101E-05 9.99101E-05 9.99101E-05 9.99101E-05 9.99101E-05 0.0423474
9.9955E-05 0.0455237 0.0265182 9.9955E-05 9.9955E-05 0.726335 9.9955E-05 0.0476009 0.0158761 0.0417385 0.0226732 9.9955E-05 0.0607586 0.0124765
9.99201E-05 0.0307375 0.0270457 9.99201E-05 9.99201E-05 0.707689 0.179125 9.99201E-05 9.99201E-05 0.00821525 9.99201E-05 9.99201E-05 9.99201E-05 0.046388
9.993E-05 0.0407778 0.0315919 9.993E-05 9.993E-05 0.666368 0.0342556 0.107867 0.0462223 9.993E-05 0.0722178 9.993E-05 9.993E-05 9.993E-05
0.0956472 9.9946E-05 9.9946E-05 9.9946E-05 9.9946E-05 0.637686 9.9946E-05 0.0779148 0.0133577 9.9946E-05 0.0156499 0.0338433 0.109213 0.0160885
9.9937E-05 9.9937E-05 0.0132413 0.0955813 0.0318516 0.701116 0.112614 0.0102504 9.9937E-05 9.9937E-05 9.9937E-05 0.0346459 9.9937E-05 9.9937E-05
9.9946E-05 9.9946E-05 0.0348736 0.0574883 9.9946E-05 0.727099 9.9946E-05 9.9946E-05 0.033176 0.00743838 0.0389323 9.9946E-05 0.0775601 0.0228326
9.9919E-05 9.9919E-05 0.0144132 0.0971189 0.049547 0.748987 9.9919E-05 0.0890346 9.9919E-05 9.9919E-05 9.9919E-05 9.9919E-05 9.9919E-05 9.9919E-05
0.0703823 0.0240823 0.0129051 9.9937E-05 0.0676782 0.7529 9.9937E-05 0.0503051 9.9937E-05 9.9937E-05 9.9937E-05 9.9937E-05 0.0210473 9.9937E-05
0.066511 0.0372202 0.00966077 9.9955E-05 0.0450492 0.708398 0.0596338 9.9955E-05 9.9955E-05 0.0604439 9.9955E-05 9.9955E-05 0.00757175 0.00501162
9.993E-05 9.993E-05 0.0296589 0.0662931 0.0208967 0.82165 0.00604679 9.993E-05 9.993E-05 9.993E-05 9.993E-05 0.0162471 9.993E-05 0.0385083
9.9946E-05 0.0970993 9.9946E-05 9.9946E-05 0.0133246 0.668484 9.9946E-05 0.0126875 9.9946E-05 9.9946E-05 0.023912 0.0726839 0.0970755 0.0141331
9.9937E-05 0.00756992 9.9937E-05 9.9937E-05 9.9937E-05 0.725323 0.121861 0.0647773 9.9937E-05 0.0259152 0.0490516 9.9937E-05 0.0048027 9.9937E-05
0.0546212 0.0353427 9.9955E-05 0.255692 0.0192246 0.38355 9.9955E-05 9.9955E-05 9.9955E-05 0.0817733 9.9955E-05 0.0325039 0.10136 0.0354327
0.033209 0.00173769 9.9964E-05 0.174238 0.0444545 0.456823 0.188412 0.0423207 9.9964E-05 0.0299405 9.9964E-05 9.9964E-05 0.0171263 0.0113387
0.0921551 9.997E-05 0.0119751 0.210891 0.0232121 0.470592 9.997E-05 0.0682825 9.997E-05 0.0243929 0.0245105 0.03726 0.0180946 0.0183344
9.995E-05 0.134645 9.995E-05 0.179713 0.0336615 0.371399 0.14718 9.995E-05 0.00276138 9.995E-05 9.995E-05 0.0109334 0.027345 0.091861
9.99011E-05 9.99011E-05 0.0170446 9.99011E-05 9.99011E-05 9.99011E-05 0.0394999 9.99011E-05 9.99011E-05 9.99011E-05 9.99011E-05 9.99011E-05 0.942357 9.99011E-05
9.98831E-05 9.98831E-05 9.98831E-05 9.98831E-05 9.98831E-05 9.98831E-05 9.98831E-05 9.98831E-05 9.98831E-05 9.98831E-05 9.98831E-05 9.98831E-05 0.998702 9.98831E-05
9.99101E-05 9.99101E-05 9.99101E-05 9.99101E-05 0.00519394 0.00403301 9.99101E-05 9.99101E-05 9.99101E-05 9.99101E-05 9.99101E-05 0.017762 0.972012 9.99101E-05
9.98831E-05 9.98831E-05 9.98831E-05 9.98831E-05 9.98831E-05 9.98831E-05 9.98831E-05 9.98831E-05 9.98831E-05 9.98831E-05 9.98831E-05 9.98831E-05 0.998702 9.98831E-05
9.9955E-05 0.0506606 9.9955E-05 9.9955E-05 0.00714875 0.00868059 0.125947 0.0103993 0.00552888 9.9955E-05 0.0377371 9.9955E-05 0.705963 0.0474349
9.98831E-05 9.98831E-05 9.98831E-05 9.98831E-05 9.98831E-05 9.98831E-05 9.98831E-05 9.98831E-05 9.98831E-05 9.98831E-05 9.98831E-05 9.98831E-05 0.998702 9.98831E-05
9.98831E-05 9.98831E-05 9.98831E-05 9.98831E-05 9.98831E-05 9.98831E-05 9.98831E-05 9.98831E-05 9.98831E-05 9.98831E-05 9.98831E-05 9.98831E-05 0.998702 9.98831E-05
0.00785923 9.99011E-05 9.99011E-05 9.99011E-05 0.0266234 9.99011E-05 9.99011E-05 9.99011E-05 9.99011E-05 9.99011E-05 9.99011E-05 9.99011E-05 0.964418 9.99011E-05
9.98831E-05 9.98831E-05 9.98831E-05 9.98831E-05 9.98831E-05 9.98831E-05 9.98831E-05 9.98831E-05 9.98831E-05 9.98831E-05 9.98831E-05 9.98831E-05 0.998702 9.98831E-05
9.98831E-05 9.98831E-05 9.98831E-05 9.98831E-05 9.98831E-05 9.98831E-05 9.98831E-05 9.98831E-05 9.98831E-05 9.98831E-05 9.98831E-05 9.98831E-05 0.998702 9.98831E-05
9.98921E-05 9.98921E-05 9.98921E-05 9.98921E-05 9.98921E-05 9.98921E-05 9.98921E-05 9.98921E-05 9.98921E-05 0.000536947 9.98921E-05 9.98921E-05 0.998264 9.98921E-05
9.98831E-05 9.98831E-05 9.98831E-05 9.98831E-05 9.98831E-05 9.98831E-05 9.98831E-05 9.98831E-05 9.98831E-05 9.98831E-05 9.98831E-05 9.98831E-05 0.998702 9.98831E-05
9.98831E-05 9.98831E-05 9.98831E-05 9.98831E-05 9.98831E-05 9.98831E-05 9.98831E-05 9.98831E-05 9.98831E-05 9.98831E-05 9.98831E-05 9.98831E-05 0.998702 9.98831E-05
9.98831E-05 9.98831E-05 9.98831E-05 9.98831E-05 9.98831E-05 9.98831E-05 9.98831E-05 9.98831E-05 9.98831E-05 9.98831E-05 9.98831E-05 9.98831E-05 0.998702 9.98831E-05
9.98831E-05 9.98831E-05 9.98831E-05 9.98831E-05 9.98831E-05 9.98831E-05 9.98831E-05 9.98831E-05 9.98831E-05 9.98831E-05 9.98831E-05 9.98831E-05 0.998702 9.98831E-05
0.0123617 0.0377774 9.99424E-05 9.99424E-05 9.99424E-05 0.175877 0.201322 9.99424E-05 0.0423111 9.99424E-05 9.99424E-05 9.99424E-05 0.526659 0.00299184
0.0217241 9.99188E-05 9.99188E-05 9.99188E-05 0.000383228 9.99188E-05 9.99188E-05 9.99188E-05 9.99188E-05 9.99188E-05 9.99188E-05 0.0132152 0.963678 9.99188E-05
9.98944E-05 9.98944E-05 9.98944E-05 9.98944E-05 9.98944E-05 9.98944E-05 9.98944E-05 9.98944E-05 9.98944E-05 9.98944E-05 0.0007956 9.98944E-05 0.998006 9.98944E-05
0.127434 9.9937E-05 9.9937E-05 0.392682 9.9937E-05 0.219063 9.9937E-05 0.0638302 9.9937E-05 0.0519233 9.9937E-05 0.00785007 0.136518 9.9937E-05
0.0458835 0.0619835 9.99515E-05 0.343348 9.99515E-05 0.350011 9.99515E-05 0.0575583 9.99515E-05 0.0900327 9.99515E-05 9.99515E-05 0.0458083 0.00477504
0.0402482 0.0557775 9.9946E-05 0.425267 9.9946E-05 0.33559 9.9946E-05 0.0187744 9.9946E-05 0.0672167 0.0146326 9.9946E-05 0.0418941 9.9946E-05
0.0699781 0.040034 9.9955E-05 0.238508 0.0325673 0.361035 0.0545321 0.0326898 9.9955E-05 0.0415262 9.9955E-05 9.9955E-05 0.12863 9.9955E-05
0.0570779 0.0456068 9.9964E-05 0.279843 0.000687434 0.267316 0.00742032 0.0658304 0.0173837 0.123365 9.9964E-05 9.9964E-05 0.13507 9.9964E-05
0.0156419 9.9955E-05 9.9955E-05 0.264611 0.0099526 0.472465 0.130796 9.9955E-05 0.0112191 0.00272333 9.9955E-05 0.0375626 0.0545287 9.9955E-05
0.148574 9.997E-05 0.00707531 0.185514 9.997E-05 0.269846 0.086236 0.0311381 0.00424055 0.104539 9.997E-05 0.0198134 0.108949 0.0337739
0.0411355 0.054167 9.9955E-05 0.341277 0.00117196 0.368075 9.9955E-05 0.0520436 9.9955E-05 0.0762869 0.0244591 9.9955E-05 0.0408844 9.9955E-05
0.085036 0.017391 9.9955E-05 0.343252 0.000654023 0.314428 0.1405 9.9955E-05 9.9955E-05 0.0135305 9.9955E-05 9.9955E-05 0.0808979 0.00381087
0.0473288 0.0699646 9.9964E-05 0.492097 9.9964E-05 0.170559 9.9964E-05 0.0114339 0.0241424 9.9964E-05 0.0492599 0.0130942 0.082653 0.0390678
9.995E-05 9.995E-05 0.0177026 0.318252 0.0493651 0.219699 0.219385 9.995E-05 0.0395466 0.0639825 9.995E-05 9.995E-05 0.0457434 0.0258241
9.995E-05 0.00749256 0.0369178 0.261406 0.0154283 0.234809 0.277626 9.995E-05 0.0412207 0.0853058 9.995E-05 9.995E-05 9.995E-05 0.0392946
0.1512 0.006287 0.0113159 0.0906288 9.9973E-05 0.243854 0.148464 0.0107592 9.9973E-05 0.0859641 0.010832 9.9973E-05 0.218467 0.0219274
0.0434698 0.0843791 9.9973E-05 0.292904 0.0299185 0.277512 0.0478321 0.0937707 0.0555545 0.00158599 9.9973E-05 0.0112164 0.0615561 9.9973E-05
0.00688968 0.0746417 9.9964E-05 0.366932 0.0384589 0.264637 9.9964E-05 0.00521146 9.9964E-05 0.023531 9.9964E-05 0.130127 0.0855399 0.00363144
0.0553272 0.0296831 9.9964E-05 0.334787 0.0291987 0.302868 9.9964E-05 0.0476854 9.9964E-05 0.0866143 0.0400949 9.9964E-05 0.0659089 0.00743264
0.102914 9.9955E-05 9.9955E-05 0.236442 0.0495575 0.267128 0.00572196 0.0836202 9.9955E-05 0.12241 9.9955E-05 0.0622766 0.0694302 9.9955E-05
0.0608781 0.0892038 9.9982E-05 0.292218 0.033775 0.248232 0.0229756 0.064207 9.9982E-05 0.0603908 0.0197885 0.0549933 0.0300511 0.0230859
0.0184852 9.99281E-05 9.99281E-05 0.505718 9.99281E-05 0.180733 0.119367 9.99281E-05 9.99281E-05 9.99281E-05 9.99281E-05 0.0835074 0.09139 9.99281E-05
9.9946E-05 0.0634124 9.9946E-05 0.465252 0.0295172 0.22022 9.9946E-05 0.00453971 9.9946E-05 9.9946E-05 0.0334092 0.0646335 0.118416 9.9946E-05
0.14028 0.00198046 0.0246295 0.51063 0.00603792 0.166782 9.9946E-05 9.9946E-05 9.9946E-05 0.0745153 9.9946E-05 9.9946E-05 0.0745455 9.9946E-05
9.99281E-05 9.99281E-05 9.99281E-05 0.421889 9.99281E-05 0.292446 0.186078 9.99281E-05 9.99281E-05 0.00407161 9.99281E-05 0.0597063 0.0350093 9.99281E-05
0.157989 9.9955E-05 9.9955E-05 0.428853 0.0453701 0.102392 9.9955E-05 0.0475012 0.00733824 0.0423734 9.9955E-05 9.9955E-05 0.140463 0.0272211
0.182943 0.0141148 0.00712908 0.236825 0.0408693 0.103812 0.106345 0.0858264 0.00622963 9.9982E-05 0.00473972 9.9982E-05 0.206772 0.00419457
0.00196079 0.0311156 9.9946E-05 0.664128 9.9946E-05 0.0590701 0.0296277 0.0078375 9.9946E-05 0.0627316 9.9946E-05 9.9946E-05 0.14293 9.9946E-05
0.0977814 9.9964E-05 9.9964E-05 0.517394 0.115661 0.0809113 0.00120312 9.9964E-05 0.0498424 0.0380058 9.9964E-05 0.0259509 0.0592941 0.0135567
0.0221338 0.0398145 9.997E-05 0.203363 0.0369053 0.358577 0.0968812 0.0105976 0.0116591 9.997E-05 0.0133053 9.997E-05 0.195804 0.0106589
0.10201 0.0177856 9.9973E-05 0.58123 0.0245777 0.112838 0.0134265 9.9973E-05 0.000667565 0.0111866 9.9973E-05 0.003304 0.120595 0.012079
0.0532579 0.0556996 0.0342727 0.398761 9.996E-05 0.236715 0.0627916 9.996E-05 0.0443852 0.032353 9.996E-05 0.00622635 0.0751369 9.996E-05
0.00183184 9.9937E-05 9.9937E-05 0.384274 0.0561343 0.168177 0.243428 9.9937E-05 9.9937E-05 9.9937E-05 9.9937E-05 9.9937E-05 0.143805 0.00165111
0.0800444 9.9937E-05 9.9937E-05 0.691238 9.9937E-05 0.133355 9.9937E-05 0.00576348 0.077718 9.9937E-05 9.9937E-05 9.9937E-05 0.000985993 0.0101959
0.030653 9.993E-05 9.993E-05 0.723648 9.993E-05 0.0656237 9.993E-05 0.0587561 0.0443316 0.00417297 9.993E-05 9.993E-05 0.0721155 9.993E-05
0.0639742 9.99191E-05 9.99191E-05 0.726502 9.99191E-05 9.99191E-05 0.0801261 9.99191E-05 0.0535324 9.99191E-05 9.99191E-05 9.99191E-05 9.99191E-05 0.0749662
0.0516576 9.996E-05 9.996E-05 0.464448 9.996E-05 0.0984858 0.0698483 0.0294153 0.0143043 0.0913861 9.996E-05 0.00976743 0.10842 0.061867
0.056516 9.99281E-05 9.99281E-05 0.641949 0.040463 0.112673 9.99281E-05 9.99281E-05 9.99281E-05 0.0128542 9.99281E-05 9.99281E-05 0.134745 9.99281E-05
0.0212469 9.9964E-05 0.110466 0.543956 0.0540635 0.137301 9.9964E-05 9.9964E-05 0.00526905 0.00615564 0.0691595 9.9964E-05 0.051762 0.000219639
0.0826755 9.9964E-05 0.0176236 0.472541 0.00309288 0.240492 9.9964E-05 0.0551018 9.9964E-05 0.0104047 0.00275908 9.9964E-05 0.0967097 0.0182002
0.0586754 9.99371E-05 9.99371E-05 0.620395 9.99371E-05 0.108427 0.0956876 0.00454358 9.99371E-05 0.0798268 9.99371E-05 9.99371E-05 0.031745 9.99371E-05
0.128188 9.9955E-05 0.097571 0.45051 9.9955E-05 0.0808806 0.00971124 9.9955E-05 0.000967082 0.0459232 9.9955E-05 0.00757391 0.178175 9.9955E-05
0.104323 9.99371E-05 0.0923338 0.597973 9.99371E-05 0.088987 9.99371E-05 9.99371E-05 0.00573547 9.99371E-05 0.0254017 9.99371E-05 0.0845465 9.99371E-05
0.0908372 9.9937E-05 0.0675971 0.597551 9.9937E-05 0.0739169 9.9937E-05 0.00315651 9.9937E-05 0.0325963 9.9937E-05 9.9937E-05 0.133645 9.9937E-05
0.0324232 0.0777107 0.0722287 0.303907 0.0477499 0.290998 9.9964E-05 0.013004 9.9964E-05 0.0621493 9.9964E-05 0.00567838 0.0937511 9.9964E-05
0.0781117 0.00707254 0.0582485 0.551928 0.0585539 0.0500651 9.9955E-05 9.9955E-05 9.9955E-05 0.0453476 9.9955E-05 0.0319528 0.11822 9.9955E-05
0.0688152 9.9964E-05 0.0755407 0.529679 0.048948 0.0667795 0.0126104 0.0109513 9.9964E-05 0.0378402 9.9964E-05 0.0234747 0.124962 9.9964E-05
0.107109 9.9946E-05 0.036469 0.514741 0.0782867 0.0987104 9.9946E-05 9.9946E-05 9.9946E-05 0.00563123 9.9946E-05 0.0131327 0.14532 9.9946E-05
0.000382427 0.0358616 0.00187793 0.579158 9.9955E-05 0.036024 0.218671 9.9955E-05 9.9955E-05 0.00621956 9.9955E-05 0.0315125 0.0897931 9.9955E-05
0.0440204 0.029617 9.995E-05 0.470232 0.00830834 0.0839046 0.159041 9.995E-05 9.995E-05 0.0212919 9.995E-05 0.0486208 0.134463 9.995E-05
0.117559 9.9955E-05 0.0624381 0.473333 0.0708022 0.0398402 9.9955E-05 9.9955E-05 0.0112541 0.015743 9.9955E-05 0.0362409 0.17229 9.9955E-05
0.098657 9.9946E-05 0.0750965 0.531193 0.0539292 0.058832 9.9946E-05 9.9946E-05 0.0132285 9.9946E-05 9.9946E-05 0.0106119 0.157852 9.9946E-05
9.995E-05 9.995E-05 0.0796473 0.517365 0.0482335 0.127655 0.0457595 9.995E-05 9.995E-05 0.0459677 0.0319504 9.995E-05 0.0593124 0.043609
0.029501 9.995E-05 0.205897 0.347044 0.0525865 0.175516 9.995E-05 9.995E-05 0.0027412 0.0437658 0.0320888 9.995E-05 0.11036 9.995E-05
0.0345498 0.0269116 0.0312215 0.316504 9.9964E-05 0.256045 0.204637 9.9964E-05 0.0636204 0.0260377 0.000366374 9.9964E-05 0.039707 9.9964E-05
0.0970713 9.9955E-05 0.0411215 0.448366 9.9955E-05 0.162884 0.0928564 0.000375276 0.030866 9.9955E-05 0.0298345 9.9955E-05 0.0961255 9.9955E-05
0.0596719 9.9937E-05 9.9937E-05 0.589596 9.9937E-05 0.175769 0.109371 9.9937E-05 9.9937E-05 0.0283998 0.00193484 9.9937E-05 0.0345583 9.9937E-05
0.0875082 9.9946E-05 9.9946E-05 0.446825 9.9946E-05 0.179566 9.9946E-05 0.015635 0.0181191 0.0221758 0.00740313 9.9946E-05 0.222168 9.9946E-05
9.9955E-05 9.9955E-05 0.0561223 0.467287 0.0619148 0.118604 9.9955E-05 9.9955E-05 9.9955E-05 0.10179 0.0425759 0.0227216 0.0752678 0.0532167
0.0120883 9.9946E-05 9.9946E-05 0.527563 9.9946E-05 0.124713 0.0951071 0.0757757 0.0614157 0.0205226 9.9946E-05 9.9946E-05 0.0822149 9.9946E-05
0.129674 0.081016 0.0363789 0.474911 0.028755 0.114266 0.0958109 9.9955E-05 0.0176626 9.9955E-05 9.9955E-05 9.9955E-05 0.0210259 9.9955E-05
0.112304 0.0498203 0.0785543 0.434651 0.0509991 0.131304 0.0890314 9.9964E-05 9.9964E-05 0.0159151 9.9964E-05 9.9964E-05 0.0326686 0.00435284
0.141056 0.0121743 9.9964E-05 0.49106 0.0229423 0.134988 9.9964E-05 0.0508109 0.0573753 0.0225116 0.0163739 9.9964E-05 0.0503082 9.9964E-05
0.0977776 9.99281E-05 9.99281E-05 0.496968 9.99281E-05 0.265327 0.0466841 9.99281E-05 9.99281E-05 0.0459981 9.99281E-05 9.99281E-05 0.0464458 9.99281E-05
0.130603 9.9937E-05 9.9937E-05 0.470556 0.0164301 0.258032 0.00219882 9.9937E-05 9.9937E-05 0.0704816 9.9937E-05 9.9937E-05 0.050998 9.9937E-05
0.184222 0.0297007 0.00851217 0.333677 0.0580793 0.0900532 0.0585849 9.996E-05 0.0490071 9.996E-05 9.996E-05 9.996E-05 0.175797 0.0119671
0.154709 9.9937E-05 9.9937E-05 0.442516 0.0379558 0.112465 9.9937E-05 9.9937E-05 0.0471213 9.9937E-05 9.9937E-05 9.9937E-05 0.18734 0.0171929
0.157502 0.0153084 9.9946E-05 0.481013 0.0410416 0.0665292 0.00453208 9.9946E-05 0.0503302 9.9946E-05 9.9946E-05 9.9946E-05 0.183144 9.9946E-05
0.075919 9.9955E-05 0.0803073 0.299472 9.9955E-05 0.24437 9.9955E-05 0.0655767 0.0010811 0.032123 9.9955E-05 0.0401069 0.160544 9.9955E-05
0.0620431 0.0439792 0.0171104 0.374394 9.996E-05 0.0689501 0.103199 9.996E-05 0.125805 0.0742574 9.996E-05 0.0417211 0.0881415 9.996E-05
9.9955E-05 9.9955E-05 0.0206236 0.247067 0.033857 0.235777 0.217178 0.0655574 9.9955E-05 0.0510347 9.9955E-05 0.00474366 0.123662 9.9955E-05
0.0368021 9.9964E-05 0.101095 0.118556 0.0904362 0.143413 0.228518 0.0480995 0.0158395 0.0870885 9.9964E-05 9.9964E-05 0.129752 9.9964E-05
0.0323336 0.0423916 0.0933418 0.464959 0.0613363 0.0966502 0.0280397 9.999E-05 0.0101985 0.0300476 0.0591265 0.0119397 0.0564144 0.0131209
0.0326561 9.9937E-05 9.9937E-05 0.549316 0.0227552 0.267268 9.9937E-05 9.9937E-05 9.9937E-05 0.0471339 9.9937E-05 9.9937E-05 0.0585785 0.0215928
0.14939 0.0383304 9.996E-05 0.2977 0.011047 0.165122 0.137127 0.111488 0.0158233 9.996E-05 9.996E-05 0.0356721 0.037901 9.996E-05
0.0505974 9.9964E-05 0.0451195 0.490335 9.9964E-05 0.102947 0.126736 0.0365094 0.0729005 0.00515364 0.0024306 9.9964E-05 0.0668717 9.9964E-05
0.0691696 9.9964E-05 0.0402673 0.141936 0.172481 0.147169 0.333389 0.00396081 9.9964E-05 0.0611592 0.00170919 9.9964E-05 0.0283585 9.9964E-05
0.145969 0.0514647 0.0268688 0.353381 0.0371373 0.187979 9.9973E-05 0.0114025 0.0360288 0.0249207 0.0627826 9.9973E-05 0.0617659 9.9973E-05
9.994E-05 0.00371158 0.03261 0.589744 9.994E-05 0.071339 0.201158 0.0473798 0.00595516 9.994E-05 9.994E-05 0.047503 9.994E-05 9.994E-05
9.9955E-05 0.00213822 0.0140907 0.621031 9.9955E-05 0.00610702 0.172064 0.061168 0.0121744 9.9955E-05 9.9955E-05 0.108085 0.00264152 9.9955E-05
0.0435251 9.9946E-05 9.9946E-05 0.578487 9.9946E-05 0.0110813 0.142434 0.0842216 0.00403635 9.9946E-05 9.9946E-05 0.122561 0.0130544 9.9946E-05
0.0498889 0.0167614 0.00320153 0.588572 9.9964E-05 0.0109266 0.208927 0.0406338 0.00174419 9.9964E-05 9.9964E-05 0.0728948 0.0060499 9.9964E-05
9.993E-05 9.993E-05 0.025396 0.50193 0.0186278 9.993E-05 0.197726 0.051711 9.993E-05 0.0183891 9.993E-05 0.185521 9.993E-05 9.993E-05
0.00426651 9.9946E-05 0.0100865 0.62619 9.9946E-05 9.9946E-05 0.199986 0.0297226 0.00901287 9.9946E-05 9.9946E-05 0.116448 0.00368759 9.9946E-05
0.125113 9.9964E-05 9.9964E-05 0.465032 0.0750229 0.0239864 0.0391485 0.023817 9.9964E-05 0.0679074 0.0816178 0.0330646 0.0648908 9.9964E-05
0.00735192 9.9955E-05 0.0198946 0.595161 9.9955E-05 0.0172956 0.184185 0.0497825 0.00449655 9.9955E-05 9.9955E-05 0.117837 0.00349622 9.9955E-05
0.0485134 9.99371E-05 9.99371E-05 0.529352 0.105753 0.0519123 0.165651 9.99371E-05 9.99371E-05 0.0437739 9.99371E-05 9.99371E-05 0.0543445 9.99371E-05
9.9955E-05 9.9955E-05 0.0360628 0.506568 0.00893936 9.9955E-05 0.180817 9.9955E-05 9.9955E-05 0.0371393 0.0292793 0.0882201 0.0595088 0.0529659
0.0789712 9.9955E-05 0.0142614 0.333127 0.148257 0.0359286 0.174483 0.0400933 9.9955E-05 0.0869357 9.9955E-05 9.9955E-05 0.0874429 9.9955E-05
0.106383 9.9955E-05 0.0471101 0.307832 0.144627 0.0333618 0.157018 0.0374822 9.9955E-05 0.104125 9.9955E-05 9.9955E-05 0.061561 9.9955E-05
0.00311168 9.99281E-05 0.0309879 0.842675 9.99281E-05 0.0187675 9.99281E-05 9.99281E-05 9.99281E-05 9.99281E-05 0.0237838 0.0798743 9.99281E-05 9.99281E-05
0.0702353 9.9964E-05 0.0189354 0.639284 0.0476179 0.0273924 0.0975733 0.0169593 9.9964E-05 0.0289159 9.9964E-05 0.00609369 0.0465929 9.9964E-05
0.0150019 9.9937E-05 9.9937E-05 0.655881 0.0752468 0.112527 9.9937E-05 0.0272343 9.9937E-05 0.0554765 9.9937E-05 0.0579322 9.9937E-05 9.9937E-05
0.0331801 9.995E-05 9.995E-05 0.617485 0.0427117 0.0660385 0.059295 0.0161275 9.995E-05 0.0403574 9.995E-05 0.101304 0.0230005 9.995E-05
0.0334322 9.9955E-05 0.0756751 0.676437 0.053969 0.0102984 9.9955E-05 0.0176578 9.9955E-05 0.0482539 9.9955E-05 0.0421774 0.0415995 9.9955E-05
0.0265416 9.9946E-05 9.9946E-05 0.637669 9.9946E-05 0.0169736 0.199355 9.9946E-05 9.9946E-05 0.0349986 0.0275605 0.0493279 0.00697417 9.9946E-05
0.0507584 9.99191E-05 9.99191E-05 0.783952 9.99191E-05 0.0403263 0.107511 9.99191E-05 9.99191E-05 9.99191E-05 9.99191E-05 9.99191E-05 0.0165529 9.99191E-05
9.99281E-05 9.99281E-05 9.99281E-05 0.761665 9.99281E-05 0.0607101 0.147102 9.99281E-05 0.00172008 0.0204907 9.99281E-05 9.99281E-05 0.00751268 9.99281E-05
9.995E-05 0.047885 0.0275678 0.564501 0.0717316 9.995E-05 0.131476 9.995E-05 9.995E-05 0.0584651 0.0540922 0.0126524 9.995E-05 0.0311291
0.0164226 9.9937E-05 9.9937E-05 0.506412 0.090498 9.9937E-05 0.217535 9.9937E-05 9.9937E-05 9.9937E-05 9.9937E-05 0.071025 0.0667519 0.0306557
0.0806982 0.00490369 0.026632 0.606135 0.0481521 9.9964E-05 0.154765 9.9964E-05 9.9964E-05 9.9964E-05 0.00765387 0.0493274 0.0106813 0.0106522
0.0706752 0.019109 9.9955E-05 0.618405 0.0197334 9.9955E-05 0.195772 9.9955E-05 0.0411408 9.9955E-05 0.0141335 0.0183548 0.00217653 9.9955E-05
0.0473518 0.0162936 0.0086048 0.556427 0.0594132 9.998E-05 0.211579 9.998E-05 0.00735319 0.00916817 0.0234621 0.0359619 0.0196085 0.00457737
