9.99191E-05 9.99191E-05 9.99191E-05 9.99191E-05 9.99191E-05 0.0195411 0.134315 0.0840478 9.99191E-05 0.0444474 9.99191E-05 9.99191E-05 9.99191E-05 0.684692 0.0320571
0.070103 9.9928E-05 0.0999352 0.0258393 9.9928E-05 9.9928E-05 9.9928E-05 9.9928E-05 9.9928E-05 9.9928E-05 0.0155979 0.0035201 9.9928E-05 0.753735 0.0304702
9.98831E-05 9.98831E-05 9.98831E-05 9.98831E-05 9.98831E-05 9.98831E-05 9.98831E-05 9.98831E-05 9.98831E-05 9.98831E-05 9.98831E-05 9.98831E-05 9.98831E-05 0.970371 0.0283304
9.9928E-05 9.9928E-05 0.0945948 9.9928E-05 0.00382427 9.9928E-05 9.9928E-05 9.9928E-05 9.9928E-05 0.00176236 0.115696 0.0372983 0.0369118 0.709113 9.9928E-05
0.151241 9.99033E-05 9.99033E-05 9.99033E-05 9.99033E-05 9.99033E-05 9.99033E-05 9.99033E-05 9.99033E-05 9.99033E-05 0.143961 9.99033E-05 0.046126 0.657573 9.99033E-05
9.9928E-05 0.030809 9.9928E-05 9.9928E-05 9.9928E-05 0.00755962 9.9928E-05 0.0729049 0.0269244 0.0237186 0.0189877 9.9928E-05 9.9928E-05 0.818296 9.9928E-05
9.99101E-05 9.99101E-05 9.99101E-05 0.0695556 9.99101E-05 0.000780242 0.383936 0.00260352 9.99101E-05 9.99101E-05 9.99101E-05 9.99101E-05 9.99101E-05 0.542126 9.99101E-05
0.104101 0.00306609 9.99011E-05 9.99011E-05 9.99011E-05 9.99011E-05 9.99011E-05 9.99011E-05 9.99011E-05 9.99011E-05 9.99011E-05 0.0015105 9.99011E-05 0.890223 9.99011E-05
9.9937E-05 9.9937E-05 9.9937E-05 9.9937E-05 0.0662712 0.00796845 9.9937E-05 0.0790439 0.0219776 0.0183562 9.9937E-05 9.9937E-05 0.00638112 0.777861 0.021441
0.0153817 9.99011E-05 0.0388545 9.99011E-05 9.99011E-05 9.99011E-05 9.99011E-05 9.99011E-05 9.99011E-05 9.99011E-05 9.99011E-05 9.99011E-05 9.99011E-05 0.940415 0.00425033
0.0999542 0.173737 0.0107663 9.9919E-05 0.000294348 0.0017759 9.9919E-05 9.9919E-05 9.9919E-05 9.9919E-05 9.9919E-05 9.9919E-05 9.9919E-05 0.712573 9.9919E-05
9.98741E-05 9.98741E-05 9.98741E-05 9.98741E-05 9.98741E-05 9.98741E-05 9.98741E-05 9.98741E-05 9.98741E-05 9.98741E-05 9.98741E-05 0.998602 9.98741E-05 9.98741E-05 9.98741E-05
0.0596675 9.9946E-05 0.020043 0.0044626 9.9946E-05 0.00218501 0.00952098 9.9946E-05 9.9946E-05 0.000614188 9.9946E-05 0.715313 0.159565 0.0280296 9.9946E-05
9.99101E-05 9.99101E-05 0.0432278 9.99101E-05 9.99101E-05 9.99101E-05 9.99101E-05 9.99101E-05 9.99101E-05 9.99101E-05 0.537951 0.301473 0.00014865 9.99101E-05 0.1162
9.9919E-05 9.9919E-05 9.9919E-05 9.9919E-05 9.9919E-05 9.9919E-05 0.174773 9.9919E-05 9.9919E-05 9.9919E-05 0.398453 0.12297 0.00198316 0.0968462 0.204075
9.991E-05 9.991E-05 0.0542463 9.991E-05 9.991E-05 9.991E-05 9.991E-05 0.195979 9.991E-05 0.0393441 9.991E-05 0.490637 9.991E-05 9.991E-05 0.218794
9.991E-05 0.0855805 9.991E-05 9.991E-05 9.991E-05 9.991E-05 9.991E-05 9.991E-05 0.0892444 9.991E-05 0.039538 0.730155 9.991E-05 0.0544826 9.991E-05
0.0713449 0.0763105 9.9901E-05 9.9901E-05 9.9901E-05 9.9901E-05 9.9901E-05 9.9901E-05 9.9901E-05 0.152321 9.9901E-05 0.698925 9.9901E-05 9.9901E-05 9.9901E-05
0.0561057 0.0136679 0.0679743 0.0153516 0.0242442 9.9964E-05 9.9964E-05 0.0822843 0.0131288 0.0342635 9.9964E-05 0.529485 0.0338402 9.9964E-05 0.129255
9.9928E-05 0.0420901 9.9928E-05 0.00371167 0.0268272 9.9928E-05 9.9928E-05 9.9928E-05 9.9928E-05 0.0598992 0.36978 0.261 9.9928E-05 9.9928E-05 0.235893
0.163033 9.9946E-05 0.0726732 0.0802341 0.0594017 0.0452262 9.9946E-05 9.9946E-05 0.110465 9.9946E-05 9.9946E-05 0.298017 9.9946E-05 0.0098172 0.160533
9.99101E-05 0.160298 0.588736 9.99101E-05 0.0427525 9.99101E-05 9.99101E-05 9.99101E-05 9.99101E-05 0.0531114 9.99101E-05 9.99101E-05 9.99101E-05 9.99101E-05 0.154103
9.9928E-05 9.9928E-05 0.665243 0.000325977 9.9928E-05 9.9928E-05 0.0113461 0.0500503 9.9928E-05 0.0607008 0.108433 9.9928E-05 9.9928E-05 9.9928E-05 0.103101
0.020931 9.9937E-05 0.621663 0.0169333 0.0351953 9.9937E-05 9.9937E-05 9.9937E-05 0.0894951 0.0151222 9.9937E-05 0.0996712 9.9937E-05 0.100289 9.9937E-05
9.98921E-05 9.98921E-05 0.939813 9.98921E-05 9.98921E-05 9.98921E-05 0.0180548 9.98921E-05 9.98921E-05 9.98921E-05 9.98921E-05 9.98921E-05 0.0409335 9.98921E-05 9.98921E-05
9.9946E-05 0.117991 0.551768 0.026943 0.0485971 9.9946E-05 0.029892 0.0165773 0.0259149 9.9946E-05 0.121868 9.9946E-05 9.9946E-05 9.9946E-05 0.0598485
0.187351 0.210643 0.425787 9.9937E-05 9.9937E-05 0.0371455 9.9937E-05 0.0508028 9.9937E-05 9.9937E-05 9.9937E-05 0.0329706 0.0279439 0.0266565 9.9937E-05
9.98833E-05 9.98833E-05 0.995541 9.98833E-05 0.00316008 9.98833E-05 9.98833E-05 9.98833E-05 9.98833E-05 9.98833E-05 9.98833E-05 9.98833E-05 9.98833E-05 9.98833E-05 9.98833E-05
9.99011E-05 9.99011E-05 0.754244 9.99011E-05 9.99011E-05 9.99011E-05 0.0142946 9.99011E-05 0.205262 9.99011E-05 9.99011E-05 9.99011E-05 9.99011E-05 9.99011E-05 0.0251011
9.99191E-05 9.99191E-05 0.911947 9.99191E-05 9.99191E-05 0.00552378 9.99191E-05 9.99191E-05 9.99191E-05 0.0036289 0.0605436 0.00619662 0.0112607 9.99191E-05 9.99191E-05
9.98921E-05 9.98921E-05 9.98921E-05 9.98921E-05 9.98921E-05 9.98921E-05 0.801806 9.98921E-05 9.98921E-05 0.157145 9.98921E-05 9.98921E-05 9.98921E-05 9.98921E-05 0.0398498
9.9928E-05 0.0718687 9.9928E-05 9.9928E-05 9.9928E-05 0.0531719 0.36454 9.9928E-05 0.217815 0.222443 9.9928E-05 9.9928E-05 9.9928E-05 0.059494 0.00986898
0.214688 0.255491 0.0813068 9.99281E-05 0.0318318 0.0272518 9.99281E-05 9.99281E-05 9.99281E-05 9.99281E-05 9.99281E-05 9.99281E-05 9.99281E-05 0.0084888 0.380143
9.9946E-05 9.9946E-05 0.0817876 0.0191682 0.0153469 0.167777 0.0794549 0.048665 9.9946E-05 0.14965 0.00374986 9.9946E-05 9.9946E-05 9.9946E-05 0.433802
9.994E-05 9.994E-05 0.167274 0.0763383 0.0632918 0.184654 9.994E-05 0.105104 0.048166 0.0812756 9.994E-05 9.994E-05 9.994E-05 0.123185 0.150112
0.0129163 0.0776239 9.99191E-05 9.99191E-05 9.99191E-05 0.02971 9.99191E-05 9.99191E-05 9.99191E-05 0.168941 9.99191E-05 0.0348422 9.99191E-05 9.99191E-05 0.675067
9.9937E-05 0.149618 0.229412 9.9937E-05 9.9937E-05 0.0894105 9.9937E-05 0.0276577 9.9937E-05 9.9937E-05 0.093535 0.0936955 9.9937E-05 0.125796 0.190176
0.0358635 0.011244 0.147277 0.0522595 9.9946E-05 0.0410552 0.0820347 0.244902 9.9946E-05 9.9946E-05 9.9946E-05 0.298238 9.9946E-05 9.9946E-05 0.0865254
9.98741E-05 9.98741E-05 9.98741E-05 9.98741E-05 9.98741E-05 0.998602 9.98741E-05 9.98741E-05 9.98741E-05 9.98741E-05 9.98741E-05 9.98741E-05 9.98741E-05 9.98741E-05 9.98741E-05
0.0708673 9.9901E-05 9.9901E-05 9.9901E-05 9.9901E-05 0.796401 9.9901E-05 0.0247689 9.9901E-05 9.9901E-05 9.9901E-05 9.9901E-05 9.9901E-05 0.106863 9.9901E-05
9.98831E-05 0.00466231 9.98831E-05 9.98831E-05 9.98831E-05 9.98831E-05 9.98831E-05 9.98831E-05 9.98831E-05 9.98831E-05 9.98831E-05 9.98831E-05 9.98831E-05 9.98831E-05 0.994039
9.9919E-05 0.00331293 9.9919E-05 9.9919E-05 9.9919E-05 0.249856 9.9919E-05 0.0752492 0.0748376 0.04506 9.9919E-05 9.9919E-05 9.9919E-05 9.9919E-05 0.550785
0.00745976 9.98831E-05 9.98831E-05 9.98831E-05 9.98831E-05 9.98831E-05 9.98831E-05 9.98831E-05 9.98831E-05 9.98831E-05 9.98831E-05 9.98831E-05 9.98831E-05 9.98831E-05 0.991242
9.9946E-05 0.178244 0.1477 9.9946E-05 9.9946E-05 0.0425208 0.0663226 9.9946E-05 9.9946E-05 0.0233214 9.9946E-05 0.188459 0.0811983 0.032624 0.239011
0.100646 9.9928E-05 9.9928E-05 9.9928E-05 0.145709 0.417598 0.192095 9.9928E-05 9.9928E-05 0.0208947 0.00350084 9.9928E-05 9.9928E-05 9.9928E-05 0.118757
0.0724184 0.142054 0.0757959 9.9928E-05 9.9928E-05 9.9928E-05 0.0332312 9.9928E-05 9.9928E-05 0.559895 0.105245 9.9928E-05 9.9928E-05 9.9928E-05 0.0105609
9.99011E-05 0.150376 9.99011E-05 0.0245626 9.99011E-05 9.99011E-05 9.99011E-05 0.175485 9.99011E-05 0.648478 9.99011E-05 9.99011E-05 9.99011E-05 9.99011E-05 9.99011E-05
9.9928E-05 0.0472603 9.9928E-05 9.9928E-05 9.9928E-05 0.0589837 0.638799 0.000621466 9.9928E-05 0.0878185 9.9928E-05 0.0966902 9.9928E-05 0.0690273 9.9928E-05
9.991E-05 0.128071 9.991E-05 9.991E-05 9.991E-05 9.991E-05 9.991E-05 9.991E-05 0.108635 0.468802 9.991E-05 0.206966 9.991E-05 9.991E-05 0.0865258
9.993E-05 0.0750352 9.993E-05 9.993E-05 0.0477619 0.00555041 9.993E-05 0.0349421 9.993E-05 0.736668 0.0457017 0.0323165 9.993E-05 0.0213245 9.993E-05
9.9919E-05 9.9919E-05 9.9919E-05 9.9919E-05 0.00936684 9.9919E-05 0.290618 0.0813784 0.106854 0.370261 9.9919E-05 9.9919E-05 9.9919E-05 9.9919E-05 0.140623
0.131806 0.0130691 0.0959662 9.9946E-05 0.0757253 9.9946E-05 9.9946E-05 9.9946E-05 0.0536789 0.591018 0.0106461 0.0138693 9.9946E-05 9.9946E-05 0.0136214
9.98831E-05 9.98831E-05 9.98831E-05 9.98831E-05 9.98831E-05 0.0146169 9.98831E-05 9.98831E-05 9.98831E-05 0.984085 9.98831E-05 9.98831E-05 9.98831E-05 9.98831E-05 9.98831E-05
0.174423 0.064126 0.171444 9.9937E-05 0.0822276 9.9937E-05 0.19992 9.9937E-05 0.0304584 0.274102 9.9937E-05 9.9937E-05 9.9937E-05 9.9937E-05 0.002599
9.9946E-05 9.9946E-05 0.0997404 0.025068 9.9946E-05 9.9946E-05 9.9946E-05 9.9946E-05 0.181622 0.496296 0.00546328 0.035575 0.0294296 0.0315608 0.094645
0.00835984 9.9937E-05 9.9937E-05 0.0100365 0.00178956 9.9937E-05 0.32135 9.9937E-05 9.9937E-05 0.477906 0.104375 9.9937E-05 0.0733606 9.9937E-05 0.00212359
9.98831E-05 9.98831E-05 9.98831E-05 9.98831E-05 9.98831E-05 9.98831E-05 0.704998 9.98831E-05 9.98831E-05 0.293703 9.98831E-05 9.98831E-05 9.98831E-05 9.98831E-05 9.98831E-05
9.98921E-05 9.98921E-05 0.179983 9.98921E-05 9.98921E-05 9.98921E-05 0.150293 9.98921E-05 9.98921E-05 0.668525 9.98921E-05 9.98921E-05 9.98921E-05 9.98921E-05 9.98921E-05
9.9928E-05 0.274736 9.9928E-05 9.9928E-05 9.9928E-05 0.0602349 0.0300419 9.9928E-05 0.0523911 0.445251 9.9928E-05 0.0207845 9.9928E-05 0.115761 9.9928E-05
9.9928E-05 9.9928E-05 0.172633 9.9928E-05 9.9928E-05 9.9928E-05 9.9928E-05 9.9928E-05 9.9928E-05 0.595322 0.0366185 0.0292107 0.0724485 0.063557 0.0294105
9.99101E-05 9.99101E-05 9.99101E-05 9.99101E-05 9.99101E-05 0.0357537 9.99101E-05 9.99101E-05 9.99101E-05 0.637713 9.99101E-05 0.0347264 0.236947 9.99101E-05 0.0538609
0.0407037 0.49802 0.0264197 0.0284685 9.9937E-05 9.9937E-05 9.9937E-05 9.9937E-05 9.9937E-05 0.294848 9.9937E-05 0.0216207 9.9937E-05 0.0357583 0.0534614
9.9928E-05 9.9928E-05 0.204027 9.9928E-05 0.0782724 9.9928E-05 0.163168 9.9928E-05 0.368386 0.0815134 9.9928E-05 9.9928E-05 0.0895588 0.0142753 9.9928E-05
9.99101E-05 0.110084 9.99101E-05 0.00587192 9.99101E-05 9.99101E-05 9.99101E-05 9.99101E-05 0.839504 0.00620009 0.0373407 9.99101E-05 9.99101E-05 9.99101E-05 9.99101E-05
0.0768327 0.129477 0.175695 9.9955E-05 0.0075565 0.0298784 9.9955E-05 9.9955E-05 0.422823 0.0248891 9.9955E-05 0.0970496 0.027673 0.00762612 9.9955E-05
0.139842 9.9928E-05 9.9928E-05 0.025293 9.9928E-05 9.9928E-05 9.9928E-05 9.9928E-05 0.748759 0.00383155 0.0090943 0.0550421 9.9928E-05 9.9928E-05 0.0173392
0.0618396 9.9937E-05 0.0820965 0.0527447 9.9937E-05 0.000454104 0.417821 9.9937E-05 0.328965 9.9937E-05 9.9937E-05 0.0341817 9.9937E-05 9.9937E-05 0.021198
9.9937E-05 0.0644135 0.0262864 9.9937E-05 0.0145189 9.9937E-05 0.278856 9.9937E-05 0.480516 0.00767586 9.9937E-05 9.9937E-05 0.117216 9.9937E-05 0.00981682
9.99101E-05 9.99101E-05 0.057487 9.99101E-05 9.99101E-05 9.99101E-05 9.99101E-05 9.99101E-05 0.879248 0.00223562 9.99101E-05 9.99101E-05 0.019088 0.0409419 9.99101E-05
0.0412621 9.99011E-05 9.99011E-05 9.99011E-05 9.99011E-05 9.99011E-05 9.99011E-05 9.99011E-05 0.527836 9.99011E-05 0.344964 9.99011E-05 0.0848382 9.99011E-05 9.99011E-05
9.9919E-05 0.179169 9.9919E-05 0.0220982 9.9919E-05 9.9919E-05 0.134646 0.119737 0.532552 9.9919E-05 0.0108976 9.9919E-05 9.9919E-05 9.9919E-05 9.9919E-05
9.9937E-05 0.115995 9.9937E-05 9.9937E-05 0.103747 0.0388852 0.0511854 9.9937E-05 0.501945 9.9937E-05 0.0876234 0.0871827 9.9937E-05 0.0127366 9.9937E-05
0.112011 9.9928E-05 9.9928E-05 9.9928E-05 0.0329637 0.0536401 9.9928E-05 0.0417509 0.650928 9.9928E-05 9.9928E-05 9.9928E-05 0.101265 0.00664149 9.9928E-05
0.0175392 9.9937E-05 9.9937E-05 9.9937E-05 9.9937E-05 9.9937E-05 0.536524 9.9937E-05 0.0704801 9.9937E-05 0.0744892 0.00759761 0.100032 0.0146887 0.17795
9.99011E-05 9.99011E-05 9.99011E-05 9.99011E-05 9.99011E-05 0.0397302 0.784347 9.99011E-05 0.122843 9.99011E-05 9.99011E-05 9.99011E-05 0.0519811 9.99011E-05 9.99011E-05
0.0993554 9.99011E-05 9.99011E-05 9.99011E-05 0.0551903 9.99011E-05 9.99011E-05 9.99011E-05 0.822004 9.99011E-05 9.99011E-05 9.99011E-05 9.99011E-05 9.99011E-05 0.0223513
0.103107 9.9928E-05 9.9928E-05 0.0185135 0.00897567 9.9928E-05 9.9928E-05 9.9928E-05 0.748957 9.9928E-05 0.0274503 9.9928E-05 0.0734303 9.9928E-05 0.018767
0.254793 0.121784 9.9937E-05 9.9937E-05 0.0151386 0.0123697 0.112284 9.9937E-05 0.33186 0.105974 9.9937E-05 0.0450984 9.9937E-05 9.9937E-05 9.9937E-05
9.99011E-05 9.99011E-05 9.99011E-05 9.99011E-05 9.99011E-05 9.99011E-05 9.99011E-05 9.99011E-05 0.208238 9.99011E-05 0.129129 9.99011E-05 0.503991 9.99011E-05 0.157544
0.018179 9.99011E-05 9.99011E-05 9.99011E-05 9.99011E-05 9.99011E-05 9.99011E-05 9.99011E-05 9.99011E-05 9.99011E-05 9.99011E-05 0.0350949 0.886371 9.99011E-05 0.0592558
0.0539958 9.9901E-05 9.9901E-05 9.9901E-05 9.9901E-05 9.9901E-05 0.326314 9.9901E-05 9.9901E-05 9.9901E-05 0.11862 9.9901E-05 0.499971 9.9901E-05 9.9901E-05
9.9919E-05 9.9919E-05 9.9919E-05 9.9919E-05 9.9919E-05 0.0365574 9.9919E-05 9.9919E-05 0.0564069 0.0631425 0.0653787 0.0892985 0.688317 9.9919E-05 9.9919E-05
9.9919E-05 0.0437712 0.107062 9.9919E-05 0.00162574 9.9919E-05 9.9919E-05 9.9919E-05 9.9919E-05 9.9919E-05 9.9919E-05 9.9919E-05 0.780269 0.0574757 0.00889759
0.0398284 0.126026 0.064079 0.00831553 9.9937E-05 9.9937E-05 9.9937E-05 0.132152 0.147367 9.9937E-05 0.0294027 9.9937E-05 0.452129 9.9937E-05 9.9937E-05
0.0303071 0.0608748 9.9946E-05 0.0597063 0.0193614 9.9946E-05 0.083734 0.00710336 0.0341855 9.9946E-05 0.082858 9.9946E-05 0.62127 9.9946E-05 9.9946E-05
9.9919E-05 0.0721192 0.029091 9.9919E-05 0.0640862 0.0265069 9.9919E-05 9.9919E-05 9.9919E-05 9.9919E-05 9.9919E-05 9.9919E-05 0.754721 0.0525761 9.9919E-05
0.00672575 0.102046 9.99101E-05 0.00452856 9.99101E-05 9.99101E-05 9.99101E-05 9.99101E-05 9.99101E-05 9.99101E-05 0.00371888 9.99101E-05 0.881981 9.99101E-05 9.99101E-05
0.118295 0.571588 0.0783056 0.00680338 9.9937E-05 9.9937E-05 9.9937E-05 9.9937E-05 0.0962302 0.0416066 9.9937E-05 9.9937E-05 0.0777817 9.9937E-05 0.00869086
9.98831E-05 0.985148 9.98831E-05 9.98831E-05 0.0135539 9.98831E-05 9.98831E-05 9.98831E-05 9.98831E-05 9.98831E-05 9.98831E-05 9.98831E-05 9.98831E-05 9.98831E-05 9.98831E-05
0.073061 0.762852 9.98921E-05 9.98921E-05 9.98921E-05 9.98921E-05 9.98921E-05 9.98921E-05 9.98921E-05 9.98921E-05 9.98921E-05 9.98921E-05 0.162888 9.98921E-05 9.98921E-05
9.99281E-05 0.842192 9.99281E-05 9.99281E-05 9.99281E-05 0.00978783 0.0386341 9.99281E-05 9.99281E-05 0.0108274 0.0914855 0.00518206 9.99281E-05 0.00109212 9.99281E-05
9.99101E-05 0.660209 9.99101E-05 9.99101E-05 9.99101E-05 9.99101E-05 9.99101E-05 9.99101E-05 9.99101E-05 0.0205552 9.99101E-05 0.0761934 0.0928776 0.149166 9.99101E-05
9.9937E-05 0.402906 9.9937E-05 0.0020128 9.9937E-05 0.124081 9.9937E-05 9.9937E-05 0.0704052 0.286409 9.9937E-05 0.0696015 9.9937E-05 0.0396842 0.00420067
9.9946E-05 0.596967 0.0274564 9.9946E-05 0.0199521 0.00582353 0.0828943 0.00627317 9.9946E-05 0.12788 9.9946E-05 0.00819273 0.123961 9.9946E-05 9.9946E-05
9.9919E-05 0.692624 0.0805464 0.0200422 0.081932 9.9919E-05 9.9919E-05 0.116445 9.9919E-05 9.9919E-05 9.9919E-05 9.9919E-05 9.9919E-05 0.00751028 9.9919E-05
9.99101E-05 0.706129 9.99101E-05 9.99101E-05 9.99101E-05 0.00908356 9.99101E-05 9.99101E-05 0.0839225 0.0287567 9.99101E-05 9.99101E-05 9.99101E-05 9.99101E-05 0.171109
0.0682541 0.5785 9.994E-05 0.0280901 9.994E-05 0.00274872 0.180366 9.994E-05 9.994E-05 9.994E-05 9.994E-05 0.0411411 0.0323844 0.0502857 0.01763
0.105436 0.507949 9.9928E-05 9.9928E-05 9.9928E-05 0.0724396 0.207679 9.9928E-05 9.9928E-05 9.9928E-05 9.9928E-05 0.0286762 0.0593189 0.0177019 9.9928E-05
0.0709869 0.473382 0.0626627 0.0260512 0.0711105 0.0303214 0.0637548 0.0403956 9.9955E-05 0.0118461 9.9955E-05 9.9955E-05 9.9955E-05 0.148989 9.9955E-05
0.00340193 0.523519 0.0287398 9.9955E-05 0.0193719 9.9955E-05 0.182287 9.9955E-05 9.9955E-05 9.9955E-05 0.0452979 0.00361157 0.0561241 0.065171 0.0719767
9.9919E-05 0.478727 9.9919E-05 9.9919E-05 9.9919E-05 9.9919E-05 0.386749 0.00199485 0.0390767 9.9919E-05 0.0659029 9.9919E-05 9.9919E-05 0.026651 9.9919E-05
9.9955E-05 0.374682 0.0487773 0.0106892 9.9955E-05 9.9955E-05 0.0124975 0.0255173 0.303663 9.9955E-05 0.0881845 9.9955E-05 0.0208247 0.0867087 0.0279553
9.9928E-05 0.428346 9.9928E-05 0.0204806 9.9928E-05 9.9928E-05 0.0864418 9.9928E-05 9.9928E-05 0.110054 0.221531 9.9928E-05 0.130975 0.00137189 9.9928E-05
9.9928E-05 0.728915 0.112525 0.0200757 0.0326622 9.9928E-05 9.9928E-05 9.9928E-05 0.0137914 9.9928E-05 9.9928E-05 0.0358351 0.055396 9.9928E-05 9.9928E-05
9.9928E-05 0.565644 9.9928E-05 0.0126241 0.0604454 9.9928E-05 0.0105133 9.9928E-05 0.0684736 9.9928E-05 0.230826 9.9928E-05 0.0506746 9.9928E-05 9.9928E-05
9.99011E-05 0.680466 9.99011E-05 9.99011E-05 9.99011E-05 9.99011E-05 0.0687491 9.99011E-05 9.99011E-05 9.99011E-05 0.170381 9.99011E-05 9.99011E-05 9.99011E-05 0.079305
0.0806281 9.9937E-05 0.0523746 9.9937E-05 9.9937E-05 9.9937E-05 0.253582 0.135528 0.229285 0.00907798 0.21108 9.9937E-05 9.9937E-05 9.9937E-05 0.0277451
0.300497 0.126414 9.9928E-05 0.0225031 9.9928E-05 9.9928E-05 0.386225 0.0511612 9.9928E-05 9.9928E-05 9.9928E-05 9.9928E-05 0.0960291 9.9928E-05 0.0163719
0.212348 0.0934965 0.0225639 0.0139274 9.9946E-05 9.9946E-05 0.338136 9.9946E-05 0.191683 9.9946E-05 0.0365966 9.9946E-05 9.9946E-05 0.0655148 0.0251335
0.207956 0.00360818 0.0856211 0.0121709 9.991E-05 9.991E-05 0.689644 9.991E-05 9.991E-05 9.991E-05 9.991E-05 9.991E-05 9.991E-05 9.991E-05 9.991E-05
0.200726 9.98921E-05 9.98921E-05 9.98921E-05 9.98921E-05 9.98921E-05 9.98921E-05 0.0140857 9.98921E-05 9.98921E-05 0.783989 9.98921E-05 9.98921E-05 9.98921E-05 9.98921E-05
0.123219 0.0386333 0.0434969 9.9919E-05 9.9919E-05 0.0034261 9.9919E-05 9.9919E-05 9.9919E-05 0.0497102 0.740615 9.9919E-05 9.9919E-05 9.9919E-05 9.9919E-05
0.115705 9.99011E-05 9.99011E-05 9.99011E-05 9.99011E-05 9.99011E-05 9.99011E-05 0.284305 9.99011E-05 9.99011E-05 0.590099 9.99011E-05 9.99011E-05 0.00879229 9.99011E-05
9.9946E-05 9.9946E-05 9.9946E-05 0.0328399 0.102144 9.9946E-05 0.030469 0.393219 0.0398855 0.0369461 0.209507 9.9946E-05 9.9946E-05 0.118624 0.035765
0.0251331 9.9919E-05 9.9919E-05 0.0125306 9.9919E-05 9.9919E-05 0.0319266 9.9919E-05 0.124824 9.9919E-05 0.720366 9.9919E-05 0.0843199 9.9919E-05 9.9919E-05
0.0945578 9.99101E-05 9.99101E-05 0.00529958 9.99101E-05 9.99101E-05 9.99101E-05 9.99101E-05 9.99101E-05 9.99101E-05 0.727468 9.99101E-05 9.99101E-05 0.124164 0.047512
9.9946E-05 9.9946E-05 0.0470611 9.9946E-05 0.0728954 0.0105112 9.9946E-05 0.178031 9.9946E-05 0.000644799 0.301209 0.109456 0.0719911 0.2076 9.9946E-05
0.116924 0.012404 0.00754034 0.00288209 9.9946E-05 9.9946E-05 0.278182 0.211588 0.0159952 9.9946E-05 0.285542 9.9946E-05 9.9946E-05 0.0683428 9.9946E-05
0.029735 9.9946E-05 9.9946E-05 9.9946E-05 0.041639 0.0214379 0.0299166 0.253739 0.0149404 0.040204 0.543497 9.9946E-05 9.9946E-05 9.9946E-05 0.0242915
0.377768 9.9937E-05 0.0665544 0.00124223 0.00779654 9.9937E-05 0.116458 9.9937E-05 9.9937E-05 9.9937E-05 0.244623 9.9937E-05 9.9937E-05 0.134465 0.0503929
0.0921723 9.99101E-05 9.99101E-05 9.99101E-05 0.0113172 9.99101E-05 9.99101E-05 0.019445 9.99101E-05 9.99101E-05 0.875882 9.99101E-05 9.99101E-05 0.000184051 9.99101E-05
0.196588 0.0502693 0.0522618 0.0196888 9.9973E-05 0.020052 0.0270882 0.378732 0.0224063 9.9973E-05 0.123512 0.0415168 0.0147292 0.052856 9.9973E-05
0.204109 9.9919E-05 9.9919E-05 9.9919E-05 0.0514415 9.9919E-05 9.9919E-05 9.9919E-05 0.0171364 0.00342796 0.718952 9.9919E-05 9.9919E-05 0.00403301 9.9919E-05
0.0475895 0.0317113 9.9964E-05 0.0178619 0.0679237 0.0149786 0.0834208 0.456947 0.0537202 0.00400065 0.0730542 9.9964E-05 9.9964E-05 0.148392 9.9964E-05
9.98741E-05 9.98741E-05 9.98741E-05 9.98741E-05 0.998602 9.98741E-05 9.98741E-05 9.98741E-05 9.98741E-05 9.98741E-05 9.98741E-05 9.98741E-05 9.98741E-05 9.98741E-05 9.98741E-05
0.122213 0.0164785 9.9928E-05 0.0427758 9.9928E-05 0.0516849 9.9928E-05 0.488865 9.9928E-05 0.0754051 0.201778 9.9928E-05 9.9928E-05 9.9928E-05 9.9928E-05
0.152144 9.9928E-05 9.9928E-05 0.0414227 0.0863852 9.9928E-05 9.9928E-05 0.542284 9.9928E-05 0.0323796 0.0418452 9.9928E-05 9.9928E-05 9.9928E-05 0.10274
9.98741E-05 9.98741E-05 9.98741E-05 9.98741E-05 0.998602 9.98741E-05 9.98741E-05 9.98741E-05 9.98741E-05 9.98741E-05 9.98741E-05 9.98741E-05 9.98741E-05 9.98741E-05 9.98741E-05
0.230188 9.99011E-05 9.99011E-05 9.99011E-05 9.99011E-05 9.99011E-05 9.99011E-05 0.515452 9.99011E-05 9.99011E-05 0.094622 9.99011E-05 9.99011E-05 0.158639 9.99011E-05
9.99011E-05 0.0196424 9.99011E-05 9.99011E-05 9.99011E-05 9.99011E-05 0.185252 0.463963 9.99011E-05 9.99011E-05 0.330044 9.99011E-05 9.99011E-05 9.99011E-05 9.99011E-05
0.169055 9.9946E-05 9.9946E-05 9.9946E-05 0.219684 9.9946E-05 9.9946E-05 0.220446 0.0459848 0.0490297 0.228826 0.00451968 9.9946E-05 0.0325414 0.0293141
0.150671 9.9928E-05 9.9928E-05 0.0153728 0.0256615 9.9928E-05 0.0875853 0.68086 9.9928E-05 9.9928E-05 9.9928E-05 9.9928E-05 0.0107365 0.0283138 9.9928E-05
9.99101E-05 9.99101E-05 9.99101E-05 9.99101E-05 0.0176656 9.99101E-05 0.0128842 0.906611 9.99101E-05 0.0185105 9.99101E-05 0.0433295 9.99101E-05 9.99101E-05 9.99101E-05
0.363332 9.99191E-05 9.99191E-05 9.99191E-05 0.0417133 9.99191E-05 0.189829 0.377406 9.99191E-05 0.00975574 9.99191E-05 0.0170641 9.99191E-05 9.99191E-05 9.99191E-05
0.104633 9.9919E-05 0.0400349 9.9919E-05 0.137335 9.9919E-05 0.117354 0.575046 9.9919E-05 9.9919E-05 9.9919E-05 9.9919E-05 0.0246979 9.9919E-05 9.9919E-05
9.9919E-05 0.012466 9.9919E-05 9.9919E-05 0.0509118 0.00600909 9.9919E-05 0.850424 9.9919E-05 9.9919E-05 0.0280167 9.9919E-05 9.9919E-05 0.0512734 9.9919E-05
0.110163 0.0130792 0.0118617 0.0442839 9.99191E-05 0.022482 9.99191E-05 0.797231 9.99191E-05 9.99191E-05 9.99191E-05 9.99191E-05 9.99191E-05 9.99191E-05 9.99191E-05
0.0205909 9.9928E-05 9.9928E-05 9.9928E-05 0.0480387 9.9928E-05 0.148205 0.657125 0.0592644 9.9928E-05 0.0321605 9.9928E-05 9.9928E-05 9.9928E-05 0.0338158
0.244625 0.0155961 9.99011E-05 9.99011E-05 0.00621873 9.99011E-05 9.99011E-05 0.732462 9.99011E-05 9.99011E-05 9.99011E-05 9.99011E-05 9.99011E-05 9.99011E-05 9.99011E-05
9.98921E-05 0.0062288 9.98921E-05 9.98921E-05 9.98921E-05 9.98921E-05 9.98921E-05 0.970403 9.98921E-05 9.98921E-05 9.98921E-05 9.98921E-05 0.0221697 9.98921E-05 9.98921E-05
9.9928E-05 0.0865614 0.061716 0.0897993 0.104013 9.9928E-05 9.9928E-05 0.549444 9.9928E-05 9.9928E-05 0.0727611 9.9928E-05 9.9928E-05 9.9928E-05 0.0349054
0.142226 9.99101E-05 9.99101E-05 0.0375569 0.00258554 9.99101E-05 9.99101E-05 0.775669 0.0409632 9.99101E-05 9.99101E-05 9.99101E-05 9.99101E-05 9.99101E-05 9.99101E-05
0.327546 9.99191E-05 9.99191E-05 9.99191E-05 0.038828 9.99191E-05 9.99191E-05 0.541578 9.99191E-05 0.0165476 0.0573302 9.99191E-05 0.0172705 9.99191E-05 9.99191E-05
0.158362 9.9919E-05 9.9919E-05 0.0219258 0.0419794 9.9919E-05 0.0685416 0.649367 9.9919E-05 0.0589258 9.9919E-05 9.9919E-05 9.9919E-05 9.9919E-05 9.9919E-05
9.98921E-05 9.98921E-05 0.0336952 9.98921E-05 0.0685056 9.98921E-05 9.98921E-05 0.896601 9.98921E-05 9.98921E-05 9.98921E-05 9.98921E-05 9.98921E-05 9.98921E-05 9.98921E-05
0.153734 9.9955E-05 0.0333045 9.9955E-05 9.9955E-05 0.0237316 9.9955E-05 0.566992 0.0319745 0.0248534 0.0654546 0.0268123 9.9955E-05 0.0663543 0.00628849
0.0436274 0.0464135 9.99101E-05 9.99101E-05 0.047225 9.99101E-05 9.99101E-05 0.855047 9.99101E-05 9.99101E-05 9.99101E-05 9.99101E-05 9.99101E-05 9.99101E-05 0.00668813
0.0430946 9.9928E-05 9.9928E-05 9.9928E-05 0.0518287 0.00572265 0.0274259 0.693444 9.9928E-05 9.9928E-05 0.0569336 9.9928E-05 9.9928E-05 0.120751 9.9928E-05
9.99011E-05 9.99011E-05 9.99011E-05 9.99011E-05 9.99011E-05 0.0203007 9.99011E-05 0.590161 9.99011E-05 0.0862581 0.302181 9.99011E-05 9.99011E-05 9.99011E-05 9.99011E-05
0.198048 9.9919E-05 0.00175024 9.9919E-05 0.09111 9.9919E-05 0.112384 0.566313 9.9919E-05 0.0294958 9.9919E-05 9.9919E-05 9.9919E-05 9.9919E-05 9.9919E-05
9.99101E-05 9.99101E-05 9.99101E-05 9.99101E-05 9.99101E-05 0.0148841 9.99101E-05 0.784359 9.99101E-05 9.99101E-05 0.130201 0.066736 9.99101E-05 0.00282065 9.99101E-05
0.272599 9.9928E-05 9.9928E-05 0.0234466 0.00660223 9.9928E-05 9.9928E-05 0.5243 0.000297755 0.0432921 0.128663 9.9928E-05 9.9928E-05 9.9928E-05 9.9928E-05
0.147951 9.9928E-05 9.9928E-05 0.00190029 9.9928E-05 0.0310081 9.9928E-05 0.602635 9.9928E-05 0.00661145 0.137117 0.0719782 9.9928E-05 9.9928E-05 9.9928E-05
9.99011E-05 0.052906 9.99011E-05 9.99011E-05 9.99011E-05 9.99011E-05 0.0825338 0.803438 9.99011E-05 9.99011E-05 9.99011E-05 9.99011E-05 9.99011E-05 9.99011E-05 0.0600233
0.156517 9.9937E-05 9.9937E-05 0.010855 9.9937E-05 9.9937E-05 9.9937E-05 0.581891 9.9937E-05 0.00374065 0.0926871 0.0585957 9.9937E-05 0.0243978 0.0706157
0.224107 0.0548952 0.0401498 9.9946E-05 9.9946E-05 0.0240543 9.9946E-05 0.349177 0.0513836 0.00935405 0.173531 9.9946E-05 9.9946E-05 9.9946E-05 0.0727476
0.24755 0.0199596 9.9946E-05 0.0254304 0.0338958 0.0473356 9.9946E-05 0.350754 0.0251772 9.9946E-05 0.206702 0.042595 9.9946E-05 9.9946E-05 9.9946E-05
0.0536448 9.99281E-05 9.99281E-05 0.0261516 0.0688021 9.99281E-05 9.99281E-05 0.471598 9.99281E-05 9.99281E-05 0.146048 9.99281E-05 0.0364526 0.196504 9.99281E-05
0.415528 0.000757901 9.9955E-05 0.0388456 0.0171119 0.00784048 9.9955E-05 0.309832 9.9955E-05 0.0198404 0.130443 9.9955E-05 0.0298219 0.029478 9.9955E-05
9.9928E-05 9.9928E-05 9.9928E-05 0.00613108 0.0197107 9.9928E-05 0.169385 0.710514 0.0436272 9.9928E-05 0.0223284 9.9928E-05 9.9928E-05 9.9928E-05 0.0275032
0.369776 9.9928E-05 9.9928E-05 0.0148649 9.9928E-05 0.00179911 9.9928E-05 0.342752 9.9928E-05 9.9928E-05 0.162684 0.070472 9.9928E-05 9.9928E-05 0.036853
0.215891 9.99101E-05 9.99101E-05 9.99101E-05 9.99101E-05 9.99101E-05 0.057082 0.525659 9.99101E-05 9.99101E-05 0.0721985 9.99101E-05 9.99101E-05 0.12817 9.99101E-05
0.207712 0.0168686 0.0124904 0.137211 0.0457947 9.9937E-05 0.0378475 0.493664 9.9937E-05 9.9937E-05 9.9937E-05 9.9937E-05 9.9937E-05 9.9937E-05 0.0477128
0.149254 0.0522077 0.0101875 0.0134316 9.9937E-05 9.9937E-05 0.0462641 0.630093 9.9937E-05 9.9937E-05 9.9937E-05 0.0956582 0.00220415 9.9937E-05 9.9937E-05
0.627331 9.9937E-05 0.0161068 0.00337132 0.0578334 9.9937E-05 9.9937E-05 0.188251 9.9937E-05 9.9937E-05 9.9937E-05 9.9937E-05 0.0345253 0.0365808 0.0353012
0.35032 9.9937E-05 0.00418857 0.0866945 9.9937E-05 9.9937E-05 9.9937E-05 0.425602 0.0039766 9.9937E-05 0.070398 9.9937E-05 0.0463246 0.0117962 9.9937E-05
0.498443 9.99101E-05 0.0378024 0.0300052 0.0553004 9.99101E-05 9.99101E-05 0.37745 9.99101E-05 9.99101E-05 9.99101E-05 9.99101E-05 9.99101E-05 9.99101E-05 9.99101E-05
0.573747 9.99191E-05 0.0594978 0.00677342 0.124477 9.99191E-05 0.0667935 0.167812 9.99191E-05 9.99191E-05 9.99191E-05 9.99191E-05 9.99191E-05 9.99191E-05 9.99191E-05
0.292643 9.9946E-05 0.0153998 0.103336 9.9946E-05 9.9946E-05 9.9946E-05 0.473534 0.00677379 9.9946E-05 0.0482333 0.00762477 0.0417859 0.0100703 9.9946E-05
0.356767 9.99101E-05 0.0504979 0.0140807 0.0739709 9.99101E-05 9.99101E-05 0.503685 9.99101E-05 9.99101E-05 9.99101E-05 9.99101E-05 9.99101E-05 9.99101E-05 9.99101E-05
0.401669 9.99101E-05 0.0207219 0.0340699 9.99101E-05 9.99101E-05 9.99101E-05 0.497807 9.99101E-05 9.99101E-05 9.99101E-05 9.99101E-05 0.0447331 9.99101E-05 9.99101E-05
0.463733 0.0120031 0.0045957 9.99101E-05 0.0923068 9.99101E-05 9.99101E-05 0.426362 9.99101E-05 9.99101E-05 9.99101E-05 9.99101E-05 9.99101E-05 9.99101E-05 9.99101E-05
0.592844 9.9946E-05 9.9946E-05 0.0805686 9.9946E-05 9.9946E-05 0.0246535 0.0691692 9.9946E-05 0.0798913 0.0626403 9.9946E-05 0.0033769 0.0266254 0.0596313
0.259585 0.121299 9.9955E-05 0.0158488 9.9955E-05 9.9955E-05 0.0380067 0.140345 9.9955E-05 0.0497857 0.189779 0.0275418 9.9955E-05 0.0431778 0.114132
0.624005 0.0576895 9.9919E-05 0.0152222 9.9919E-05 9.9919E-05 9.9919E-05 0.212704 9.9919E-05 9.9919E-05 9.9919E-05 9.9919E-05 0.0809077 9.9919E-05 0.00857193
0.544068 0.093591 0.0624716 9.9928E-05 9.9928E-05 9.9928E-05 9.9928E-05 0.020186 9.9928E-05 0.0570728 9.9928E-05 9.9928E-05 0.104601 0.11721 9.9928E-05
0.552538 0.107649 9.9937E-05 0.032125 0.0732314 9.9937E-05 9.9937E-05 0.204919 9.9937E-05 9.9937E-05 9.9937E-05 9.9937E-05 0.00833223 0.0116282 0.00887742
0.538743 0.0454306 9.99191E-05 9.99191E-05 0.133413 9.99191E-05 9.99191E-05 0.255723 9.99191E-05 9.99191E-05 0.0137218 9.99191E-05 0.0120694 9.99191E-05 9.99191E-05
0.561886 9.99101E-05 9.99101E-05 0.0497182 0.0323373 9.99101E-05 9.99101E-05 0.319353 9.99101E-05 9.99101E-05 9.99101E-05 9.99101E-05 9.99101E-05 9.99101E-05 0.0357063
0.512052 9.99101E-05 9.99101E-05 9.99101E-05 0.068324 9.99101E-05 0.0317258 0.289287 9.99101E-05 9.99101E-05 0.0976126 9.99101E-05 9.99101E-05 9.99101E-05 9.99101E-05
0.731255 0.00601784 9.99191E-05 9.99191E-05 9.99191E-05 0.00102707 9.99191E-05 0.167578 0.0299199 9.99191E-05 0.0633026 9.99191E-05 9.99191E-05 9.99191E-05 9.99191E-05
0.909148 9.99011E-05 0.00690517 9.99011E-05 9.99011E-05 9.99011E-05 9.99011E-05 9.99011E-05 9.99011E-05 9.99011E-05 0.0689532 9.99011E-05 0.0138944 9.99011E-05 9.99011E-05
0.650442 9.9928E-05 0.0337696 0.0210735 9.9928E-05 9.9928E-05 0.0619115 0.202364 9.9928E-05 9.9928E-05 9.9928E-05 9.9928E-05 0.013875 9.9928E-05 0.0157648
0.648537 0.00509654 9.99101E-05 0.051079 0.0327502 9.99101E-05 9.99101E-05 0.261538 9.99101E-05 9.99101E-05 9.99101E-05 9.99101E-05 9.99101E-05 9.99101E-05 9.99101E-05
0.442891 9.9937E-05 0.0225366 0.101982 9.9937E-05 9.9937E-05 0.143173 0.115684 9.9937E-05 9.9937E-05 0.090768 9.9937E-05 0.0430361 0.0392289 9.9937E-05
0.49446 0.0491554 0.0380737 0.0180044 0.0110562 9.9937E-05 0.0610372 0.272304 9.9937E-05 9.9937E-05 9.9937E-05 9.9937E-05 9.9937E-05 0.0552093 9.9937E-05
0.602963 9.99101E-05 9.99101E-05 0.0132647 9.99101E-05 9.99101E-05 9.99101E-05 0.20381 9.99101E-05 9.99101E-05 0.0933275 9.99101E-05 9.99101E-05 9.99101E-05 0.0856351
0.927641 9.99191E-05 9.99191E-05 0.00121411 9.99191E-05 0.0267656 9.99191E-05 9.99191E-05 0.0137897 0.0201249 9.99191E-05 0.0095655 9.99191E-05 9.99191E-05 9.99191E-05
0.530126 9.9937E-05 9.9937E-05 9.9937E-05 0.00602039 9.9937E-05 0.0283189 0.238722 0.0559741 9.9937E-05 0.0967978 9.9937E-05 9.9937E-05 0.0346926 0.00864929
0.422336 9.9946E-05 9.9946E-05 0.00921999 9.9946E-05 9.9946E-05 0.0911052 0.328439 9.9946E-05 0.00313541 0.0518776 0.0247293 9.9946E-05 0.0622029 0.00635525
0.668371 9.9946E-05 0.0279527 9.9946E-05 0.00265098 9.9946E-05 0.0456017 0.045994 0.0206356 9.9946E-05 0.161116 9.9946E-05 0.0032498 9.9946E-05 0.0238291
0.710985 9.9928E-05 0.00176001 0.0419021 0.108006 9.9928E-05 9.9928E-05 0.108031 9.9928E-05 9.9928E-05 0.00524137 9.9928E-05 0.0232753 9.9928E-05 9.9928E-05
0.552707 9.9928E-05 9.9928E-05 0.0304015 9.9928E-05 0.0634523 0.0016395 0.296162 9.9928E-05 9.9928E-05 9.9928E-05 0.0306768 9.9928E-05 0.0241617 9.9928E-05
0.693922 0.0682085 9.99101E-05 0.0664192 9.99101E-05 0.0174741 9.99101E-05 0.152977 9.99101E-05 9.99101E-05 9.99101E-05 9.99101E-05 9.99101E-05 9.99101E-05 9.99101E-05
0.721939 0.0026642 0.015215 0.0278799 9.9937E-05 9.9937E-05 0.0282429 0.160112 0.0224895 9.9937E-05 9.9937E-05 9.9937E-05 9.9937E-05 0.0207582 9.9937E-05
0.998602 9.98742E-05 9.98742E-05 9.98742E-05 9.98742E-05 9.98742E-05 9.98742E-05 9.98742E-05 9.98742E-05 9.98742E-05 9.98742E-05 9.98742E-05 9.98742E-05 9.98742E-05 9.98742E-05
0.829227 9.99011E-05 9.99011E-05 9.99011E-05 9.99011E-05 9.99011E-05 0.0167108 9.99011E-05 9.99011E-05 9.99011E-05 0.135916 9.99011E-05 9.99011E-05 0.0170472 9.99011E-05
0.998602 9.98742E-05 9.98742E-05 9.98742E-05 9.98742E-05 9.98742E-05 9.98742E-05 9.98742E-05 9.98742E-05 9.98742E-05 9.98742E-05 9.98742E-05 9.98742E-05 9.98742E-05 9.98742E-05
0.998602 9.98742E-05 9.98742E-05 9.98742E-05 9.98742E-05 9.98742E-05 9.98742E-05 9.98742E-05 9.98742E-05 9.98742E-05 9.98742E-05 9.98742E-05 9.98742E-05 9.98742E-05 9.98742E-05
0.98578 9.98832E-05 9.98832E-05 9.98832E-05 9.98832E-05 9.98832E-05 0.0129215 9.98832E-05 9.98832E-05 9.98832E-05 9.98832E-05 9.98832E-05 9.98832E-05 9.98832E-05 9.98832E-05
0.978643 9.98832E-05 9.98832E-05 9.98832E-05 9.98832E-05 9.98832E-05 9.98832E-05 9.98832E-05 9.98832E-05 0.0200582 9.98832E-05 9.98832E-05 9.98832E-05 9.98832E-05 9.98832E-05
0.93812 9.99011E-05 9.99011E-05 0.00522739 0.0445947 9.99011E-05 9.99011E-05 9.99011E-05 9.99011E-05 9.99011E-05 0.0109594 9.99011E-05 9.99011E-05 9.99011E-05 9.99011E-05
0.972765 9.99011E-05 9.99011E-05 9.99011E-05 9.99011E-05 9.99011E-05 9.99011E-05 9.99011E-05 9.99011E-05 0.00775164 9.99011E-05 9.99011E-05 0.0123986 9.99011E-05 0.00598539
0.880335 9.99101E-05 9.99101E-05 0.0167758 0.0483176 9.99101E-05 9.99101E-05 9.99101E-05 0.0326139 9.99101E-05 9.99101E-05 0.0209588 9.99101E-05 9.99101E-05 9.99101E-05
0.998602 9.98742E-05 9.98742E-05 9.98742E-05 9.98742E-05 9.98742E-05 9.98742E-05 9.98742E-05 9.98742E-05 9.98742E-05 9.98742E-05 9.98742E-05 9.98742E-05 9.98742E-05 9.98742E-05
0.885501 9.99011E-05 9.99011E-05 9.99011E-05 0.0450171 9.99011E-05 9.99011E-05 9.99011E-05 9.99011E-05 9.99011E-05 9.99011E-05 9.99011E-05 0.0204016 0.0479818 9.99011E-05
0.972289 9.98921E-05 9.98921E-05 9.98921E-05 9.98921E-05 9.98921E-05 9.98921E-05 9.98921E-05 9.98921E-05 9.98921E-05 0.00970456 9.98921E-05 9.98921E-05 9.98921E-05 0.0168079
0.871187 9.99011E-05 9.99011E-05 0.0202106 0.0262039 9.99011E-05 9.99011E-05 0.0812992 9.99011E-05 9.99011E-05 9.99011E-05 9.99011E-05 9.99011E-05 9.99011E-05 9.99011E-05
0.971731 9.98831E-05 9.98831E-05 9.98831E-05 9.98831E-05 9.98831E-05 0.0269707 9.98831E-05 9.98831E-05 9.98831E-05 9.98831E-05 9.98831E-05 9.98831E-05 9.98831E-05 9.98831E-05
0.943661 9.9928E-05 9.9928E-05 0.0097303 0.024138 9.9928E-05 0.00463563 0.00149758 9.9928E-05 9.9928E-05 0.0143613 9.9928E-05 9.9928E-05 0.0011767 9.9928E-05
0.909095 9.98922E-05 9.98922E-05 0.0115974 9.98922E-05 9.98922E-05 9.98922E-05 0.0781085 9.98922E-05 9.98922E-05 9.98922E-05 9.98922E-05 9.98922E-05 9.98922E-05 9.98922E-05
0.933296 9.98921E-05 0.00425061 9.98921E-05 9.98921E-05 9.98921E-05 9.98921E-05 9.98921E-05 9.98921E-05 9.98921E-05 9.98921E-05 0.0612543 9.98921E-05 9.98921E-05 9.98921E-05
0.849452 9.9919E-05 9.9919E-05 0.0144103 0.0222237 9.9919E-05 9.9919E-05 0.0598396 0.018882 9.9919E-05 0.0342935 9.9919E-05 9.9919E-05 9.9919E-05 9.9919E-05
0.888074 9.99011E-05 9.99011E-05 9.99011E-05 0.00294506 9.99011E-05 9.99011E-05 0.103686 9.99011E-05 9.99011E-05 9.99011E-05 0.00419519 9.99011E-05 9.99011E-05 9.99011E-05
0.946406 9.99101E-05 9.99101E-05 0.00876195 0.00792104 9.99101E-05 9.99101E-05 9.99101E-05 9.99101E-05 0.00844072 9.99101E-05 9.99101E-05 0.0274712 9.99101E-05 9.99101E-05
0.833369 0.0163763 9.99191E-05 9.99191E-05 0.0617333 0.0138107 9.99191E-05 0.0192125 0.0545992 9.99191E-05 9.99191E-05 9.99191E-05 9.99191E-05 9.99191E-05 9.99191E-05
0.786467 9.9955E-05 0.00292231 0.00409299 0.0540999 9.9955E-05 9.9955E-05 0.113025 0.00271976 9.9955E-05 9.9955E-05 0.006202 0.000232254 0.0236268 0.00611215
0.891404 9.99191E-05 9.99191E-05 9.99191E-05 9.99191E-05 0.003209 9.99191E-05 0.0190877 0.00579188 9.99191E-05 9.99191E-05 0.0243142 0.0552943 9.99191E-05 9.99191E-05
0.896123 0.0601785 9.99011E-05 9.99011E-05 9.99011E-05 0.0125354 0.0300636 9.99011E-05 9.99011E-05 9.99011E-05 9.99011E-05 9.99011E-05 9.99011E-05 9.99011E-05 9.99011E-05
0.973754 9.98921E-05 9.98921E-05 0.00254356 0.0225041 9.98921E-05 9.98921E-05 9.98921E-05 9.98921E-05 9.98921E-05 9.98921E-05 9.98921E-05 9.98921E-05 9.98921E-05 9.98921E-05
0.906392 9.99101E-05 9.99101E-05 0.0247707 9.99101E-05 9.99101E-05 0.0171088 9.99101E-05 0.0205389 9.99101E-05 9.99101E-05 9.99101E-05 0.0301905 9.99101E-05 9.99101E-05
0.943588 9.99011E-05 9.99011E-05 0.0119085 9.99011E-05 9.99011E-05 9.99011E-05 9.99011E-05 9.99011E-05 9.99011E-05 0.0380218 9.99011E-05 9.99011E-05 0.00538236 9.99011E-05
0.967268 9.98921E-05 9.98921E-05 9.98921E-05 9.98921E-05 9.98921E-05 9.98921E-05 9.98921E-05 9.98921E-05 9.98921E-05 9.98921E-05 9.98921E-05 0.0126007 0.0189324 9.98921E-05
0.770201 9.9937E-05 9.9937E-05 0.0309648 0.0180248 9.9937E-05 9.9937E-05 0.0381928 0.037151 0.00433901 0.0641214 9.9937E-05 0.036306 9.9937E-05 9.9937E-05
0.550179 9.99101E-05 9.99101E-05 9.99101E-05 9.99101E-05 9.99101E-05 9.99101E-05 0.209177 0.0832616 9.99101E-05 9.99101E-05 0.147011 9.99101E-05 0.00937193 9.99101E-05
0.885516 0.0612757 9.99101E-05 9.99101E-05 0.0265249 0.000815871 9.99101E-05 9.99101E-05 9.99101E-05 9.99101E-05 9.99101E-05 9.99101E-05 9.99101E-05 9.99101E-05 0.0248681
0.651064 9.99191E-05 9.99191E-05 0.00983666 9.99191E-05 0.0131646 9.99191E-05 0.16613 0.000950919 9.99191E-05 9.99191E-05 0.157955 9.99191E-05 9.99191E-05 9.99191E-05
0.772688 9.9928E-05 0.0108554 0.0879806 0.0685278 0.00324588 9.9928E-05 9.9928E-05 0.0193786 9.9928E-05 0.0365238 9.9928E-05 9.9928E-05 9.9928E-05 9.9928E-05
0.414191 0.0660246 9.993E-05 9.993E-05 9.993E-05 9.993E-05 0.0480165 0.329665 9.993E-05 9.993E-05 0.0660334 0.0514737 9.993E-05 0.00113396 0.0227625
0.481812 0.0808563 0.0275621 0.147457 9.9946E-05 9.9946E-05 9.9946E-05 0.0231922 0.012674 9.9946E-05 0.191265 0.00576163 9.9946E-05 0.0288206 9.9946E-05
0.214427 9.9946E-05 0.000219023 0.674504 0.0121234 0.00143363 0.0026351 0.0154823 0.073021 0.00555564 9.9946E-05 9.9946E-05 9.9946E-05 9.9946E-05 9.9946E-05
9.98741E-05 9.98741E-05 9.98741E-05 0.998602 9.98741E-05 9.98741E-05 9.98741E-05 9.98741E-05 9.98741E-05 9.98741E-05 9.98741E-05 9.98741E-05 9.98741E-05 9.98741E-05 9.98741E-05
0.277021 9.9928E-05 9.9928E-05 0.425877 9.9928E-05 0.00981863 0.0344938 0.109281 9.9928E-05 9.9928E-05 0.12645 0.016259 9.9928E-05 9.9928E-05 9.9928E-05
0.874306 9.99101E-05 9.99101E-05 9.99101E-05 0.0133221 0.0536635 0.0346243 9.99101E-05 9.99101E-05 9.99101E-05 9.99101E-05 0.0230846 9.99101E-05 9.99101E-05 9.99101E-05
0.582953 9.99441E-05 9.99441E-05 0.136167 9.99441E-05 0.0285688 0.0182257 0.00590819 9.99441E-05 9.99441E-05 0.111336 9.99441E-05 9.99441E-05 0.0836343 0.0325069
0.790133 9.9946E-05 0.028195 0.0182069 0.019659 0.00465787 0.0136638 0.035134 9.9946E-05 9.9946E-05 0.0521597 9.9946E-05 9.9946E-05 0.0375914 9.9946E-05
0.785019 9.99191E-05 9.99191E-05 0.0279978 9.99191E-05 0.00214002 0.0117702 0.147327 9.99191E-05 0.0248469 9.99191E-05 9.99191E-05 9.99191E-05 9.99191E-05 9.99191E-05
0.517097 0.0138447 9.9946E-05 0.106102 9.9946E-05 9.9946E-05 0.00568816 9.9946E-05 9.9946E-05 0.117192 0.120585 9.9946E-05 0.0374133 0.0245276 0.0569506
0.701404 9.9946E-05 9.9946E-05 0.0578024 0.00404363 0.0203709 9.9946E-05 9.9946E-05 0.011103 0.117509 9.9946E-05 0.0272909 0.056846 0.00303104 9.9946E-05
0.719177 9.99011E-05 9.99011E-05 0.123614 9.99011E-05 9.99011E-05 9.99011E-05 9.99011E-05 9.99011E-05 0.0702503 0.0858599 9.99011E-05 9.99011E-05 9.99011E-05 9.99011E-05
0.611563 9.99191E-05 0.0364745 0.0488925 9.99191E-05 9.99191E-05 9.99191E-05 0.18978 9.99191E-05 0.0119483 9.99191E-05 9.99191E-05 9.99191E-05 0.100443 9.99191E-05
0.729482 9.9928E-05 9.9928E-05 0.0813151 0.0248064 0.00945485 9.9928E-05 9.9928E-05 9.9928E-05 0.0108097 0.11942 9.9928E-05 0.0239122 9.9928E-05 9.9928E-05
