0.15879 0.248475 0.392495 0.20014 9.9991E-05
0.124595 0.000790625 0.498598 0.365532 0.010484
0.0922314 9.9982E-05 0.577727 0.329842 9.9982E-05
0.420171 0.0316736 0.46483 0.0832262 9.9991E-05
0.363147 9.9982E-05 0.335425 0.301227 9.9982E-05
0.407483 0.0209518 0.482188 0.0892775 9.99922E-05
0.293745 0.17789 0.290432 0.164271 0.0736627
0.220953 9.9982E-05 0.406566 0.372281 9.9982E-05
0.235191 9.9982E-05 0.50089 0.263719 9.9982E-05
0.137269 9.9982E-05 0.498899 0.363632 9.9982E-05
0.122697 0.156545 0.373778 0.346881 9.9991E-05
0.0603625 9.9982E-05 0.843893 0.0955444 9.9982E-05
9.9982E-05 0.142556 0.708113 0.149131 9.9982E-05
0.334985 9.9982E-05 0.647362 0.0174531 9.9982E-05
0.471879 0.0378611 0.44968 0.00945793 0.0311213
0.242192 9.9982E-05 0.719516 9.9982E-05 0.0380925
0.0724696 0.223205 0.704126 9.9982E-05 9.9982E-05
9.9973E-05 9.9973E-05 0.84038 0.15932 9.9973E-05
0.133379 9.9991E-05 0.739539 0.117469 0.00951279
0.243904 9.9991E-05 0.642581 0.0750669 0.0383481
0.256826 0.0474423 0.499503 0.144062 0.0521664
9.9973E-05 0.470968 0.528732 9.9973E-05 9.9973E-05
0.156303 0.162984 0.622622 9.9991E-05 0.0579898
0.0438394 0.196312 0.584031 0.150487 0.0253306
9.9991E-05 0.640167 0.280792 0.0683105 0.0106297
0.175462 0.558612 0.196029 9.9991E-05 0.0697974
0.0682121 0.428284 0.337409 0.158007 0.00808779
9.9982E-05 0.500627 0.364046 0.135126 9.9982E-05
9.9991E-05 0.683229 0.288177 0.0237706 0.00472393
0.0867019 0.409447 0.503651 9.9982E-05 9.9982E-05
0.00381177 0.541062 0.377508 0.0775182 9.9991E-05
0.0651402 0.55691 0.37775 9.9982E-05 9.9982E-05
9.9982E-05 0.277742 0.430767 0.291291 9.9982E-05
0.169031 9.9982E-05 0.802727 0.0280426 9.9982E-05
0.0858842 0.102858 0.569814 0.200965 0.0404789
9.9982E-05 0.0417061 0.829603 0.128491 9.9982E-05
0.126281 0.278439 0.578506 0.00489423 0.0118799
0.146481 0.0999038 0.553699 0.134996 0.0649199
9.997E-05 9.997E-05 0.9996 9.997E-05 9.997E-05
0.208354 9.9973E-05 0.791346 9.9973E-05 9.9973E-05
9.9982E-05 0.187149 0.7439 0.0687517 9.9982E-05
0.162126 0.00662076 0.813054 9.9991E-05 0.0180988
9.9982E-05 0.0232603 0.783023 0.193517 9.9982E-05
9.9973E-05 0.294849 0.704851 9.9973E-05 9.9973E-05
0.131473 0.049731 0.65436 0.164337 9.9991E-05
9.9991E-05 0.388771 0.506182 0.0958666 0.00908011
0.0821346 0.285128 0.537102 9.9991E-05 0.0955355
0.115954 0.391919 0.441927 9.9991E-05 0.0501006
9.9973E-05 0.266984 0.732716 9.9973E-05 9.9973E-05
0.121522 0.0998384 0.778439 9.9982E-05 9.9982E-05
0.114705 0.253015 0.589369 0.04281 9.9991E-05
9.9991E-05 0.166508 0.662786 0.165229 0.00537734
9.9982E-05 0.162662 0.822698 9.9982E-05 0.0144403
9.9982E-05 0.506277 0.267279 0.226244 9.9982E-05
0.0492275 0.153711 0.724827 9.9991E-05 0.0721354
0.0723616 0.459184 0.408803 0.0495192 0.0101323
9.9982E-05 0.543699 0.313026 0.143075 9.9982E-05
9.9973E-05 0.40353 0.59617 9.9973E-05 9.9973E-05
0.00992235 0.416559 0.573319 9.9982E-05 9.9982E-05
9.9982E-05 0.102942 0.858123 0.0387346 9.9982E-05
0.0338312 0.0307832 0.893283 0.0420021 9.9991E-05
9.9982E-05 0.368013 0.571715 9.9982E-05 0.0600728
0.0418216 0.832789 0.0653038 9.9991E-05 0.059986
0.156556 0.805743 9.9982E-05 9.9982E-05 0.0375008
9.9982E-05 0.746675 0.217328 0.0357976 9.9982E-05
0.174236 0.558527 0.0938448 0.115449 0.0579437
0.0657452 0.757652 0.0251894 0.0885672 0.0628465
0.00809879 0.961295 9.9982E-05 0.0304067 9.9982E-05
0.0349935 0.964707 9.9973E-05 9.9973E-05 9.9973E-05
0.368104 0.538021 9.9991E-05 0.0583607 0.0354149
0.231379 0.733821 9.9982E-05 9.9982E-05 0.0345999
0.310717 0.573014 0.116069 9.9982E-05 9.9982E-05
0.213952 0.680301 9.9991E-05 0.0998864 0.0057602
0.0130199 0.623781 0.203437 0.159663 9.9991E-05
9.9982E-05 0.936283 0.0135779 9.9982E-05 0.0499387
0.226963 0.544986 0.154408 0.0735434 9.9991E-05
0.0731577 0.746341 9.9991E-05 0.167809 0.0125918
0.136439 0.518354 0.0904521 0.254655 9.9991E-05
0.189159 0.736954 0.0736867 9.9982E-05 9.9982E-05
9.9982E-05 0.457674 0.317961 0.224165 9.9982E-05
0.106801 0.718159 9.9982E-05 0.17484 9.9982E-05
0.211485 0.658576 0.129739 9.9982E-05 9.9982E-05
9.9982E-05 0.904517 0.0361234 0.0591599 9.9982E-05
0.208959 0.719681 0.00391294 0.0673469 9.9991E-05
0.18089 0.76653 9.9991E-05 0.00912456 0.0433561
0.121315 0.787623 0.0908612 9.9982E-05 9.9982E-05
9.9973E-05 0.870004 9.9973E-05 0.129697 9.9973E-05
9.9991E-05 0.827766 0.0720816 0.0925335 0.00751866
9.9973E-05 0.954913 0.044787 9.9973E-05 9.9973E-05
9.9973E-05 0.943643 9.9973E-05 0.0560573 9.9973E-05
0.0989336 0.72367 0.177196 9.9982E-05 9.9982E-05
9.9982E-05 0.798643 0.185059 0.0160978 9.9982E-05
9.9982E-05 0.483249 0.512197 9.9982E-05 0.00435364
0.0394055 0.831509 0.1194 9.9991E-05 0.00958549
0.131944 0.815768 0.0506507 9.9991E-05 0.00153702
9.9973E-05 0.888622 0.111078 9.9973E-05 9.9973E-05
9.9982E-05 0.806761 0.0485051 0.144534 9.9982E-05
9.9982E-05 0.799858 0.0924414 0.1075 9.9982E-05
0.145843 0.682241 0.072053 0.0859675 0.013895
0.0777623 0.903963 0.0112924 0.00688269 9.9991E-05
0.0527304 0.89935 0.0477201 9.9982E-05 9.9982E-05
0.0713065 0.861995 0.054008 9.9991E-05 0.0125909
0.0615115 0.725161 0.213128 9.9982E-05 9.9982E-05
9.9973E-05 0.936508 0.0631917 9.9973E-05 9.9973E-05
0.200587 0.792763 9.9982E-05 9.9982E-05 0.00645037
0.0925823 0.898734 9.9982E-05 0.00848373 9.9982E-05
0.404703 0.482273 0.0400083 0.0548795 0.0181361
0.0395315 0.606998 9.9991E-05 0.335987 0.0173837
0.0869655 0.651504 9.9991E-05 0.252664 0.00876618
9.9973E-05 0.686408 9.9973E-05 0.313292 9.9973E-05
0.645109 0.0608843 9.9982E-05 0.293807 9.9982E-05
0.516859 0.134081 0.122756 0.226204 9.9991E-05
0.845696 0.0747657 9.9982E-05 0.0793378 9.9982E-05
0.808657 9.9982E-05 0.188056 9.9982E-05 0.00308754
0.595725 0.348688 9.9991E-05 0.0139038 0.0415833
0.635195 9.9991E-05 0.218392 0.124872 0.0214406
0.671989 9.9973E-05 0.327712 9.9973E-05 9.9973E-05
0.575535 0.301429 9.9982E-05 0.122836 9.9982E-05
0.695478 0.0543369 0.119654 0.113177 0.0173543
0.254243 0.195512 0.0971948 0.45295 9.9991E-05
0.882688 0.0746114 9.9982E-05 0.0425003 9.9982E-05
0.515838 0.20056 0.0555871 0.203389 0.024626
0.553911 0.171118 0.0652048 0.209667 9.9991E-05
0.752642 0.119717 0.0589966 0.010552 0.058093
0.79407 0.0348565 0.0648887 0.106085 9.9991E-05
0.835626 9.9991E-05 0.0549728 0.0624522 0.0468493
0.731723 9.9991E-05 0.0584654 0.193216 0.0164957
0.82646 9.9982E-05 0.0520687 0.121272 9.9982E-05
0.69601 9.9973E-05 9.9973E-05 0.30369 9.9973E-05
0.884992 0.114708 9.9973E-05 9.9973E-05 9.9973E-05
0.638085 9.9982E-05 0.151242 0.210473 9.9982E-05
0.732684 9.9982E-05 9.9982E-05 0.244245 0.0228708
0.990029 9.9973E-05 0.00967063 9.9973E-05 9.9973E-05
0.486495 9.9982E-05 0.0602319 0.453073 9.9982E-05
0.838327 0.00413617 9.9991E-05 0.145582 0.0118549
0.994524 9.9973E-05 9.9973E-05 0.00517639 9.9973E-05
0.748319 9.99887E-05 9.99887E-05 0.152292 0.099189
0.855701 0.126835 9.9982E-05 9.9982E-05 0.0172633
0.64686 0.0127025 9.9982E-05 0.340238 9.9982E-05
0.970977 9.9973E-05 9.9973E-05 0.0287229 9.9973E-05
0.801792 0.139189 9.9982E-05 9.9982E-05 0.0588187
0.671855 9.9982E-05 9.9982E-05 0.291778 0.0361669
0.624931 9.9982E-05 9.9982E-05 0.362364 0.0125056
0.650149 0.0101084 0.0743071 0.206083 0.0593524
0.935139 0.0171007 9.9991E-05 0.0269354 0.0207246
0.703773 0.0227421 0.104454 0.168931 9.9991E-05
0.887524 9.9973E-05 9.9973E-05 0.112176 9.9973E-05
0.900326 0.0358428 9.9982E-05 0.063631 9.9982E-05
0.895615 9.9973E-05 0.104085 9.9973E-05 9.9973E-05
0.700307 0.0376453 9.9991E-05 0.223409 0.0385392
0.947547 9.9991E-05 0.000791771 0.039368 0.0121933
0.676617 9.9982E-05 9.9982E-05 0.263327 0.0598558
0.881943 9.9991E-05 0.0105809 0.0861351 0.0212406
0.914391 0.0700049 0.0154037 9.9982E-05 9.9982E-05
0.732351 9.9991E-05 0.117759 0.127201 0.0225888
0.577109 0.142196 0.0539647 0.226631 9.9991E-05
0.664381 0.0130748 0.0293711 0.272428 0.0207445
0.804079 9.9991E-05 0.0555284 0.0816685 0.0586239
0.567432 0.00899756 0.00811827 0.370508 0.044944
0.867161 0.106353 9.9982E-05 9.9982E-05 0.0262865
0.485046 9.9991E-05 0.0871433 0.394617 0.0330929
0.745644 9.9982E-05 0.0351991 0.218957 9.9982E-05
0.53634 0.0108976 9.9991E-05 0.338385 0.114278
0.602292 0.145439 0.0215723 0.215547 0.0151501
0.234534 9.9982E-05 0.0400697 0.725196 9.9982E-05
0.391538 0.0901447 9.9991E-05 0.470209 0.0480085
0.362411 9.9982E-05 9.9982E-05 0.5809 0.056489
0.340288 0.0109821 0.00558231 0.615594 0.0275541
0.597172 9.9982E-05 9.9982E-05 0.338564 0.0640635
0.508508 9.9982E-05 9.9982E-05 0.471851 0.0194405
0.501369 9.9982E-05 9.9982E-05 0.439506 0.0589246
0.487676 9.9973E-05 9.9973E-05 0.512024 9.9973E-05
0.299162 0.106074 0.041715 0.484854 0.0681954
0.51022 0.293211 9.9991E-05 0.154661 0.0418075
0.0745415 0.133528 0.057014 0.706714 0.0282022
0.0921886 0.112922 0.173668 0.621122 9.9991E-05
0.224092 0.0937315 9.9991E-05 0.680709 0.00136686
0.388985 9.9973E-05 9.9973E-05 0.610715 9.9973E-05
0.313644 9.9982E-05 9.9982E-05 0.625433 0.0607226
0.501638 9.9973E-05 9.9973E-05 0.498063 9.9973E-05
0.212015 9.9973E-05 9.9973E-05 0.787685 9.9973E-05
0.0179938 0.0610779 9.9982E-05 0.920728 9.9982E-05
0.203098 0.0290227 9.9991E-05 0.734428 0.0333515
0.148508 0.0194247 9.9991E-05 0.757209 0.0747581
0.204549 0.103575 9.9991E-05 0.557888 0.133888
0.334494 0.101468 9.9991E-05 0.521308 0.0426295
0.192357 0.0799025 9.9991E-05 0.696074 0.0315664
9.9973E-05 9.9973E-05 0.017676 0.982024 9.9973E-05
0.341973 0.0877436 9.9982E-05 0.570083 9.9982E-05
0.418397 9.9991E-05 0.0384983 0.515032 0.0279731
0.299505 0.0634807 9.9982E-05 0.636815 9.9982E-05
0.254708 0.0127876 9.9991E-05 0.726643 0.005761
0.26751 9.9991E-05 0.0802021 0.638993 0.0131945
0.0509324 0.0723664 0.00777324 0.752816 0.116112
0.0915215 0.0586681 9.9991E-05 0.80531 0.0444007
9.9973E-05 9.9973E-05 9.9973E-05 0.997449 0.0022506
0.135991 0.0017973 9.9982E-05 0.862012 9.9982E-05
9.997E-05 9.997E-05 9.997E-05 0.9996 9.997E-05
9.997E-05 9.997E-05 9.997E-05 0.9996 9.997E-05
9.997E-05 9.997E-05 9.997E-05 0.9996 9.997E-05
9.997E-05 9.997E-05 9.997E-05 0.9996 9.997E-05
9.997E-05 9.997E-05 9.997E-05 0.9996 9.997E-05
9.997E-05 9.997E-05 9.997E-05 0.9996 9.997E-05
9.9973E-05 9.9973E-05 9.9973E-05 0.993672 0.00602816
9.9973E-05 9.9973E-05 9.9973E-05 0.997482 0.00221845
9.997E-05 9.997E-05 9.997E-05 0.9996 9.997E-05
9.997E-05 9.997E-05 9.997E-05 0.9996 9.997E-05
0.00810583 0.0115955 9.9991E-05 0.944869 0.0353299
9.997E-05 9.997E-05 9.997E-05 0.9996 9.997E-05
9.9973E-05 9.9973E-05 9.9973E-05 0.982215 0.0174847
0.0492451 9.9982E-05 9.9982E-05 0.946177 0.00437805
9.9973E-05 9.9973E-05 9.9973E-05 0.996189 0.00351138
0.108734 9.9982E-05 9.9982E-05 0.875199 0.0158661
0.0693218 9.9982E-05 0.0223932 0.908085 9.9982E-05
0.00745472 0.00802996 0.0349548 0.949461 9.9991E-05
0.0487258 0.0751505 9.9982E-05 0.875924 9.9982E-05
0.12956 0.0336153 9.9991E-05 0.834856 0.00186879
0.115156 9.9982E-05 0.0182165 0.866427 9.9982E-05
9.9982E-05 0.0357557 9.9982E-05 0.960909 0.00313541
9.9973E-05 9.9973E-05 9.9973E-05 0.997444 0.00225587
0.0273003 0.0233639 9.9991E-05 0.931803 0.0174329
9.9973E-05 9.9973E-05 9.9973E-05 0.976586 0.0231144
9.997E-05 9.997E-05 9.997E-05 0.9996 9.997E-05
0.198849 0.00273923 9.9991E-05 0.77557 0.022742
0.245649 0.0484067 0.0981138 0.60773 9.9991E-05
9.9991E-05 0.0199766 0.0327478 0.928291 0.0188842
0.204808 9.9991E-05 0.101037 0.688031 0.00602463
0.012002 0.0213177 0.0125364 0.882528 0.0716153
0.302596 0.106857 0.0281153 0.560724 0.00170776
0.16089 0.129399 9.9991E-05 0.560296 0.149315
0.0508752 0.0544112 9.9991E-05 0.195727 0.698886
9.997E-05 9.997E-05 9.997E-05 9.997E-05 0.9996
0.219531 9.9991E-05 0.060445 0.298434 0.42149
0.0598608 0.0234029 9.9982E-05 0.916536 9.9982E-05
0.121646 0.00186924 0.0951817 0.69256 0.0887432
0.0941887 0.0309875 0.0620439 0.792669 0.0201112
0.17689 9.9982E-05 9.9982E-05 0.768636 0.054274
0.0109136 0.183283 0.0722168 0.648267 0.0853189
9.9991E-05 0.106126 0.131596 0.64484 0.117338
0.0248745 9.9991E-05 0.104981 0.768559 0.101486
0.14125 9.9991E-05 0.0665311 0.730251 0.0618682
0.0230931 9.9991E-05 0.0163339 0.870064 0.090409
