9.99191E-05 9.99191E-05 9.99191E-05 0.0140981 9.99191E-05 0.137506 0.04988 0.189617 9.99191E-05 0.0354373 0.00745677 0.0819866 9.99191E-05 0.0203215 9.99191E-05 9.99191E-05 0.425235 9.99191E-05 0.0375624
0.0154104 9.9928E-05 9.9928E-05 0.02115 9.9928E-05 0.159222 0.0881168 9.9928E-05 9.9928E-05 0.0173674 9.9928E-05 0.0705953 0.00951132 0.0269097 9.9928E-05 9.9928E-05 0.522196 0.0405996 0.0281223
9.991E-05 9.991E-05 0.00778192 9.991E-05 0.0145814 0.0755523 9.991E-05 0.107517 0.0679071 0.0622779 9.991E-05 0.0397651 9.991E-05 9.991E-05 0.0312786 9.991E-05 0.59234 9.991E-05 9.991E-05
9.98652E-05 9.98652E-05 9.98652E-05 9.98652E-05 9.98652E-05 9.98652E-05 0.018097 9.98652E-05 0.0188035 9.98652E-05 9.98652E-05 9.98652E-05 9.98652E-05 0.0139323 9.98652E-05 9.98652E-05 0.947669 9.98652E-05 9.98652E-05
9.9937E-05 0.0103729 0.0337318 0.00746261 0.0331885 0.153913 0.0115702 0.208344 9.9937E-05 0.0328398 9.9937E-05 0.0115544 0.0237037 9.9937E-05 0.00750421 9.9937E-05 0.465115 9.9937E-05 9.9937E-05
9.98472E-05 9.98472E-05 9.98472E-05 9.98472E-05 9.98472E-05 9.98472E-05 0.0567602 9.98472E-05 9.98472E-05 9.98472E-05 9.98472E-05 9.98472E-05 9.98472E-05 9.98472E-05 9.98472E-05 9.98472E-05 0.941542 9.98472E-05 9.98472E-05
9.98562E-05 9.98562E-05 9.98562E-05 9.98562E-05 9.98562E-05 9.98562E-05 0.0354274 9.98562E-05 9.98562E-05 9.98562E-05 9.98562E-05 9.98562E-05 9.98562E-05 0.00592507 9.98562E-05 9.98562E-05 0.95705 9.98562E-05 9.98562E-05
9.99191E-05 9.99191E-05 0.0527835 0.118464 0.0341955 0.0301241 9.99191E-05 0.219966 9.99191E-05 0.034277 9.99191E-05 0.0575827 0.00325462 9.99191E-05 9.99191E-05 9.99191E-05 0.4151 9.99191E-05 0.0333522
9.98921E-05 0.0570148 9.98921E-05 9.98921E-05 9.98921E-05 0.169899 0.0684646 0.0508351 9.98921E-05 9.98921E-05 9.98921E-05 9.98921E-05 0.0428513 9.98921E-05 9.98921E-05 9.98921E-05 0.569453 9.98921E-05 0.0402839
9.99281E-05 9.99281E-05 9.99281E-05 0.0658376 9.99281E-05 0.146156 0.0717981 0.100973 9.99281E-05 0.0457364 0.019164 0.00360355 0.0681875 0.021633 9.99281E-05 9.99281E-05 0.421017 0.0350944 9.99281E-05
9.98921E-05 0.0735128 9.98921E-05 9.98921E-05 0.000626649 9.98921E-05 9.98921E-05 9.98921E-05 9.98921E-05 0.044605 9.98921E-05 0.0290576 0.0714917 0.031863 9.98921E-05 9.98921E-05 0.747645 9.98921E-05 9.98921E-05
0.0150816 0.0159778 9.99101E-05 9.99101E-05 9.99101E-05 0.0124552 0.0850459 0.267037 9.99101E-05 9.99101E-05 0.00773088 9.99101E-05 9.99101E-05 9.99101E-05 0.00586563 0.0120205 0.577786 9.99101E-05 9.99101E-05
9.98741E-05 9.98741E-05 9.98741E-05 9.98741E-05 9.98741E-05 9.98741E-05 9.98741E-05 9.98741E-05 9.98741E-05 9.98741E-05 0.0121608 0.000152929 0.0108067 9.98741E-05 9.98741E-05 9.98741E-05 0.952625 0.0228559 9.98741E-05
9.98382E-05 9.98382E-05 9.98382E-05 9.98382E-05 9.98382E-05 9.98382E-05 9.98382E-05 9.98382E-05 9.98382E-05 9.98382E-05 9.98382E-05 9.98382E-05 9.98382E-05 9.98382E-05 9.98382E-05 9.98382E-05 0.998203 9.98382E-05 9.98382E-05
9.98651E-05 0.000836524 0.0111431 9.98651E-05 9.98651E-05 9.98651E-05 9.98651E-05 9.98651E-05 9.98651E-05 9.98651E-05 0.011908 9.98651E-05 9.98651E-05 9.98651E-05 9.98651E-05 9.98651E-05 0.974614 9.98651E-05 9.98651E-05
9.98562E-05 9.98562E-05 9.98562E-05 9.98562E-05 9.98562E-05 9.98562E-05 9.98562E-05 9.98562E-05 9.98562E-05 9.98562E-05 9.98562E-05 9.98562E-05 9.98562E-05 9.98562E-05 0.0209864 9.98562E-05 0.953221 9.98562E-05 0.0241946
9.9919E-05 9.9919E-05 0.00268597 0.029395 0.0556095 0.0685108 9.9919E-05 0.0671619 9.9919E-05 0.0273372 0.0992603 9.9919E-05 9.9919E-05 9.9919E-05 9.9919E-05 9.9919E-05 0.616002 0.0238815 0.00925595
9.9919E-05 9.9919E-05 0.00468009 9.9919E-05 0.0593672 0.0360678 9.9919E-05 0.0534557 0.0173606 0.0268085 0.108589 9.9919E-05 9.9919E-05 9.9919E-05 9.9919E-05 9.9919E-05 0.637875 0.0346005 0.0202967
9.9937E-05 9.9937E-05 0.0254732 0.0228215 0.0010726 9.9937E-05 0.0016316 0.0955423 0.0509643 0.00135899 0.045096 9.9937E-05 0.0334633 9.9937E-05 9.9937E-05 9.9937E-05 0.669204 0.00293336 0.0497391
9.98382E-05 9.98382E-05 9.98382E-05 9.98382E-05 9.98382E-05 9.98382E-05 9.98382E-05 9.98382E-05 9.98382E-05 0.998203 9.98382E-05 9.98382E-05 9.98382E-05 9.98382E-05 9.98382E-05 9.98382E-05 9.98382E-05 9.98382E-05 9.98382E-05
9.9919E-05 9.9919E-05 0.00187478 9.9919E-05 9.9919E-05 0.435159 0.0110545 9.9919E-05 0.0719985 0.262611 9.9919E-05 0.0270454 9.9919E-05 0.00902879 9.9919E-05 9.9919E-05 0.110934 0.0186608 0.0507334
9.99191E-05 0.0592468 9.99191E-05 9.99191E-05 9.99191E-05 0.395531 0.0459453 9.99191E-05 0.057634 0.237158 9.99191E-05 0.0382179 9.99191E-05 0.0648387 9.99191E-05 9.99191E-05 0.0872026 0.00962202 0.00370424
9.99011E-05 9.99011E-05 9.99011E-05 9.99011E-05 0.20555 0.140007 0.204571 9.99011E-05 0.0183018 0.203913 9.99011E-05 9.99011E-05 9.99011E-05 9.99011E-05 0.017377 9.99011E-05 0.17312 0.0360602 9.99011E-05
0.0445113 9.9946E-05 0.00169341 0.0410063 0.0943789 0.136646 0.128078 9.9946E-05 0.00910357 0.133218 0.00203427 0.0414719 9.9946E-05 9.9946E-05 9.9946E-05 0.058187 0.26795 9.9946E-05 0.0411225
0.0123834 0.0258724 0.0467135 0.0133718 0.0155394 0.206133 0.220714 0.0730042 0.100738 0.127342 9.9946E-05 9.9946E-05 0.0301158 9.9946E-05 9.9946E-05 9.9946E-05 0.114594 9.9946E-05 0.0128796
9.98921E-05 9.98921E-05 0.0547215 0.0273355 0.0259923 0.379204 0.0397726 9.98921E-05 9.98921E-05 0.266951 9.98921E-05 9.98921E-05 9.98921E-05 9.98921E-05 9.98921E-05 9.98921E-05 0.204824 9.98921E-05 9.98921E-05
9.99101E-05 0.0212112 0.0248663 9.99101E-05 9.99101E-05 0.288304 0.217838 9.99101E-05 9.99101E-05 0.28049 9.99101E-05 9.99101E-05 0.0672741 9.99101E-05 9.99101E-05 9.99101E-05 0.0392681 0.0342105 0.0255393
0.00175022 9.9946E-05 9.9946E-05 0.012901 9.9946E-05 0.416051 0.0218994 0.0852744 0.0691337 0.151478 0.00789086 0.00870262 9.9946E-05 0.0117536 9.9946E-05 9.9946E-05 0.178652 0.0163212 0.0175914
9.99011E-05 0.010774 9.99011E-05 9.99011E-05 9.99011E-05 0.451064 0.0539723 0.0753643 0.0182265 0.16179 9.99011E-05 0.0320634 9.99011E-05 9.99011E-05 9.99011E-05 9.99011E-05 0.195646 9.99011E-05 9.99011E-05
9.98382E-05 9.98382E-05 9.98382E-05 9.98382E-05 9.98382E-05 9.98382E-05 9.98382E-05 9.98382E-05 9.98382E-05 0.998203 9.98382E-05 9.98382E-05 9.98382E-05 9.98382E-05 9.98382E-05 9.98382E-05 9.98382E-05 9.98382E-05 9.98382E-05
9.98562E-05 9.98562E-05 9.98562E-05 9.98562E-05 9.98562E-05 9.98562E-05 9.98562E-05 9.98562E-05 9.98562E-05 0.980499 0.0014976 9.98562E-05 0.0164059 9.98562E-05 9.98562E-05 9.98562E-05 9.98562E-05 9.98562E-05 9.98562E-05
9.98382E-05 9.98382E-05 9.98382E-05 9.98382E-05 9.98382E-05 9.98382E-05 9.98382E-05 9.98382E-05 9.98382E-05 0.998203 9.98382E-05 9.98382E-05 9.98382E-05 9.98382E-05 9.98382E-05 9.98382E-05 9.98382E-05 9.98382E-05 9.98382E-05
9.98382E-05 9.98382E-05 9.98382E-05 9.98382E-05 9.98382E-05 9.98382E-05 9.98382E-05 9.98382E-05 9.98382E-05 0.998203 9.98382E-05 9.98382E-05 9.98382E-05 9.98382E-05 9.98382E-05 9.98382E-05 9.98382E-05 9.98382E-05 9.98382E-05
0.0483504 9.98742E-05 0.0119235 9.98742E-05 9.98742E-05 0.00425984 0.0159686 9.98742E-05 9.98742E-05 0.918099 9.98742E-05 9.98742E-05 9.98742E-05 9.98742E-05 9.98742E-05 9.98742E-05 9.98742E-05 9.98742E-05 9.98742E-05
9.98831E-05 0.00296985 9.98831E-05 9.98831E-05 0.0211658 9.98831E-05 0.00508539 9.98831E-05 9.98831E-05 0.952152 9.98831E-05 0.00636701 9.98831E-05 9.98831E-05 9.98831E-05 9.98831E-05 0.0109616 9.98831E-05 9.98831E-05
0.021641 9.99191E-05 0.029908 9.99191E-05 0.124037 0.26634 0.166181 0.0596292 9.99191E-05 0.172829 0.0390575 0.035776 9.99191E-05 9.99191E-05 9.99191E-05 9.99191E-05 0.0837025 9.99191E-05 9.99191E-05
0.0160781 9.9955E-05 0.0192788 0.0601511 0.0699577 0.122663 0.0797726 0.0499284 9.9955E-05 0.179475 0.0506121 0.0425181 9.9955E-05 9.9955E-05 0.0560223 9.9955E-05 0.0966221 0.142571 0.0138491
9.99191E-05 9.99191E-05 0.00216275 9.99191E-05 0.219368 0.109236 0.214666 9.99191E-05 0.0197583 0.157438 9.99191E-05 0.00812748 9.99191E-05 9.99191E-05 0.00248705 9.99191E-05 0.191203 0.0746543 9.99191E-05
9.98741E-05 9.98741E-05 0.0167841 9.98741E-05 9.98741E-05 0.748813 0.0917296 9.98741E-05 9.98741E-05 9.98741E-05 9.98741E-05 9.98741E-05 9.98741E-05 9.98741E-05 0.0818915 9.98741E-05 0.0593837 9.98741E-05 9.98741E-05
9.9928E-05 0.0444134 0.0844965 0.0321251 0.0203364 0.507094 0.0818615 0.00401255 0.00182625 0.00673644 9.9928E-05 9.9928E-05 9.9928E-05 9.9928E-05 0.0413732 9.9928E-05 0.174925 9.9928E-05 9.9928E-05
0.0240271 9.98831E-05 0.104561 9.98831E-05 9.98831E-05 0.583723 0.153796 9.98831E-05 9.98831E-05 0.0102617 9.98831E-05 9.98831E-05 9.98831E-05 9.98831E-05 9.98831E-05 9.98831E-05 0.122333 9.98831E-05 9.98831E-05
9.98921E-05 9.98921E-05 9.98921E-05 0.0320273 9.98921E-05 0.589833 9.98921E-05 9.98921E-05 9.98921E-05 0.0597259 0.00967222 9.98921E-05 9.98921E-05 9.98921E-05 9.98921E-05 0.034994 0.170952 0.101597 9.98921E-05
0.0337533 9.99101E-05 0.0401393 9.99101E-05 9.99101E-05 0.69518 9.99101E-05 9.99101E-05 0.0137892 0.0167537 9.99101E-05 0.0375863 9.99101E-05 9.99101E-05 0.0512422 9.99101E-05 0.0921343 0.018423 9.99101E-05
0.0344749 9.99191E-05 0.0158406 0.006611 0.0172595 0.682672 9.99191E-05 0.0860024 0.00936765 9.99191E-05 0.106464 9.99191E-05 9.99191E-05 9.99191E-05 0.0144401 0.0259687 9.99191E-05 9.99191E-05 9.99191E-05
9.9946E-05 9.9946E-05 0.00600689 0.013021 0.0165896 0.519367 0.0146509 9.9946E-05 9.9946E-05 0.0815076 0.0861611 0.0514104 9.9946E-05 0.0299987 0.0247704 9.9946E-05 0.0624186 0.0256107 0.0678873
9.9937E-05 9.9937E-05 0.0420444 0.0297269 0.0129783 0.586163 9.9937E-05 0.0484995 0.0137046 0.0673476 0.021295 0.00867346 9.9937E-05 9.9937E-05 0.0179379 0.0415188 0.109411 9.9937E-05 9.9937E-05
9.99281E-05 0.00242352 0.0173233 9.99281E-05 0.000706339 0.767076 0.0245486 9.99281E-05 0.0525334 0.0405528 9.99281E-05 9.99281E-05 0.020785 0.00682264 9.99281E-05 9.99281E-05 0.0556166 0.0108124 9.99281E-05
9.98831E-05 9.98831E-05 9.98831E-05 9.98831E-05 0.10494 0.688056 9.98831E-05 0.0583244 9.98831E-05 0.0377448 9.98831E-05 9.98831E-05 0.0471377 9.98831E-05 9.98831E-05 9.98831E-05 0.0624989 9.98831E-05 9.98831E-05
9.98472E-05 0.00300394 0.995299 9.98472E-05 9.98472E-05 9.98472E-05 9.98472E-05 9.98472E-05 9.98472E-05 9.98472E-05 9.98472E-05 9.98472E-05 9.98472E-05 9.98472E-05 9.98472E-05 9.98472E-05 9.98472E-05 9.98472E-05 9.98472E-05
9.98562E-05 9.98562E-05 0.963307 9.98562E-05 9.98562E-05 0.00405378 9.98562E-05 9.98562E-05 9.98562E-05 9.98562E-05 9.98562E-05 9.98562E-05 9.98562E-05 9.98562E-05 0.0310414 9.98562E-05 9.98562E-05 9.98562E-05 9.98562E-05
9.98383E-05 9.98383E-05 0.998203 9.98383E-05 9.98383E-05 9.98383E-05 9.98383E-05 9.98383E-05 9.98383E-05 9.98383E-05 9.98383E-05 9.98383E-05 9.98383E-05 9.98383E-05 9.98383E-05 9.98383E-05 9.98383E-05 9.98383E-05 9.98383E-05
9.98383E-05 9.98383E-05 0.998203 9.98383E-05 9.98383E-05 9.98383E-05 9.98383E-05 9.98383E-05 9.98383E-05 9.98383E-05 9.98383E-05 9.98383E-05 9.98383E-05 9.98383E-05 9.98383E-05 9.98383E-05 9.98383E-05 9.98383E-05 9.98383E-05
9.98473E-05 9.98473E-05 0.997512 9.98473E-05 9.98473E-05 9.98473E-05 9.98473E-05 9.98473E-05 9.98473E-05 9.98473E-05 9.98473E-05 9.98473E-05 0.000790278 9.98473E-05 9.98473E-05 9.98473E-05 9.98473E-05 9.98473E-05 9.98473E-05
9.98383E-05 9.98383E-05 0.998203 9.98383E-05 9.98383E-05 9.98383E-05 9.98383E-05 9.98383E-05 9.98383E-05 9.98383E-05 9.98383E-05 9.98383E-05 9.98383E-05 9.98383E-05 9.98383E-05 9.98383E-05 9.98383E-05 9.98383E-05 9.98383E-05
9.98831E-05 9.98831E-05 0.953526 9.98831E-05 0.00916371 9.98831E-05 9.98831E-05 9.98831E-05 0.00131413 9.98831E-05 9.98831E-05 0.0283179 9.98831E-05 9.98831E-05 9.98831E-05 9.98831E-05 9.98831E-05 0.000514297 0.00586602
9.98562E-05 9.98562E-05 0.98834 0.00310187 9.98562E-05 9.98562E-05 9.98562E-05 9.98562E-05 9.98562E-05 0.00696017 9.98562E-05 9.98562E-05 9.98562E-05 9.98562E-05 9.98562E-05 9.98562E-05 9.98562E-05 9.98562E-05 9.98562E-05
9.98383E-05 9.98383E-05 0.998203 9.98383E-05 9.98383E-05 9.98383E-05 9.98383E-05 9.98383E-05 9.98383E-05 9.98383E-05 9.98383E-05 9.98383E-05 9.98383E-05 9.98383E-05 9.98383E-05 9.98383E-05 9.98383E-05 9.98383E-05 9.98383E-05
9.98742E-05 9.98742E-05 0.153367 0.0138413 9.98742E-05 0.638284 0.0543374 9.98742E-05 9.98742E-05 9.98742E-05 9.98742E-05 9.98742E-05 9.98742E-05 9.98742E-05 9.98742E-05 9.98742E-05 0.138772 9.98742E-05 9.98742E-05
0.00556152 9.99191E-05 0.0427379 9.99191E-05 9.99191E-05 0.18888 0.378448 0.0129518 9.99191E-05 9.99191E-05 9.99191E-05 9.99191E-05 0.097765 0.0708104 9.99191E-05 0.0993729 0.0845913 9.99191E-05 0.017981
0.00601212 0.032012 0.0557252 0.000104502 9.9937E-05 0.32755 0.411699 0.011233 9.9937E-05 0.0188376 0.0234809 0.0558438 9.9937E-05 0.0555669 9.9937E-05 9.9937E-05 9.9937E-05 9.9937E-05 0.00123582
0.0523886 0.00889547 9.99011E-05 9.99011E-05 9.99011E-05 0.305228 0.327731 0.0420128 9.99011E-05 9.99011E-05 9.99011E-05 9.99011E-05 0.0981111 9.99011E-05 0.016677 9.99011E-05 0.147856 9.99011E-05 9.99011E-05
9.99101E-05 9.99101E-05 0.0223526 9.99101E-05 9.99101E-05 0.338292 0.377227 0.0715072 9.99101E-05 0.0833285 9.99101E-05 9.99101E-05 9.99101E-05 0.0294282 0.0660809 0.0055105 9.99101E-05 9.99101E-05 0.00527386
9.99011E-05 9.99011E-05 0.00734105 9.99011E-05 0.0639194 0.396476 0.257516 9.99011E-05 9.99011E-05 0.0641274 9.99011E-05 0.0699383 9.99011E-05 9.99011E-05 9.99011E-05 9.99011E-05 0.121007 0.0185756 9.99011E-05
0.0938682 0.0584858 0.0312665 0.0133751 0.0324447 0.353912 0.0785346 9.9955E-05 9.9955E-05 0.0993334 0.00216343 0.0873604 0.0104274 9.9955E-05 9.9955E-05 0.0691862 0.0554198 9.9955E-05 0.0137228
9.98473E-05 9.98473E-05 9.98473E-05 9.98473E-05 9.98473E-05 9.98473E-05 0.977794 9.98473E-05 9.98473E-05 0.0205089 9.98473E-05 9.98473E-05 9.98473E-05 9.98473E-05 9.98473E-05 9.98473E-05 9.98473E-05 9.98473E-05 9.98473E-05
9.99011E-05 0.0212392 9.99011E-05 9.99011E-05 0.0290256 0.0170521 0.812221 9.99011E-05 9.99011E-05 0.0205807 0.0290667 9.99011E-05 9.99011E-05 9.99011E-05 9.99011E-05 0.00959853 0.0601176 9.99011E-05 9.99011E-05
0.0271794 9.99011E-05 0.023789 9.99011E-05 9.99011E-05 0.201749 0.405276 9.99011E-05 9.99011E-05 9.99011E-05 9.99011E-05 9.99011E-05 0.0637763 0.0797502 9.99011E-05 0.0903253 0.107057 9.99011E-05 9.99011E-05
9.99011E-05 9.99011E-05 9.99011E-05 9.99011E-05 0.0160639 0.0576606 0.739105 9.99011E-05 9.99011E-05 0.0234386 0.0130279 9.99011E-05 0.0507222 0.00537413 9.99011E-05 9.99011E-05 0.0935089 9.99011E-05 9.99011E-05
9.98921E-05 9.98921E-05 0.0128659 9.98921E-05 0.010515 0.233677 0.621158 9.98921E-05 9.98921E-05 9.98921E-05 0.101227 9.98921E-05 0.0185311 9.98921E-05 9.98921E-05 9.98921E-05 9.98921E-05 0.000827043 9.98921E-05
9.98921E-05 9.98921E-05 0.0168051 9.98921E-05 0.00889107 0.229059 0.612097 9.98921E-05 9.98921E-05 9.98921E-05 0.0740055 9.98921E-05 0.0343253 9.98921E-05 9.98921E-05 9.98921E-05 0.0236175 9.98921E-05 9.98921E-05
9.98921E-05 0.00263344 0.0368406 9.98921E-05 9.98921E-05 0.214442 0.616389 9.98921E-05 9.98921E-05 9.98921E-05 0.104353 0.0216618 0.00248106 9.98921E-05 9.98921E-05 9.98921E-05 9.98921E-05 9.98921E-05 9.98921E-05
0.0312134 0.00313597 9.98831E-05 9.98831E-05 9.98831E-05 0.192315 0.666423 9.98831E-05 0.0707383 9.98831E-05 9.98831E-05 9.98831E-05 9.98831E-05 9.98831E-05 9.98831E-05 9.98831E-05 0.0348756 9.98831E-05 9.98831E-05
9.99191E-05 9.99191E-05 0.0438272 9.99191E-05 9.99191E-05 0.207758 0.379551 9.99191E-05 0.00676936 0.106441 0.075862 9.99191E-05 0.0447565 9.99191E-05 0.0434842 9.99191E-05 0.0760113 0.0146402 9.99191E-05
9.98921E-05 9.98921E-05 0.0224026 9.98921E-05 9.98921E-05 0.442713 0.288858 9.98921E-05 9.98921E-05 0.064629 9.98921E-05 0.0417699 0.018922 9.98921E-05 9.98921E-05 9.98921E-05 0.119506 9.98921E-05 9.98921E-05
9.98472E-05 9.98472E-05 9.98472E-05 9.98472E-05 9.98472E-05 9.98472E-05 0.976079 9.98472E-05 9.98472E-05 9.98472E-05 9.98472E-05 9.98472E-05 9.98472E-05 9.98472E-05 9.98472E-05 9.98472E-05 9.98472E-05 0.0222234 9.98472E-05
9.98472E-05 9.98472E-05 9.98472E-05 9.98472E-05 9.98472E-05 9.98472E-05 0.962942 9.98472E-05 9.98472E-05 9.98472E-05 9.98472E-05 9.98472E-05 9.98472E-05 9.98472E-05 9.98472E-05 9.98472E-05 9.98472E-05 0.0353607 9.98472E-05
9.98921E-05 9.98921E-05 0.00120486 0.0182289 0.00752219 9.98921E-05 0.861184 9.98921E-05 0.0498644 9.98921E-05 9.98921E-05 9.98921E-05 9.98921E-05 0.0238592 9.98921E-05 9.98921E-05 9.98921E-05 9.98921E-05 0.0369373
9.98741E-05 9.98741E-05 9.98741E-05 0.025543 9.98741E-05 9.98741E-05 0.938502 9.98741E-05 0.0236081 9.98741E-05 9.98741E-05 9.98741E-05 9.98741E-05 9.98741E-05 9.98741E-05 9.98741E-05 9.98741E-05 0.00662211 0.00432639
9.98831E-05 9.98831E-05 0.0986792 9.98831E-05 9.98831E-05 0.606614 0.136487 9.98831E-05 9.98831E-05 9.98831E-05 9.98831E-05 9.98831E-05 9.98831E-05 9.98831E-05 0.0561669 0.0254899 9.98831E-05 9.98831E-05 0.0752649
0.0371177 9.99011E-05 0.0996307 0.0179262 9.99011E-05 0.60892 0.0403988 0.149282 9.99011E-05 0.00326833 9.99011E-05 9.99011E-05 0.0423573 9.99011E-05 9.99011E-05 9.99011E-05 9.99011E-05 9.99011E-05 9.99011E-05
0.0241187 0.0552254 0.0124335 9.99281E-05 9.99281E-05 0.502323 0.118278 9.99281E-05 0.0108756 0.0528254 9.99281E-05 0.0210146 9.99281E-05 9.99281E-05 0.0367793 0.0307099 0.134616 9.99281E-05 9.99281E-05
9.98831E-05 9.98831E-05 0.0640185 9.98831E-05 9.98831E-05 0.773951 0.0931904 9.98831E-05 9.98831E-05 0.0487597 9.98831E-05 0.00381161 9.98831E-05 9.98831E-05 9.98831E-05 9.98831E-05 0.0149705 9.98831E-05 9.98831E-05
9.99101E-05 9.99101E-05 0.0742302 9.99101E-05 9.99101E-05 0.651018 0.0918379 9.99101E-05 9.99101E-05 0.0937029 0.00467975 9.99101E-05 9.99101E-05 0.00476551 9.99101E-05 0.0251315 0.0294707 9.99101E-05 0.0241643
9.99011E-05 0.0245241 0.030396 9.99011E-05 0.00585995 0.492356 0.302183 9.99011E-05 9.99011E-05 9.99011E-05 9.99011E-05 9.99011E-05 9.99011E-05 9.99011E-05 0.0546839 9.99011E-05 0.0810449 0.00785258 9.99011E-05
9.99175E-05 0.0769276 0.0515489 0.0157346 0.0299494 0.585241 0.166358 0.0541004 9.99175E-05 9.99175E-05 0.00535944 9.99175E-05 9.99175E-05 9.99175E-05 9.99175E-05 9.99175E-05 9.99175E-05 9.99175E-05 0.0137817
9.99011E-05 9.99011E-05 0.0589921 9.99011E-05 9.99011E-05 0.550725 0.210019 0.136311 9.99011E-05 0.0111422 9.99011E-05 9.99011E-05 0.00812245 9.99011E-05 0.0121913 9.99011E-05 9.99011E-05 9.99011E-05 0.0113983
9.98652E-05 9.98652E-05 0.0516312 9.98652E-05 9.98652E-05 0.647149 0.261869 9.98652E-05 9.98652E-05 9.98652E-05 9.98652E-05 9.98652E-05 9.98652E-05 9.98652E-05 0.0378523 9.98652E-05 9.98652E-05 9.98652E-05 9.98652E-05
9.9937E-05 9.9937E-05 0.0124243 0.0374842 9.9937E-05 0.54684 0.0960301 9.9937E-05 0.061866 0.0137626 9.9937E-05 9.9937E-05 0.0553508 0.0962134 0.0259818 0.016089 0.0273256 0.00993287 9.9937E-05
0.0453097 0.0107261 0.0360994 9.99011E-05 9.99011E-05 0.612524 0.0965451 9.99011E-05 9.99011E-05 0.0799082 0.0633614 9.99011E-05 9.99011E-05 9.99011E-05 9.99011E-05 9.99011E-05 0.0544274 9.99011E-05 9.99011E-05
0.0468496 0.0145766 0.0331246 9.99101E-05 9.99101E-05 0.53665 0.154394 9.99101E-05 9.99101E-05 0.0405089 0.0831873 9.99101E-05 9.99101E-05 9.99101E-05 9.99101E-05 9.99101E-05 0.0728205 0.0168894 9.99101E-05
9.99101E-05 9.99101E-05 0.0993198 9.99101E-05 0.0168811 0.581676 0.00994946 0.0615601 9.99101E-05 0.0878791 9.99101E-05 0.0785428 0.0608807 9.99101E-05 0.00231176 9.99101E-05 9.99101E-05 9.99101E-05 9.99101E-05
9.99281E-05 9.99281E-05 0.0825845 0.022534 0.0255555 0.632798 0.0172273 0.0527846 9.99281E-05 0.0819943 9.99281E-05 0.0750895 0.00468642 9.99281E-05 0.00106942 9.99281E-05 9.99281E-05 9.99281E-05 0.0028776
0.0105199 0.0558362 0.0142117 9.99101E-05 0.0442412 0.605825 0.12747 9.99101E-05 9.99101E-05 9.99101E-05 0.086586 0.0286104 9.99101E-05 0.0257006 9.99101E-05 9.99101E-05 9.99101E-05 9.99101E-05 9.99101E-05
9.99011E-05 0.00671719 0.0104517 9.99011E-05 9.99011E-05 0.69661 0.142475 9.99011E-05 9.99011E-05 0.0101099 9.99011E-05 0.0554199 0.0707957 9.99011E-05 9.99011E-05 9.99011E-05 0.00632097 9.99011E-05 9.99011E-05
0.0237787 0.052998 0.00943992 9.99191E-05 9.99191E-05 0.627308 0.154652 9.99191E-05 9.99191E-05 0.0435042 9.99191E-05 9.99191E-05 0.0153375 0.0249868 0.0120566 9.99191E-05 0.0350397 9.99191E-05 9.99191E-05
9.99011E-05 0.0140292 0.0610362 9.99011E-05 9.99011E-05 0.520341 0.207362 9.99011E-05 9.99011E-05 0.0388331 0.0574433 9.99011E-05 9.99011E-05 9.99011E-05 0.00518512 9.99011E-05 0.0946717 9.99011E-05 9.99011E-05
9.99011E-05 0.119232 0.0365121 9.99011E-05 9.99011E-05 0.432104 0.279554 9.99011E-05 9.99011E-05 0.0962902 0.00270167 9.99011E-05 9.99011E-05 9.99011E-05 0.0167957 9.99011E-05 9.99011E-05 9.99011E-05 0.0157114
9.99191E-05 0.0103546 0.0538934 9.99191E-05 9.99191E-05 0.524818 0.218241 9.99191E-05 9.99191E-05 0.0011083 0.0507714 0.0443201 0.0309046 0.0178561 9.99191E-05 9.99191E-05 0.0468333 9.99191E-05 9.99191E-05
0.0196097 9.99101E-05 0.0413206 0.0202196 9.99101E-05 0.764626 9.99101E-05 9.99101E-05 9.99101E-05 9.99101E-05 0.00303185 0.0115262 0.121162 0.00180279 9.99101E-05 9.99101E-05 9.99101E-05 0.0157026 9.99101E-05
0.00412559 0.0681205 9.99101E-05 0.0352557 9.99101E-05 0.721333 9.99101E-05 0.0520145 9.99101E-05 9.99101E-05 0.00767743 0.0540798 9.99101E-05 9.99101E-05 0.0063521 9.99101E-05 9.99101E-05 0.0500424 9.99101E-05
9.99011E-05 9.99011E-05 9.99011E-05 9.99011E-05 9.99011E-05 0.719817 0.0167806 0.0319434 9.99011E-05 0.014094 9.99011E-05 9.99011E-05 0.0460374 0.0231951 9.99011E-05 9.99011E-05 0.10943 0.037603 9.99011E-05
0.0573396 0.0965334 9.9928E-05 9.9928E-05 9.9928E-05 0.551181 9.9928E-05 0.0172607 9.9928E-05 0.00954032 0.00388517 9.9928E-05 0.0197593 9.9928E-05 0.0530652 9.9928E-05 0.0713172 0.0699788 0.0493396
0.0605715 0.0319656 0.0361333 0.019095 0.0151663 0.566633 0.0450708 9.9928E-05 9.9928E-05 9.9928E-05 9.9928E-05 0.0532692 0.0523285 9.9928E-05 9.9928E-05 9.9928E-05 9.9928E-05 0.0949006 0.0240665
0.0582723 9.99011E-05 0.0566772 9.99011E-05 9.99011E-05 0.717388 9.99011E-05 0.091914 0.0171223 9.99011E-05 9.99011E-05 0.00576964 9.99011E-05 9.99011E-05 9.99011E-05 0.00881021 9.99011E-05 9.99011E-05 0.0429469
0.0116603 9.98921E-05 9.98921E-05 9.98921E-05 9.98921E-05 0.851945 9.98921E-05 0.0104708 0.0497945 9.98921E-05 0.0327998 9.98921E-05 9.98921E-05 0.00425392 9.98921E-05 9.98921E-05 0.0378766 9.98921E-05 9.98921E-05
9.99191E-05 0.0287222 9.99191E-05 0.0417088 0.0697316 0.508286 9.99191E-05 0.201956 0.0491339 9.99191E-05 0.0413029 9.99191E-05 9.99191E-05 9.99191E-05 9.99191E-05 0.000510097 0.0216316 0.0361169 9.99191E-05
0.0678798 0.170075 9.99101E-05 0.00638245 0.0255931 0.645367 9.99101E-05 0.0239284 9.99101E-05 9.99101E-05 0.0321575 0.0175128 9.99101E-05 9.99101E-05 0.0101048 9.99101E-05 9.99101E-05 9.99101E-05 9.99101E-05
9.99281E-05 0.009576 9.99281E-05 0.0726094 0.107819 0.538988 9.99281E-05 0.139651 0.0292958 0.00122094 0.0290885 9.99281E-05 9.99281E-05 9.99281E-05 9.99281E-05 9.99281E-05 0.00901629 0.02782 0.034116
0.039468 0.0489295 9.99191E-05 9.99191E-05 0.0586881 0.717528 0.0148104 0.000818758 0.00808381 9.99191E-05 9.99191E-05 9.99191E-05 9.99191E-05 0.00301306 9.99191E-05 9.99191E-05 0.0952801 9.99191E-05 0.0124809
0.0286 9.9928E-05 9.9928E-05 0.0148836 0.00489463 0.470164 0.0426489 0.211234 9.9928E-05 0.0524943 9.9928E-05 0.00304807 9.9928E-05 9.9928E-05 9.9928E-05 9.9928E-05 0.0582448 0.0427412 0.0702468
9.98921E-05 9.98921E-05 0.0973257 9.98921E-05 0.0128181 0.54193 9.98921E-05 0.132534 0.0664211 0.0351543 9.98921E-05 9.98921E-05 9.98921E-05 9.98921E-05 9.98921E-05 9.98921E-05 0.112619 9.98921E-05 9.98921E-05
0.0468039 9.98921E-05 0.0142237 9.98921E-05 9.98921E-05 0.766873 9.98921E-05 9.98921E-05 9.98921E-05 0.00100196 9.98921E-05 9.98921E-05 9.98921E-05 9.98921E-05 9.98921E-05 0.03108 0.088415 9.98921E-05 0.0504042
9.99191E-05 9.99191E-05 9.99191E-05 9.99191E-05 9.99191E-05 0.616095 0.0561333 9.99191E-05 9.99191E-05 9.99191E-05 0.0775241 0.0328101 0.0268958 0.0492908 0.00332853 0.0416974 9.99191E-05 0.000754845 0.0945707
9.9928E-05 0.0733636 0.024399 0.00271493 9.9928E-05 0.604305 9.9928E-05 9.9928E-05 0.0920251 0.00127607 0.0325334 9.9928E-05 0.012616 0.0185134 0.105885 9.9928E-05 9.9928E-05 0.0315696 9.9928E-05
9.9928E-05 0.042469 9.9928E-05 9.9928E-05 0.0251685 0.52303 0.00859015 0.0429946 9.9928E-05 0.0369448 9.9928E-05 9.9928E-05 0.152699 9.9928E-05 0.0163911 0.0453443 9.9928E-05 0.0429237 0.0626453
0.108326 0.0211212 0.0398899 0.000347785 0.0438409 0.541022 0.0147278 9.9946E-05 9.9946E-05 0.00979481 0.0154499 0.0413627 0.0208852 9.9946E-05 9.9946E-05 9.9946E-05 9.9946E-05 0.0621549 0.0804775
9.9937E-05 0.022909 0.00175403 9.9937E-05 0.0254838 0.512413 9.9937E-05 0.0537387 0.00587262 0.0364269 9.9937E-05 9.9937E-05 0.113245 9.9937E-05 0.0604198 0.0799269 9.9937E-05 0.0416969 0.0454141
0.0495559 9.98921E-05 0.0664401 9.98921E-05 9.98921E-05 0.592616 9.98921E-05 0.114855 0.0417521 0.0331949 9.98921E-05 9.98921E-05 9.98921E-05 9.98921E-05 9.98921E-05 9.98921E-05 0.100388 9.98921E-05 9.98921E-05
9.9937E-05 0.03572 9.9937E-05 0.00834147 0.0937566 0.508395 0.081158 9.9937E-05 0.00740806 0.0030597 9.9937E-05 9.9937E-05 0.000795152 0.0111914 9.9937E-05 0.00461018 0.16203 9.9937E-05 0.0828354
9.99011E-05 9.99011E-05 9.99011E-05 9.99011E-05 0.140059 0.53748 0.0822184 9.99011E-05 9.99011E-05 9.99011E-05 0.00134081 0.00730632 9.99011E-05 0.0122806 9.99011E-05 9.99011E-05 0.141177 9.99011E-05 0.0770391
9.99191E-05 0.0365436 9.99191E-05 9.99191E-05 9.99191E-05 0.602286 0.0310889 9.99191E-05 9.99191E-05 0.0582049 0.0150801 0.0401048 0.00570552 9.99191E-05 0.0211865 0.185182 0.00371812 9.99191E-05 9.99191E-05
9.99101E-05 0.0418294 9.99101E-05 9.99101E-05 9.99101E-05 0.585207 0.0646672 9.99101E-05 9.99101E-05 0.0437315 0.0263867 0.0694423 9.99101E-05 9.99101E-05 0.0291738 0.132319 0.00624349 9.99101E-05 9.99101E-05
9.99011E-05 9.99011E-05 0.0359952 9.99011E-05 0.138998 0.60922 9.99011E-05 0.0928392 0.0363442 9.99011E-05 0.0571219 9.99011E-05 9.99011E-05 9.99011E-05 9.99011E-05 0.0239047 9.99011E-05 9.99011E-05 0.00447708
9.9919E-05 0.0495735 9.9919E-05 0.0298243 0.0415875 0.628339 0.0040327 0.0671644 9.9919E-05 0.069227 0.0156299 9.9919E-05 9.9919E-05 9.9919E-05 9.9919E-05 9.9919E-05 9.9919E-05 0.0248915 0.0688311
9.9928E-05 9.9928E-05 0.0281388 0.000290173 0.148964 0.632774 9.9928E-05 9.9928E-05 0.0719667 0.0160955 0.0289305 9.9928E-05 9.9928E-05 9.9928E-05 0.0256174 0.00877097 0.0366754 0.000977612 9.9928E-05
9.99101E-05 0.00292328 9.99101E-05 9.99101E-05 0.00798896 0.719897 9.99101E-05 9.99101E-05 0.061002 0.0205711 9.99101E-05 0.0113855 9.99101E-05 0.00233454 9.99101E-05 0.0471903 0.125708 9.99101E-05 9.99101E-05
0.00800265 0.0630343 9.9937E-05 9.9937E-05 0.117536 0.607299 9.9937E-05 0.00962368 0.0281946 9.9937E-05 0.012491 0.0609424 9.9937E-05 9.9937E-05 9.9937E-05 0.0232485 0.015726 0.0160374 0.0371645
0.0525226 9.9919E-05 9.9919E-05 9.9919E-05 0.059229 0.634062 9.9919E-05 9.9919E-05 0.120991 9.9919E-05 0.0224757 0.0691557 0.0010829 9.9919E-05 0.00180155 0.00133381 9.9919E-05 0.0364467 9.9919E-05
0.0205686 9.99011E-05 9.99011E-05 9.99011E-05 0.0541359 0.625643 9.99011E-05 9.99011E-05 0.054656 9.99011E-05 0.027041 0.105491 0.0107564 9.99011E-05 9.99011E-05 0.10061 9.99011E-05 9.99011E-05 9.99011E-05
9.99011E-05 9.99011E-05 9.99011E-05 9.99011E-05 0.0582131 0.667625 9.99011E-05 0.0313511 0.0211743 0.048319 9.99011E-05 0.0125294 9.99011E-05 9.99011E-05 0.0223019 9.99011E-05 0.137387 9.99011E-05 9.99011E-05
9.99011E-05 9.99011E-05 0.0208726 0.0231085 0.0505637 0.651782 9.99011E-05 0.0305766 0.101384 9.99011E-05 9.99011E-05 0.0914614 9.99011E-05 9.99011E-05 9.99011E-05 9.99011E-05 9.99011E-05 0.0291525 9.99011E-05
9.99011E-05 0.0278221 9.99011E-05 9.99011E-05 9.99011E-05 0.776765 0.016071 9.99011E-05 9.99011E-05 9.99011E-05 0.0106777 0.0217085 0.0685072 0.0318671 9.99011E-05 9.99011E-05 9.99011E-05 9.99011E-05 0.0454823
0.0159636 0.00102345 0.00769838 9.9955E-05 9.9955E-05 0.768081 0.0542604 0.0414615 9.9955E-05 9.9955E-05 9.9955E-05 0.0340857 0.00303475 0.0254369 0.00260341 0.000968892 0.0293512 0.000435997 0.0150955
0.0125571 9.99281E-05 0.0127409 9.99281E-05 0.0092869 0.67296 9.99281E-05 0.00152498 9.99281E-05 9.99281E-05 9.99281E-05 9.99281E-05 0.0321854 0.0536934 0.0495115 0.00205428 0.126426 0.02626 9.99281E-05
9.98949E-05 9.98949E-05 0.00162722 9.98949E-05 0.0891448 0.803322 9.98949E-05 9.98949E-05 9.98949E-05 0.037178 9.98949E-05 0.0263658 9.98949E-05 0.0144351 9.98949E-05 9.98949E-05 9.98949E-05 0.0267283 9.98949E-05
9.99011E-05 0.0460694 9.99011E-05 9.99011E-05 0.0286684 0.699989 9.99011E-05 9.99011E-05 9.99011E-05 0.0350248 9.99011E-05 0.0247177 0.0448767 0.0132344 9.99011E-05 9.99011E-05 0.106321 9.99011E-05 9.99011E-05
0.0301098 9.99011E-05 9.99011E-05 9.99011E-05 9.99011E-05 0.658351 0.217416 9.99011E-05 9.99011E-05 0.0257036 9.99011E-05 0.0330329 9.99011E-05 0.00922467 0.00541264 9.99011E-05 0.0196508 9.99011E-05 9.99011E-05
9.98831E-05 9.98831E-05 0.0250453 9.98831E-05 9.98831E-05 0.790949 0.0430459 0.0752473 9.98831E-05 0.027812 9.98831E-05 9.98831E-05 0.036602 9.98831E-05 9.98831E-05 9.98831E-05 9.98831E-05 9.98831E-05 9.98831E-05
9.9928E-05 9.9928E-05 9.9928E-05 9.9928E-05 0.0127026 0.727874 0.0370916 0.0145747 9.9928E-05 0.0109805 0.0562881 0.0376795 9.9928E-05 0.0267387 0.0408513 9.9928E-05 0.00982019 9.9928E-05 0.0245993
9.99011E-05 9.99011E-05 0.00502597 9.99011E-05 9.99011E-05 0.738439 0.054767 9.99011E-05 0.0363179 0.018196 9.99011E-05 9.99011E-05 9.99011E-05 0.0342648 0.0315695 0.0803211 9.99011E-05 9.99011E-05 9.99011E-05
9.99101E-05 9.99101E-05 9.99101E-05 9.99101E-05 9.99101E-05 0.581504 0.0286676 9.99101E-05 9.99101E-05 0.0414631 0.084399 9.99101E-05 0.0470876 0.0329681 0.0214084 9.99101E-05 0.0833708 9.99101E-05 0.0781319
9.9928E-05 0.0567423 0.00770263 9.9928E-05 0.12173 0.62195 0.0418314 9.9928E-05 9.9928E-05 0.00461652 0.0540715 9.9928E-05 0.00778189 0.00760891 9.9928E-05 9.9928E-05 0.0381284 0.0370379 9.9928E-05
0.0414266 9.9928E-05 9.9928E-05 9.9928E-05 9.9928E-05 0.587629 0.0678732 0.13656 0.0339653 9.9928E-05 0.0219745 9.9928E-05 9.9928E-05 0.0214685 9.9928E-05 0.00954131 0.0613733 0.0110697 0.0063194
9.9928E-05 9.9928E-05 0.0268412 9.9928E-05 0.0589628 0.688031 9.9928E-05 0.00969493 9.9928E-05 0.0526152 9.9928E-05 0.0100539 0.0650793 0.0206642 9.9928E-05 9.9928E-05 0.0263003 0.00231608 0.0386421
9.98831E-05 9.98831E-05 9.98831E-05 0.067713 9.98831E-05 0.767878 9.98831E-05 0.0350629 9.98831E-05 9.98831E-05 0.0751492 9.98831E-05 9.98831E-05 0.0267005 9.98831E-05 9.98831E-05 0.0261979 9.98831E-05 9.98831E-05
9.991E-05 0.0614984 9.991E-05 0.0785888 9.991E-05 0.670535 0.0183881 9.991E-05 9.991E-05 9.991E-05 0.042994 9.991E-05 0.00588967 0.0298327 9.991E-05 9.991E-05 0.0891636 9.991E-05 0.00211056
9.9919E-05 0.0550824 0.0121127 0.0105244 9.9919E-05 0.713648 0.0240839 9.9919E-05 0.0812811 9.9919E-05 0.0132921 0.0761613 9.9919E-05 0.00333237 0.00958241 9.9919E-05 9.9919E-05 9.9919E-05 9.9919E-05
0.0248489 9.99101E-05 0.0214548 9.99101E-05 0.0208118 0.819643 0.0491412 9.99101E-05 0.0124803 9.99101E-05 9.99101E-05 9.99101E-05 0.0179277 0.0274767 9.99101E-05 9.99101E-05 9.99101E-05 0.00521622 9.99101E-05
9.99101E-05 9.99101E-05 0.000560911 9.99101E-05 0.0657965 0.571115 0.107217 0.0703835 9.99101E-05 9.99101E-05 0.0276029 9.99101E-05 9.99101E-05 9.99101E-05 0.0738884 9.99101E-05 9.99101E-05 0.0677208 0.0147156
9.98921E-05 9.98921E-05 9.98921E-05 9.98921E-05 0.0562321 0.784341 9.98921E-05 9.98921E-05 9.98921E-05 9.98921E-05 0.0125598 0.00977243 9.98921E-05 9.98921E-05 0.0129291 0.0911105 9.98921E-05 9.98921E-05 0.0318565
0.00822509 0.035928 0.0194326 0.00720139 0.109768 0.400599 0.0422206 0.137814 9.9946E-05 9.9946E-05 9.9946E-05 0.0641511 0.0775108 9.9946E-05 0.0312093 9.9946E-05 9.9946E-05 0.0600254 0.00531512
0.0468171 0.0314678 0.0210101 9.9937E-05 0.00886913 0.426092 9.9937E-05 0.150718 0.0833942 9.9937E-05 0.0473807 0.0159339 0.0738564 9.9937E-05 9.9937E-05 9.9937E-05 0.0679493 9.9937E-05 0.0258124
0.0059228 0.087445 0.00216031 0.0232477 0.0397336 0.48444 9.9955E-05 0.141176 9.9955E-05 9.9955E-05 0.0754192 0.0198136 0.0539687 0.0043286 9.9955E-05 9.9955E-05 0.0297516 0.017102 0.0149914
9.993E-05 9.993E-05 0.0687944 0.0330488 0.0220346 0.405002 0.0110034 0.154118 0.0884385 0.00155721 9.993E-05 9.993E-05 0.0410551 9.993E-05 0.150365 0.00258309 9.993E-05 0.0213006 9.993E-05
9.98652E-05 9.98652E-05 9.98652E-05 9.98652E-05 0.933334 9.98652E-05 9.98652E-05 9.98652E-05 0.00659154 9.98652E-05 9.98652E-05 9.98652E-05 9.98652E-05 9.98652E-05 0.021657 0.0369191 9.98652E-05 9.98652E-05 9.98652E-05
9.98383E-05 9.98383E-05 9.98383E-05 9.98383E-05 0.998203 9.98383E-05 9.98383E-05 9.98383E-05 9.98383E-05 9.98383E-05 9.98383E-05 9.98383E-05 9.98383E-05 9.98383E-05 9.98383E-05 9.98383E-05 9.98383E-05 9.98383E-05 9.98383E-05
9.98562E-05 9.98562E-05 9.98562E-05 9.98562E-05 0.973875 9.98562E-05 9.98562E-05 9.98562E-05 9.98562E-05 9.98562E-05 0.00688542 9.98562E-05 9.98562E-05 9.98562E-05 9.98562E-05 9.98562E-05 9.98562E-05 0.0176417 9.98562E-05
9.98383E-05 9.98383E-05 9.98383E-05 9.98383E-05 0.998203 9.98383E-05 9.98383E-05 9.98383E-05 9.98383E-05 9.98383E-05 9.98383E-05 9.98383E-05 9.98383E-05 9.98383E-05 9.98383E-05 9.98383E-05 9.98383E-05 9.98383E-05 9.98383E-05
0.0887647 0.0402636 0.00880722 9.99011E-05 0.717717 9.99011E-05 9.99011E-05 0.0563377 9.99011E-05 9.99011E-05 9.99011E-05 9.99011E-05 9.99011E-05 9.99011E-05 9.99011E-05 0.0383839 0.0116302 9.99011E-05 0.0369965
9.98472E-05 9.98472E-05 9.98472E-05 9.98472E-05 0.992024 9.98472E-05 9.98472E-05 9.98472E-05 9.98472E-05 9.98472E-05 9.98472E-05 0.00627856 9.98472E-05 9.98472E-05 9.98472E-05 9.98472E-05 9.98472E-05 9.98472E-05 9.98472E-05
9.98383E-05 9.98383E-05 9.98383E-05 9.98383E-05 0.998203 9.98383E-05 9.98383E-05 9.98383E-05 9.98383E-05 9.98383E-05 9.98383E-05 9.98383E-05 9.98383E-05 9.98383E-05 9.98383E-05 9.98383E-05 9.98383E-05 9.98383E-05 9.98383E-05
9.98652E-05 9.98652E-05 9.98652E-05 0.000464305 0.991275 9.98652E-05 9.98652E-05 9.98652E-05 0.00228176 9.98652E-05 9.98652E-05 9.98652E-05 9.98652E-05 9.98652E-05 9.98652E-05 9.98652E-05 9.98652E-05 0.00448048 9.98652E-05
9.98562E-05 9.98562E-05 9.98562E-05 9.98562E-05 0.99386 9.98562E-05 9.98562E-05 9.98562E-05 9.98562E-05 9.98562E-05 9.98562E-05 9.98562E-05 9.98562E-05 9.98562E-05 0.0038967 9.98562E-05 9.98562E-05 9.98562E-05 0.000645934
9.98383E-05 9.98383E-05 9.98383E-05 9.98383E-05 0.998203 9.98383E-05 9.98383E-05 9.98383E-05 9.98383E-05 9.98383E-05 9.98383E-05 9.98383E-05 9.98383E-05 9.98383E-05 9.98383E-05 9.98383E-05 9.98383E-05 9.98383E-05 9.98383E-05
9.98383E-05 9.98383E-05 9.98383E-05 9.98383E-05 0.998203 9.98383E-05 9.98383E-05 9.98383E-05 9.98383E-05 9.98383E-05 9.98383E-05 9.98383E-05 9.98383E-05 9.98383E-05 9.98383E-05 9.98383E-05 9.98383E-05 9.98383E-05 9.98383E-05
0.00147321 9.98921E-05 0.00236314 9.98921E-05 0.974443 9.98921E-05 0.00304444 9.98921E-05 9.98921E-05 9.98921E-05 0.00615835 9.98921E-05 9.98921E-05 9.98921E-05 0.0075537 9.98921E-05 9.98921E-05 9.98921E-05 0.00376506
9.98472E-05 9.98472E-05 9.98472E-05 9.98472E-05 0.988089 9.98472E-05 9.98472E-05 9.98472E-05 9.98472E-05 9.98472E-05 9.98472E-05 9.98472E-05 9.98472E-05 9.98472E-05 9.98472E-05 9.98472E-05 9.98472E-05 9.98472E-05 0.0102141
9.98964E-05 9.98964E-05 9.98964E-05 9.98964E-05 0.976579 9.98964E-05 9.98964E-05 0.00481365 0.00917567 9.98964E-05 0.000539551 0.00113795 0.00332316 9.98964E-05 9.98964E-05 9.98964E-05 9.98964E-05 9.98964E-05 0.003232
9.98562E-05 9.98562E-05 9.98562E-05 9.98562E-05 0.989396 9.98562E-05 9.98562E-05 9.98562E-05 9.98562E-05 9.98562E-05 9.98562E-05 9.98562E-05 9.98562E-05 9.98562E-05 0.0031441 0.0058624 9.98562E-05 9.98562E-05 9.98562E-05
0.00429061 0.0197722 0.00289847 9.9937E-05 0.538632 0.0941178 0.0954732 0.0532946 0.0498898 0.0416349 9.9937E-05 9.9937E-05 9.9937E-05 9.9937E-05 0.0353966 0.0496453 9.9937E-05 0.0142548 9.9937E-05
0.00457537 0.025766 9.98831E-05 9.98831E-05 0.946997 9.98831E-05 0.0107759 9.98831E-05 9.98831E-05 9.98831E-05 9.98831E-05 9.98831E-05 9.98831E-05 9.98831E-05 9.98831E-05 9.98831E-05 9.98831E-05 0.0100832 0.000503827
9.98652E-05 9.98652E-05 9.98652E-05 9.98652E-05 0.979786 9.98652E-05 9.98652E-05 9.98652E-05 0.00470806 9.98652E-05 0.000842523 9.98652E-05 9.98652E-05 9.98652E-05 9.98652E-05 9.98652E-05 9.98652E-05 9.98652E-05 0.013165
9.98921E-05 0.102894 9.98921E-05 9.98921E-05 0.106729 0.152573 9.98921E-05 0.448227 9.98921E-05 9.98921E-05 0.0709645 0.0388859 9.98921E-05 9.98921E-05 9.98921E-05 9.98921E-05 0.078528 9.98921E-05 9.98921E-05
9.9919E-05 0.0437534 0.00185019 9.9919E-05 0.0360399 0.0302209 0.256463 0.360132 9.9919E-05 9.9919E-05 0.0611655 0.0801038 9.9919E-05 9.9919E-05 0.0688994 9.9919E-05 0.0604726 9.9919E-05 9.9919E-05
9.9919E-05 0.0397721 0.0103947 9.9919E-05 0.0174478 9.9919E-05 0.272108 0.417264 9.9919E-05 9.9919E-05 0.00214469 0.0834777 0.00917504 9.9919E-05 0.0777674 9.9919E-05 0.0695489 9.9919E-05 9.9919E-05
9.9919E-05 0.0950995 9.9919E-05 0.0404266 0.0976866 0.383261 9.9919E-05 0.218427 0.0455733 9.9919E-05 0.0184715 0.00780909 9.9919E-05 9.9919E-05 0.0314257 0.0609199 9.9919E-05 9.9919E-05 9.9919E-05
9.9937E-05 0.0379635 9.9937E-05 9.9937E-05 0.113669 0.149378 0.0472734 0.162453 9.9937E-05 0.0136592 0.0384917 0.0920399 0.0706331 9.9937E-05 0.0763339 0.0576212 0.139784 9.9937E-05 9.9937E-05
9.9928E-05 0.00269026 9.9928E-05 0.0469077 0.0107537 0.198201 0.0160422 0.435388 0.0122863 0.0179401 9.9928E-05 9.9928E-05 9.9928E-05 0.00944209 9.9928E-05 0.0109581 0.238591 9.9928E-05 9.9928E-05
9.9937E-05 0.101735 0.0188946 0.0108638 0.114448 0.260081 9.9937E-05 0.194736 0.0479172 0.0169945 0.0367493 0.0860331 9.9937E-05 9.9937E-05 9.9937E-05 9.9937E-05 0.0763888 0.0344584 9.9937E-05
0.00628459 0.0446648 9.9919E-05 9.9919E-05 0.0508207 0.0659665 0.248221 0.364655 9.9919E-05 9.9919E-05 0.0368035 0.0933456 9.9919E-05 9.9919E-05 0.0424785 9.9919E-05 0.0458604 9.9919E-05 9.9919E-05
9.9955E-05 0.0984512 0.00506465 0.0249268 0.0752955 0.148988 0.0975394 0.367509 0.0316621 9.9955E-05 0.00172559 0.02886 0.0246503 9.9955E-05 0.00920339 0.00124848 0.0843754 9.9955E-05 9.9955E-05
9.9955E-05 0.019223 0.0221907 0.0133902 0.0333289 9.9955E-05 0.220527 0.484483 9.9955E-05 0.00040883 0.0148508 0.0279539 0.0290454 9.9955E-05 0.110133 9.9955E-05 0.0201039 0.00147726 0.00238452
0.00318959 0.0186815 0.0253662 0.0303115 0.0283833 0.132771 9.9973E-05 0.178072 0.0998818 0.00852669 0.00567239 0.0671919 0.0173332 0.0486865 0.0422528 0.0808353 0.212545 9.9973E-05 9.9973E-05
9.99535E-05 9.99535E-05 0.0156984 0.0220781 9.99535E-05 0.163607 9.99535E-05 0.259001 0.097078 0.022157 9.99535E-05 0.0885726 0.00648845 0.051878 0.0353422 0.0998871 0.134697 9.99535E-05 0.00291435
9.99281E-05 0.120969 0.00934491 9.99281E-05 0.180359 0.125213 0.0511812 0.200479 0.0153923 9.99281E-05 9.99281E-05 0.0704147 9.99281E-05 9.99281E-05 0.0127953 0.0817641 0.131288 9.99281E-05 9.99281E-05
9.9955E-05 0.0457918 9.9955E-05 0.0734016 0.0494922 0.195535 9.9955E-05 0.239317 0.000230597 0.0669981 0.0387767 0.0090673 0.0527722 9.9955E-05 0.0313632 0.0868965 0.0820736 0.0277838 9.9955E-05
0.0142659 0.0466624 9.9928E-05 0.0879926 0.0603708 0.252841 0.0315778 0.287091 9.9928E-05 9.9928E-05 0.000145585 0.0143439 9.9928E-05 9.9928E-05 0.0865221 9.9928E-05 9.9928E-05 0.117387 9.9928E-05
0.0325837 0.033469 9.9937E-05 9.9937E-05 0.0316911 9.9937E-05 0.278266 0.403093 9.9937E-05 9.9937E-05 0.0354869 0.0765531 0.00155181 9.9937E-05 0.0503811 9.9937E-05 0.0457857 0.00490198 0.00553749
9.9937E-05 0.100874 9.9937E-05 0.0168583 0.0740147 0.223633 9.9937E-05 0.137725 0.0187111 0.011062 0.111537 0.106897 9.9937E-05 0.0141439 9.9937E-05 9.9937E-05 0.0660728 0.11777 9.9937E-05
9.9973E-05 0.0313597 0.0276068 0.0873103 0.0184825 0.0978826 0.0841629 0.303381 9.9973E-05 0.0106002 0.0437762 0.0551241 0.00452545 9.9973E-05 0.0854187 0.0205956 0.0817553 0.0310225 0.0166965
9.99101E-05 9.99101E-05 0.0204709 9.99101E-05 0.0690626 0.0388632 0.0256594 0.540003 0.00987789 9.99101E-05 9.99101E-05 9.99101E-05 9.99101E-05 9.99101E-05 0.00275954 0.119205 0.129562 0.0436366 9.99101E-05
9.99191E-05 9.99191E-05 9.99191E-05 0.029685 0.113807 0.114908 0.0718711 0.445085 9.99191E-05 9.99191E-05 0.0401086 9.99191E-05 0.0142802 9.99191E-05 0.0366735 9.99191E-05 9.99191E-05 0.076926 0.0557569
