0.281576 0.466149 0.200784 0.0514919
0.345917 0.441907 0.212077 9.9991E-05
0.145923 0.579515 0.274462 9.9991E-05
0.502595 0.417461 0.046038 0.0339068
0.465237 0.320024 0.214639 9.9991E-05
0.464415 0.437517 0.000744916 0.0973229
0.594893 0.312656 0.0618847 0.0305668
0.303882 0.364658 0.281299 0.0501615
0.2966 0.501622 0.201677 9.9991E-05
0.295193 0.452052 0.252656 9.9991E-05
0.241287 0.360666 0.279841 0.118205
0.204338 0.786621 0.00894121 9.9991E-05
9.999E-05 0.717438 0.178139 0.104323
0.329859 0.659821 9.9991E-05 0.0102202
0.415858 0.52134 0.0277798 0.0350223
0.232487 0.745996 0.0214176 9.9991E-05
0.0973211 0.688691 9.9991E-05 0.213888
9.9982E-05 0.888516 0.111284 9.9982E-05
0.15204 0.693762 0.13731 0.0168872
0.35542 0.612659 0.0318217 9.9991E-05
0.0729498 0.55678 0.36492 0.00534988
9.9982E-05 0.50994 9.9982E-05 0.48986
0.221517 0.60495 9.9991E-05 0.173433
9.9991E-05 0.704705 0.223999 0.0711959
9.9991E-05 0.255193 0.0810115 0.663696
0.234061 0.167298 0.0406287 0.558013
0.119933 0.284706 0.12754 0.467821
9.9991E-05 0.43898 0.164522 0.396398
9.9982E-05 0.328565 9.9982E-05 0.671235
0.147919 0.569161 9.9991E-05 0.28282
9.9991E-05 0.460291 0.10061 0.438998
0.0811761 0.48909 9.9991E-05 0.429634
9.9991E-05 0.505156 0.271724 0.22302
0.177679 0.809066 0.000296438 0.0129584
0.197082 0.663196 0.11413 0.0255925
9.9991E-05 0.850039 0.122088 0.0277736
0.195901 0.735884 9.9991E-05 0.0681152
0.242942 0.555971 0.134996 0.0660903
9.998E-05 0.9997 9.998E-05 9.998E-05
0.229966 0.769834 9.9982E-05 9.9982E-05
9.9991E-05 0.799961 0.0937641 0.106175
0.150109 0.822315 9.9991E-05 0.0274762
9.9982E-05 0.807313 0.192487 9.9982E-05
0.0913646 0.715626 9.9991E-05 0.192909
0.117523 0.732501 0.149876 9.9991E-05
9.9991E-05 0.423491 0.136346 0.440063
0.155896 0.412412 9.9991E-05 0.431592
0.189374 0.502544 9.9991E-05 0.307982
9.9982E-05 0.756694 9.9982E-05 0.243106
0.13336 0.776484 9.9991E-05 0.0900565
0.160318 0.652537 0.0403849 0.14676
9.9991E-05 0.777568 0.156377 0.0659557
9.9982E-05 0.996086 0.00371374 9.9982E-05
9.9991E-05 0.381599 0.23153 0.38677
0.101506 0.721382 0.0265851 0.150527
0.183116 0.566989 0.0753289 0.174566
0.170905 0.342653 0.00752164 0.478921
9.9982E-05 0.751254 9.9982E-05 0.248546
0.057082 0.640846 9.9991E-05 0.301971
0.0181847 0.91764 0.0640748 9.9991E-05
9.9982E-05 0.97677 0.02303 9.9982E-05
9.9991E-05 0.667876 0.0351084 0.296916
9.9991E-05 0.0457929 0.0532212 0.900886
0.166537 0.01688 9.9991E-05 0.816483
9.9991E-05 0.184992 0.0613527 0.753555
0.187303 0.0678295 0.116469 0.628398
0.0602239 0.0672133 0.158314 0.714249
0.0441963 0.00228884 0.00566203 0.947853
0.0454559 9.9982E-05 9.9982E-05 0.954344
0.398783 9.9991E-05 0.0417542 0.559362
0.246639 9.9982E-05 9.9982E-05 0.753161
0.206536 9.9982E-05 9.9982E-05 0.793264
0.194574 9.9991E-05 0.141935 0.66339
0.162372 0.238878 0.028047 0.570702
9.9982E-05 0.113153 9.9982E-05 0.886647
0.0691081 0.150283 0.151634 0.628976
0.0500399 9.9991E-05 0.160824 0.789036
0.060169 0.235654 0.210049 0.494128
0.232222 0.182223 0.0307892 0.554766
9.9991E-05 0.398475 0.200745 0.400681
0.0983552 9.9991E-05 0.19193 0.709615
0.198761 0.0543695 0.0432553 0.703614
9.9991E-05 0.0939853 0.0333091 0.872606
0.120569 0.100969 0.138801 0.639661
0.0819721 9.9991E-05 0.174459 0.743469
0.13409 0.145878 9.9991E-05 0.719932
0.0255644 9.9991E-05 0.157685 0.81665
0.0195121 0.0568038 0.0495929 0.874091
0.0384407 0.0487987 9.9991E-05 0.912661
9.9982E-05 9.9982E-05 0.0832342 0.916566
0.010892 0.0737616 9.9991E-05 0.915246
9.9991E-05 0.0751096 0.0201624 0.904628
0.0252922 0.55803 9.9991E-05 0.416578
9.9982E-05 0.315115 9.9982E-05 0.684685
0.00598443 9.9982E-05 9.9982E-05 0.993816
9.9982E-05 0.123906 9.9982E-05 0.875894
9.9991E-05 0.0573769 0.138927 0.803596
9.9991E-05 0.105146 0.0992941 0.79546
0.0749968 9.9991E-05 0.103959 0.820944
0.0650761 0.0976559 0.0291947 0.808073
0.0562122 9.9982E-05 9.9982E-05 0.943588
0.0688671 9.9982E-05 9.9982E-05 0.930933
0.0364877 0.208003 9.9991E-05 0.755409
9.998E-05 9.998E-05 9.998E-05 0.9997
0.174254 9.9982E-05 9.9982E-05 0.825546
9.9991E-05 0.0188279 0.0499592 0.931113
0.498674 0.0139576 0.0464233 0.440945
0.0856699 9.9991E-05 0.346497 0.567733
0.141602 9.9991E-05 0.206217 0.652081
0.0278625 9.9991E-05 0.290811 0.681227
0.714187 9.9991E-05 0.22727 0.0584429
0.574544 0.0348932 0.14425 0.246313
0.787782 9.9991E-05 0.163391 0.0487271
0.790602 0.164563 0.044735 9.9991E-05
0.579181 9.9991E-05 0.103459 0.31726
0.685638 0.200183 0.111488 0.00269107
0.688988 0.310812 9.9982E-05 9.9982E-05
0.663708 9.9991E-05 0.0155753 0.320616
0.732074 0.103628 0.13519 0.0291084
0.464251 0.0938933 0.337089 0.104767
0.81543 9.9991E-05 0.0893728 0.0950977
0.580415 0.0285411 0.231239 0.159805
0.483091 0.0887421 0.345655 0.0825114
0.673519 0.0864906 0.15598 0.0840111
0.876748 0.00738585 0.115767 9.9991E-05
0.762284 9.9991E-05 0.176971 0.0606449
0.751717 0.0571692 0.191014 9.9991E-05
0.872953 0.0499397 0.077007 9.9991E-05
0.768597 9.9982E-05 0.231203 9.9982E-05
0.911577 9.9982E-05 9.9982E-05 0.0882231
0.711823 0.144535 0.143543 9.9991E-05
0.922196 9.9991E-05 0.0713238 0.00637984
0.9997 9.998E-05 9.998E-05 9.998E-05
0.559307 0.0176923 0.422901 9.9991E-05
0.881771 0.00642148 0.111707 9.9991E-05
0.9997 9.998E-05 9.998E-05 9.998E-05
0.758155 0.0612645 0.180481 9.9991E-05
0.806368 9.9991E-05 0.0897765 0.103755
0.769934 9.9982E-05 0.229866 9.9982E-05
0.936134 9.9982E-05 0.0636661 9.9982E-05
0.828634 9.9991E-05 0.0128892 0.158376
0.768788 9.9982E-05 0.231012 9.9982E-05
0.622475 9.9982E-05 0.377325 9.9982E-05
0.72461 9.9982E-05 0.27519 9.9982E-05
0.781551 9.9991E-05 0.207528 0.0108213
0.715518 0.0368293 0.147285 0.100368
0.906398 9.9982E-05 0.0934023 9.9982E-05
0.9997 9.998E-05 9.998E-05 9.998E-05
0.941991 0.0578086 9.9982E-05 9.9982E-05
0.618433 0.0116289 0.317927 0.0520112
0.9997 9.998E-05 9.998E-05 9.998E-05
0.744579 0.0276092 0.227712 9.9991E-05
0.853758 9.9982E-05 0.146042 9.9982E-05
0.928341 0.0309702 9.9991E-05 0.0405887
0.753876 0.0780614 0.167962 9.9991E-05
0.558157 0.0588122 0.20477 0.178261
0.705127 0.0315885 0.263185 9.9991E-05
0.68696 0.0446351 0.268305 9.9991E-05
0.540301 0.0232694 0.43633 9.9991E-05
0.772991 9.9991E-05 0.0452863 0.181623
0.538091 0.0999292 0.361879 9.9991E-05
0.7469 0.0335294 0.219471 9.9991E-05
0.549432 9.9991E-05 0.339138 0.111329
0.6743 0.11121 0.214324 0.000165838
0.381406 9.9982E-05 0.618394 9.9982E-05
0.392807 9.9991E-05 0.492376 0.114718
0.457108 9.9982E-05 0.542692 9.9982E-05
0.376643 9.9982E-05 0.623157 9.9982E-05
0.550539 9.9991E-05 0.384349 0.0650126
0.529916 9.9982E-05 0.469884 9.9982E-05
0.494273 9.9982E-05 0.505527 9.9982E-05
0.584327 9.9982E-05 0.415473 9.9982E-05
0.201333 0.0131266 0.720647 0.0648941
0.526734 9.9991E-05 0.170723 0.302443
0.0975364 0.128338 0.709062 0.0650639
0.150237 0.21383 0.613023 0.0229101
0.221461 9.9991E-05 0.628747 0.149693
0.43898 9.9982E-05 0.56082 9.9982E-05
0.302278 9.9982E-05 0.697522 9.9982E-05
0.501811 9.9982E-05 0.497989 9.9982E-05
0.150998 9.9991E-05 0.810892 0.03801
9.9982E-05 9.9982E-05 0.966933 0.0328669
0.299574 9.9991E-05 0.689011 0.0113154
0.101075 9.9991E-05 0.772872 0.125953
0.311797 0.0545753 0.571326 0.0623016
0.264635 0.0074131 0.571632 0.15632
0.240654 9.9991E-05 0.694659 0.0645869
9.9982E-05 0.00878115 0.991019 9.9982E-05
0.359918 9.9991E-05 0.500758 0.139224
0.42811 0.0638851 0.507905 9.9991E-05
0.253549 0.0243966 0.673183 0.0488713
0.279402 9.9991E-05 0.712855 0.00764344
0.420287 0.0665073 0.513106 9.9991E-05
9.9982E-05 9.9982E-05 0.908834 0.0909657
0.10116 9.9991E-05 0.854649 0.0440908
0.0359582 9.9982E-05 0.963842 9.9982E-05
0.235435 9.9982E-05 0.764365 9.9982E-05
9.998E-05 9.998E-05 0.9997 9.998E-05
9.998E-05 9.998E-05 0.9997 9.998E-05
9.998E-05 9.998E-05 0.9997 9.998E-05
9.998E-05 9.998E-05 0.9997 9.998E-05
9.998E-05 9.998E-05 0.9997 9.998E-05
9.9982E-05 9.9982E-05 0.976465 0.0233352
9.998E-05 9.998E-05 0.9997 9.998E-05
9.998E-05 9.998E-05 0.9997 9.998E-05
9.998E-05 9.998E-05 0.9997 9.998E-05
9.998E-05 9.998E-05 0.9997 9.998E-05
9.9982E-05 9.9982E-05 0.995557 0.00424254
9.9982E-05 0.0072719 0.992528 9.9982E-05
9.9982E-05 0.0344282 0.965372 9.9982E-05
9.998E-05 9.998E-05 0.9997 9.998E-05
9.998E-05 9.998E-05 0.9997 9.998E-05
0.135396 9.9982E-05 0.864404 9.9982E-05
0.132619 9.9982E-05 0.867181 9.9982E-05
0.0134766 0.0770107 0.909413 9.9991E-05
0.09689 9.9991E-05 0.810489 0.0925214
0.0714217 9.9982E-05 0.928378 9.9982E-05
0.049569 0.0259796 0.924351 9.9991E-05
0.0943062 0.00772315 0.787695 0.110276
9.998E-05 9.998E-05 0.9997 9.998E-05
0.0489708 9.9991E-05 0.870994 0.0799354
9.998E-05 9.998E-05 0.9997 9.998E-05
9.998E-05 9.998E-05 0.9997 9.998E-05
0.0641022 9.9991E-05 0.935536 0.000262128
0.287076 0.0942336 0.61859 9.9991E-05
9.9982E-05 0.0431101 0.95669 9.9982E-05
0.318616 0.061717 0.619567 9.9991E-05
9.9982E-05 9.9982E-05 0.936128 0.0636716
0.294353 0.0669124 0.612336 0.0263982
0.281621 9.9991E-05 0.621992 0.0962873
9.9991E-05 0.0148207 0.857016 0.128064
9.9991E-05 0.0435387 0.894892 0.0614692
0.247404 9.9991E-05 0.657428 0.0950679
0.0777278 0.049172 0.873 9.9991E-05
0.103524 0.0851989 0.730373 0.0809044
0.19688 0.014246 0.724111 0.0647628
0.197278 0.00622598 0.796396 9.9991E-05
0.0690923 0.201463 0.725725 0.00371955
0.0394981 0.210814 0.749587 9.9991E-05
9.9991E-05 0.0258009 0.920638 0.0534613
0.246779 0.0545311 0.69859 9.9991E-05
9.9982E-05 0.0967391 0.903061 9.9982E-05
