0.504989 0.0891292 9.98652E-05 9.98652E-05 0.198396 0.110568 9.98652E-05 9.98652E-05 0.0347546 9.98652E-05 9.98652E-05 9.98652E-05 9.98652E-05 9.98652E-05 9.98652E-05 0.00918497 9.98652E-05 9.98652E-05 9.98652E-05 0.0514808 9.98652E-05 9.98652E-05
0.760868 9.98831E-05 9.98831E-05 9.98831E-05 0.0259408 9.98831E-05 9.98831E-05 9.98831E-05 9.98831E-05 9.98831E-05 0.0141809 9.98831E-05 0.0446954 9.98831E-05 0.0361368 9.98831E-05 0.0272612 9.98831E-05 0.0201643 0.0293244 9.98831E-05 0.0401301
0.980772 9.98204E-05 9.98204E-05 9.98204E-05 9.98204E-05 0.0172319 9.98204E-05 9.98204E-05 9.98204E-05 9.98204E-05 9.98204E-05 9.98204E-05 9.98204E-05 9.98204E-05 9.98204E-05 9.98204E-05 9.98204E-05 9.98204E-05 9.98204E-05 9.98204E-05 9.98204E-05 9.98204E-05
0.710783 0.0117954 9.98651E-05 9.98651E-05 9.98651E-05 9.98651E-05 9.98651E-05 9.98651E-05 9.98651E-05 9.98651E-05 0.0288331 0.0317721 9.98651E-05 9.98651E-05 0.098038 9.98651E-05 9.98651E-05 9.98651E-05 0.111344 9.98651E-05 0.0059365 9.98651E-05
0.661301 0.00192863 9.98562E-05 9.98562E-05 9.98562E-05 9.98562E-05 9.98562E-05 9.98562E-05 9.98562E-05 9.98562E-05 9.98562E-05 9.98562E-05 0.0849725 9.98562E-05 9.98562E-05 9.98562E-05 9.98562E-05 9.98562E-05 0.193728 0.0519108 0.00456165 9.98562E-05
0.777156 0.0133633 9.98921E-05 0.000829453 0.0297322 9.98921E-05 9.98921E-05 0.0123883 0.0317232 0.0314462 9.98921E-05 0.0470242 9.98921E-05 9.98921E-05 9.98921E-05 0.0215935 9.98921E-05 9.98921E-05 0.0335448 9.98921E-05 9.98921E-05 9.98921E-05
0.516668 9.98472E-05 9.98472E-05 9.98472E-05 0.254641 9.98472E-05 9.98472E-05 9.98472E-05 0.00298086 9.98472E-05 9.98472E-05 9.98472E-05 9.98472E-05 9.98472E-05 9.98472E-05 0.175175 9.98472E-05 0.0488373 9.98472E-05 9.98472E-05 9.98472E-05 9.98472E-05
0.848255 9.98293E-05 9.98293E-05 0.028579 9.98293E-05 9.98293E-05 9.98293E-05 0.121269 9.98293E-05 9.98293E-05 9.98293E-05 9.98293E-05 9.98293E-05 9.98293E-05 9.98293E-05 9.98293E-05 9.98293E-05 9.98293E-05 9.98293E-05 9.98293E-05 9.98293E-05 9.98293E-05
0.748313 9.98472E-05 9.98472E-05 9.98472E-05 9.98472E-05 9.98472E-05 0.0343222 9.98472E-05 0.153476 9.98472E-05 9.98472E-05 0.0358063 9.98472E-05 9.98472E-05 9.98472E-05 9.98472E-05 0.0263845 9.98472E-05 9.98472E-05 9.98472E-05 9.98472E-05 9.98472E-05
0.887685 0.00803244 9.98562E-05 9.98562E-05 9.98562E-05 0.0186608 0.005297 0.018024 9.98562E-05 9.98562E-05 9.98562E-05 9.98562E-05 9.98562E-05 0.0607029 9.98562E-05 9.98562E-05 9.98562E-05 9.98562E-05 9.98562E-05 9.98562E-05 9.98562E-05 9.98562E-05
0.72468 9.98562E-05 0.00497412 0.117593 0.0483811 9.98562E-05 9.98562E-05 9.98562E-05 9.98562E-05 0.0342186 9.98562E-05 9.98562E-05 0.0685548 9.98562E-05 9.98562E-05 9.98562E-05 9.98562E-05 9.98562E-05 9.98562E-05 9.98562E-05 9.98562E-05 9.98562E-05
9.98113E-05 9.98113E-05 9.98113E-05 9.98113E-05 9.98113E-05 9.98113E-05 9.98113E-05 9.98113E-05 9.98113E-05 9.98113E-05 0.997904 9.98113E-05 9.98113E-05 9.98113E-05 9.98113E-05 9.98113E-05 9.98113E-05 9.98113E-05 9.98113E-05 9.98113E-05 9.98113E-05 9.98113E-05
9.98651E-05 9.98651E-05 9.98651E-05 9.98651E-05 9.98651E-05 9.98651E-05 9.98651E-05 0.0361778 9.98651E-05 9.98651E-05 0.35666 9.98651E-05 0.0376805 0.417487 9.98651E-05 9.98651E-05 9.98651E-05 9.98651E-05 9.98651E-05 0.0265262 0.0854169 0.0385535
9.98562E-05 9.98562E-05 9.98562E-05 9.98562E-05 0.023821 0.170979 9.98562E-05 9.98562E-05 9.98562E-05 9.98562E-05 0.341167 9.98562E-05 9.98562E-05 9.98562E-05 9.98562E-05 0.0170565 9.98562E-05 9.98562E-05 0.414727 9.98562E-05 9.98562E-05 0.0306515
9.98921E-05 9.98921E-05 0.0167774 9.98921E-05 0.0517888 0.0232376 0.0501718 9.98921E-05 9.98921E-05 9.98921E-05 0.0975249 9.98921E-05 9.98921E-05 0.320714 9.98921E-05 0.0884072 9.98921E-05 0.0212443 0.321328 0.00760678 9.98921E-05 9.98921E-05
9.98403E-05 9.98403E-05 9.98403E-05 9.98403E-05 0.0430554 9.98403E-05 0.00847484 9.98403E-05 0.0101278 9.98403E-05 0.103602 9.98403E-05 9.98403E-05 0.744881 9.98403E-05 9.98403E-05 9.98403E-05 9.98403E-05 0.0882608 9.98403E-05 9.98403E-05 9.98403E-05
0.00898755 9.98561E-05 9.98561E-05 0.0164234 9.98561E-05 9.98561E-05 9.98561E-05 9.98561E-05 9.98561E-05 9.98561E-05 0.75792 9.98561E-05 9.98561E-05 9.98561E-05 9.98561E-05 0.0876316 9.98561E-05 9.98561E-05 0.0137513 0.113689 9.98561E-05 9.98561E-05
9.98651E-05 9.98651E-05 9.98651E-05 0.051606 9.98651E-05 9.98651E-05 9.98651E-05 0.031798 9.98651E-05 9.98651E-05 0.441078 0.0904757 0.0420885 0.157068 9.98651E-05 9.98651E-05 0.184388 9.98651E-05 9.98651E-05 9.98651E-05 9.98651E-05 9.98651E-05
9.98472E-05 9.98472E-05 0.0829026 9.98472E-05 9.98472E-05 9.98472E-05 0.0212232 0.121257 9.98472E-05 9.98472E-05 0.131073 9.98472E-05 9.98472E-05 0.641846 9.98472E-05 9.98472E-05 9.98472E-05 9.98472E-05 9.98472E-05 9.98472E-05 9.98472E-05 9.98472E-05
9.98741E-05 9.98741E-05 9.98741E-05 0.0233648 9.98741E-05 0.176954 9.98741E-05 0.0151421 9.98741E-05 9.98741E-05 0.230386 9.98741E-05 9.98741E-05 0.117084 9.98741E-05 9.98741E-05 0.0516039 9.98741E-05 0.35109 0.0329767 9.98741E-05 9.98741E-05
9.9892E-05 0.121061 0.0360546 9.9892E-05 9.9892E-05 0.0842403 0.041231 0.0166006 9.9892E-05 9.9892E-05 0.372929 9.9892E-05 9.9892E-05 9.9892E-05 0.0373573 0.0420562 0.143578 0.103693 9.9892E-05 9.9892E-05 9.9892E-05 9.9892E-05
9.98561E-05 9.98561E-05 9.98561E-05 0.0733329 9.98561E-05 0.135102 0.0457611 9.98561E-05 9.98561E-05 9.98561E-05 9.98561E-05 0.0870474 9.98561E-05 0.124915 0.532244 9.98561E-05 9.98561E-05 9.98561E-05 9.98561E-05 9.98561E-05 9.98561E-05 9.98561E-05
9.98921E-05 0.0418687 9.98921E-05 9.98921E-05 9.98921E-05 0.0875661 9.98921E-05 9.98921E-05 0.00430588 9.98921E-05 9.98921E-05 0.0179595 9.98921E-05 0.167206 0.181948 0.0608204 9.98921E-05 0.00852751 0.0412398 9.98921E-05 9.98921E-05 0.38736
0.0323374 9.98901E-05 0.136662 9.98901E-05 9.98901E-05 0.00608439 0.0241439 0.0271597 9.98901E-05 9.98901E-05 0.0705739 9.98901E-05 0.00330796 9.98901E-05 0.131085 9.98901E-05 0.00651706 0.0130123 9.98901E-05 9.98901E-05 9.98901E-05 0.548017
9.98113E-05 9.98113E-05 9.98113E-05 9.98113E-05 9.98113E-05 9.98113E-05 9.98113E-05 9.98113E-05 9.98113E-05 9.98113E-05 9.98113E-05 9.98113E-05 9.98113E-05 9.98113E-05 0.997904 9.98113E-05 9.98113E-05 9.98113E-05 9.98113E-05 9.98113E-05 9.98113E-05 9.98113E-05
9.98741E-05 9.98741E-05 9.98741E-05 9.98741E-05 0.191937 9.98741E-05 0.00282832 9.98741E-05 9.98741E-05 9.98741E-05 9.98741E-05 9.98741E-05 9.98741E-05 0.059771 0.409898 0.0514723 0.0125161 9.98741E-05 0.223408 9.98741E-05 9.98741E-05 0.0467702
9.99011E-05 0.0349591 9.99011E-05 0.122042 0.0154384 0.00485571 0.0159388 9.99011E-05 0.0368057 0.00215446 0.152836 9.99011E-05 0.115128 9.99011E-05 0.374047 0.124696 9.99011E-05 9.99011E-05 9.99011E-05 9.99011E-05 9.99011E-05 9.99011E-05
9.98202E-05 9.98202E-05 9.98202E-05 9.98202E-05 9.98202E-05 9.98202E-05 9.98202E-05 9.98202E-05 9.98202E-05 9.98202E-05 9.98202E-05 9.98202E-05 9.98202E-05 9.98202E-05 0.96719 9.98202E-05 9.98202E-05 9.98202E-05 9.98202E-05 9.98202E-05 9.98202E-05 0.0308139
9.98186E-05 9.98186E-05 9.98186E-05 9.98186E-05 9.98186E-05 9.98186E-05 9.98186E-05 9.98186E-05 9.98186E-05 9.98186E-05 9.98186E-05 9.98186E-05 9.98186E-05 9.98186E-05 9.98186E-05 9.98186E-05 9.98186E-05 9.98186E-05 9.98186E-05 9.98186E-05 9.98186E-05 0.997904
9.98292E-05 9.98292E-05 9.98292E-05 9.98292E-05 9.98292E-05 9.98292E-05 9.98292E-05 9.98292E-05 9.98292E-05 9.98292E-05 9.98292E-05 9.98292E-05 9.98292E-05 9.98292E-05 0.0337859 9.98292E-05 9.98292E-05 9.98292E-05 9.98292E-05 9.98292E-05 0.00158996 0.962727
9.98293E-05 9.98293E-05 9.98293E-05 9.98293E-05 9.98293E-05 9.98293E-05 9.98293E-05 9.98293E-05 9.98293E-05 9.98293E-05 9.98293E-05 0.00858753 9.98293E-05 9.98293E-05 0.0247824 9.98293E-05 9.98293E-05 9.98293E-05 9.98293E-05 0.964733 9.98293E-05 9.98293E-05
9.98292E-05 9.98292E-05 9.98292E-05 9.98292E-05 9.98292E-05 9.98292E-05 9.98292E-05 0.0215796 9.98292E-05 0.00584339 9.98292E-05 9.98292E-05 9.98292E-05 9.98292E-05 9.98292E-05 9.98292E-05 9.98292E-05 9.98292E-05 9.98292E-05 0.97068 9.98292E-05 9.98292E-05
0.0311327 0.118366 0.0722895 0.17691 9.98921E-05 0.154062 9.98921E-05 9.98921E-05 9.98921E-05 0.0702502 9.98921E-05 9.98921E-05 0.119212 0.13226 0.0776821 9.98921E-05 0.046638 9.98921E-05 9.98921E-05 9.98921E-05 9.98921E-05 9.98921E-05
9.98382E-05 9.98382E-05 9.98382E-05 9.98382E-05 9.98382E-05 9.98382E-05 0.0119099 9.98382E-05 9.98382E-05 0.0329267 9.98382E-05 9.98382E-05 9.98382E-05 9.98382E-05 9.98382E-05 9.98382E-05 0.928201 9.98382E-05 9.98382E-05 9.98382E-05 9.98382E-05 0.025165
9.9919E-05 0.0393648 9.9919E-05 9.9919E-05 0.176673 0.0291943 0.0600643 9.9919E-05 0.0327175 0.150564 9.9919E-05 9.9919E-05 0.0484808 0.19078 0.0426011 0.10584 0.0500195 0.0371829 9.9919E-05 9.9919E-05 9.9919E-05 0.0356182
9.98113E-05 9.98113E-05 9.98113E-05 9.98113E-05 9.98113E-05 9.98113E-05 9.98113E-05 9.98113E-05 9.98113E-05 9.98113E-05 9.98113E-05 9.98113E-05 9.98113E-05 9.98113E-05 9.98113E-05 9.98113E-05 0.997904 9.98113E-05 9.98113E-05 9.98113E-05 9.98113E-05 9.98113E-05
0.0689719 9.9892E-05 9.9892E-05 0.0120381 9.9892E-05 9.9892E-05 9.9892E-05 9.9892E-05 0.0197314 0.0533405 9.9892E-05 9.9892E-05 0.0123967 0.634638 0.069573 0.0379257 0.0405842 9.9892E-05 0.0496014 9.9892E-05 9.9892E-05 9.9892E-05
9.98831E-05 9.98831E-05 0.00396418 9.98831E-05 0.0104344 9.98831E-05 9.98831E-05 9.98831E-05 0.20214 9.98831E-05 0.0655389 9.98831E-05 9.98831E-05 0.248804 0.124606 0.000130687 0.269077 0.0740063 9.98831E-05 9.98831E-05 9.98831E-05 9.98831E-05
9.98113E-05 9.98113E-05 9.98113E-05 9.98113E-05 9.98113E-05 9.98113E-05 9.98113E-05 9.98113E-05 9.98113E-05 0.997904 9.98113E-05 9.98113E-05 9.98113E-05 9.98113E-05 9.98113E-05 9.98113E-05 9.98113E-05 9.98113E-05 9.98113E-05 9.98113E-05 9.98113E-05 9.98113E-05
0.060098 9.98651E-05 9.98651E-05 9.98651E-05 0.0183154 0.0577073 9.98651E-05 9.98651E-05 0.0301932 0.775296 9.98651E-05 9.98651E-05 0.042263 9.98651E-05 9.98651E-05 9.98651E-05 9.98651E-05 9.98651E-05 0.0146292 9.98651E-05 9.98651E-05 9.98651E-05
9.98202E-05 9.98202E-05 9.98202E-05 9.98202E-05 9.98202E-05 0.995947 9.98202E-05 9.98202E-05 9.98202E-05 0.0020562 9.98202E-05 9.98202E-05 9.98202E-05 9.98202E-05 9.98202E-05 9.98202E-05 9.98202E-05 9.98202E-05 9.98202E-05 9.98202E-05 9.98202E-05 9.98202E-05
9.99011E-05 0.00408525 9.99011E-05 9.99011E-05 0.020091 0.384284 0.00519436 9.99011E-05 0.0450375 0.281131 9.99011E-05 0.0489797 9.99011E-05 0.0671346 9.99011E-05 9.99011E-05 9.99011E-05 0.00896171 9.99011E-05 0.0883879 9.99011E-05 0.0456138
9.98113E-05 9.98113E-05 9.98113E-05 9.98113E-05 9.98113E-05 0.997904 9.98113E-05 9.98113E-05 9.98113E-05 9.98113E-05 9.98113E-05 9.98113E-05 9.98113E-05 9.98113E-05 9.98113E-05 9.98113E-05 9.98113E-05 9.98113E-05 9.98113E-05 9.98113E-05 9.98113E-05 9.98113E-05
9.98202E-05 9.98202E-05 9.98202E-05 9.98202E-05 9.98202E-05 9.98202E-05 9.98202E-05 9.98202E-05 9.98202E-05 0.00671468 9.98202E-05 9.98202E-05 9.98202E-05 0.991289 9.98202E-05 9.98202E-05 9.98202E-05 9.98202E-05 9.98202E-05 9.98202E-05 9.98202E-05 9.98202E-05
9.98921E-05 0.118974 0.0178761 9.98921E-05 0.0304595 0.0463919 0.0719425 9.98921E-05 9.98921E-05 0.429797 9.98921E-05 9.98921E-05 0.0315522 0.107029 9.98921E-05 9.98921E-05 9.98921E-05 9.98921E-05 0.0194688 0.125311 9.98921E-05 9.98921E-05
9.98831E-05 9.98831E-05 9.98831E-05 0.134576 9.98831E-05 0.055227 9.98831E-05 9.98831E-05 9.98831E-05 9.98831E-05 9.98831E-05 0.493459 0.0878161 9.98831E-05 0.0494741 9.98831E-05 9.98831E-05 0.00444425 0.0502556 0.109082 9.98831E-05 0.0143682
9.98472E-05 9.98472E-05 9.98472E-05 0.100832 0.0183886 9.98472E-05 9.98472E-05 9.98472E-05 0.149579 9.98472E-05 9.98472E-05 0.716766 9.98472E-05 9.98472E-05 9.98472E-05 9.98472E-05 9.98472E-05 0.0127368 9.98472E-05 9.98472E-05 9.98472E-05 9.98472E-05
0.0617891 9.98471E-05 9.98471E-05 9.98471E-05 0.833487 9.98471E-05 9.98471E-05 9.98471E-05 9.98471E-05 0.0190239 0.0814166 9.98471E-05 9.98471E-05 9.98471E-05 9.98471E-05 9.98471E-05 9.98471E-05 0.00258564 9.98471E-05 9.98471E-05 9.98471E-05 9.98471E-05
9.98741E-05 9.98741E-05 9.98741E-05 0.0163185 0.0180615 0.00791835 9.98741E-05 9.98741E-05 9.98741E-05 9.98741E-05 0.103641 0.14369 9.98741E-05 0.0107107 9.98741E-05 9.98741E-05 0.226675 9.98741E-05 9.98741E-05 0.471587 9.98741E-05 9.98741E-05
9.98651E-05 0.0205787 9.98651E-05 0.0568014 9.98651E-05 9.98651E-05 0.0519592 9.98651E-05 9.98651E-05 0.0232784 9.98651E-05 0.669157 9.98651E-05 0.137813 9.98651E-05 9.98651E-05 9.98651E-05 9.98651E-05 0.0389137 9.98651E-05 9.98651E-05 9.98651E-05
9.98741E-05 0.0643332 0.0198362 9.98741E-05 0.216974 9.98741E-05 9.98741E-05 9.98741E-05 9.98741E-05 9.98741E-05 9.98741E-05 0.0681332 9.98741E-05 9.98741E-05 9.98741E-05 9.98741E-05 0.27903 9.98741E-05 9.98741E-05 0.325035 0.00647968 0.0187806
9.98741E-05 9.98741E-05 9.98741E-05 9.98741E-05 9.98741E-05 0.0369581 0.0933071 9.98741E-05 9.98741E-05 9.98741E-05 0.0127699 0.569142 0.109098 9.98741E-05 0.0785982 0.0493058 0.0494231 9.98741E-05 9.98741E-05 9.98741E-05 9.98741E-05 9.98741E-05
9.98202E-05 9.98202E-05 9.98202E-05 9.98202E-05 9.98202E-05 9.98202E-05 9.98202E-05 9.98202E-05 9.98202E-05 0.00710841 9.98202E-05 0.990895 9.98202E-05 9.98202E-05 9.98202E-05 9.98202E-05 9.98202E-05 9.98202E-05 9.98202E-05 9.98202E-05 9.98202E-05 9.98202E-05
9.98831E-05 0.117472 0.0745516 0.0448581 0.212518 9.98831E-05 0.0232782 9.98831E-05 9.98831E-05 9.98831E-05 9.98831E-05 0.195985 0.0662863 9.98831E-05 9.98831E-05 9.98831E-05 9.98831E-05 9.98831E-05 9.98831E-05 9.98831E-05 0.0218257 0.241926
0.0266181 9.9901E-05 9.9901E-05 9.9901E-05 9.9901E-05 0.0254671 0.0384568 9.9901E-05 9.9901E-05 9.9901E-05 0.0930372 0.470085 9.9901E-05 9.9901E-05 9.9901E-05 0.0506737 0.00263514 0.00058217 9.9901E-05 0.0714928 0.0742282 0.145625
9.98831E-05 0.039414 9.98831E-05 9.98831E-05 9.98831E-05 0.0358124 9.98831E-05 9.98831E-05 9.98831E-05 9.98831E-05 9.98831E-05 0.521392 0.0228742 9.98831E-05 9.98831E-05 0.134022 0.0353348 9.98831E-05 0.0752401 0.0428619 0.0917504 9.98831E-05
9.98112E-05 9.98112E-05 9.98112E-05 9.98112E-05 0.997904 9.98112E-05 9.98112E-05 9.98112E-05 9.98112E-05 9.98112E-05 9.98112E-05 9.98112E-05 9.98112E-05 9.98112E-05 9.98112E-05 9.98112E-05 9.98112E-05 9.98112E-05 9.98112E-05 9.98112E-05 9.98112E-05 9.98112E-05
9.98471E-05 9.98471E-05 9.98471E-05 9.98471E-05 0.0666574 9.98471E-05 9.98471E-05 0.00791556 9.98471E-05 9.98471E-05 9.98471E-05 0.526081 9.98471E-05 0.250533 9.98471E-05 9.98471E-05 9.98471E-05 9.98471E-05 9.98471E-05 9.98471E-05 9.98471E-05 0.147116
0.0403759 9.991E-05 0.00795998 0.262962 0.126488 9.991E-05 9.991E-05 0.0107881 9.991E-05 0.0682989 0.0665919 0.24858 9.991E-05 0.00770554 9.991E-05 9.991E-05 0.105398 9.991E-05 9.991E-05 0.00921056 9.991E-05 0.0446417
0.0669987 9.98741E-05 9.98741E-05 9.98741E-05 9.98741E-05 0.109249 9.98741E-05 9.98741E-05 9.98741E-05 9.98741E-05 0.00606985 0.496973 9.98741E-05 9.98741E-05 0.204432 9.98741E-05 0.0761163 9.98741E-05 0.00996847 9.98741E-05 0.0287945 9.98741E-05
9.98382E-05 9.98382E-05 9.98382E-05 9.98382E-05 9.98382E-05 9.98382E-05 9.98382E-05 0.0380775 9.98382E-05 9.98382E-05 9.98382E-05 0.320087 9.98382E-05 9.98382E-05 9.98382E-05 9.98382E-05 0.449837 9.98382E-05 9.98382E-05 9.98382E-05 0.190201 9.98382E-05
9.98652E-05 9.98652E-05 9.98652E-05 0.403303 0.20834 0.18641 9.98652E-05 0.0284373 9.98652E-05 9.98652E-05 9.98652E-05 0.134984 9.98652E-05 9.98652E-05 0.0280291 9.98652E-05 9.98652E-05 0.00899865 9.98652E-05 9.98652E-05 9.98652E-05 9.98652E-05
9.98831E-05 0.000251952 0.0762878 9.98831E-05 9.98831E-05 9.98831E-05 0.0909733 9.98831E-05 9.98831E-05 9.98831E-05 9.98831E-05 0.0670028 9.98831E-05 0.0394137 9.98831E-05 0.409738 9.98831E-05 9.98831E-05 9.98831E-05 0.0761112 0.063319 0.175604
9.98382E-05 9.98382E-05 9.98382E-05 0.00610177 9.98382E-05 9.98382E-05 9.98382E-05 9.98382E-05 0.0125913 9.98382E-05 9.98382E-05 9.98382E-05 9.98382E-05 9.98382E-05 9.98382E-05 0.949104 0.030406 9.98382E-05 9.98382E-05 9.98382E-05 9.98382E-05 9.98382E-05
0.00693604 9.98921E-05 9.98921E-05 0.0442537 9.98921E-05 9.98921E-05 0.00953627 9.98921E-05 9.98921E-05 0.0399753 0.0415843 0.0360869 9.98921E-05 0.0362282 9.98921E-05 0.595856 9.98921E-05 9.98921E-05 9.98921E-05 9.98921E-05 0.0569905 0.131354
9.98502E-05 9.98502E-05 0.235865 9.98502E-05 9.98502E-05 0.024379 0.0105923 0.08984 9.98502E-05 9.98502E-05 9.98502E-05 0.0113696 9.98502E-05 9.98502E-05 9.98502E-05 0.597451 9.98502E-05 0.029005 9.98502E-05 9.98502E-05 9.98502E-05 9.98502E-05
9.98561E-05 9.98561E-05 9.98561E-05 9.98561E-05 0.0387061 9.98561E-05 9.98561E-05 9.98561E-05 9.98561E-05 9.98561E-05 9.98561E-05 9.98561E-05 0.0598499 0.10698 0.0597038 0.700526 9.98561E-05 0.0326366 9.98561E-05 9.98561E-05 9.98561E-05 9.98561E-05
9.98651E-05 9.98651E-05 0.162086 9.98651E-05 9.98651E-05 9.98651E-05 0.014996 9.98651E-05 9.98651E-05 9.98651E-05 9.98651E-05 9.98651E-05 9.98651E-05 9.98651E-05 0.00365217 0.432232 0.0846238 9.98651E-05 9.98651E-05 0.210146 0.0907669 9.98651E-05
9.98382E-05 9.98382E-05 0.806203 9.98382E-05 9.98382E-05 9.98382E-05 9.98382E-05 9.98382E-05 9.98382E-05 9.98382E-05 9.98382E-05 0.0613617 9.98382E-05 9.98382E-05 9.98382E-05 0.0771718 9.98382E-05 9.98382E-05 9.98382E-05 9.98382E-05 9.98382E-05 0.0534668
9.98472E-05 0.0317572 0.276884 9.98472E-05 9.98472E-05 9.98472E-05 9.98472E-05 9.98472E-05 9.98472E-05 9.98472E-05 9.98472E-05 9.98472E-05 9.98472E-05 9.98472E-05 9.98472E-05 0.270615 9.98472E-05 9.98472E-05 0.410318 9.98472E-05 0.00872858 9.98472E-05
9.98741E-05 9.98741E-05 0.0116017 0.100038 0.0549448 9.98741E-05 9.98741E-05 0.0323066 0.107876 9.98741E-05 9.98741E-05 9.98741E-05 9.98741E-05 9.98741E-05 0.000398653 0.677377 9.98741E-05 0.0140589 9.98741E-05 9.98741E-05 9.98741E-05 9.98741E-05
9.98831E-05 9.98831E-05 0.421447 0.136695 9.98831E-05 9.98831E-05 0.0818125 9.98831E-05 0.0244786 9.98831E-05 9.98831E-05 9.98831E-05 9.98831E-05 9.98831E-05 9.98831E-05 0.08965 0.0479009 9.98831E-05 0.106788 0.000186545 9.98831E-05 0.089743
0.000520776 0.145177 0.384887 9.98741E-05 9.98741E-05 9.98741E-05 9.98741E-05 9.98741E-05 0.0138731 0.0452831 0.0464679 9.98741E-05 9.98741E-05 9.98741E-05 9.98741E-05 0.314973 9.98741E-05 9.98741E-05 9.98741E-05 9.98741E-05 0.0474197 9.98741E-05
9.98472E-05 9.98472E-05 0.110133 9.98472E-05 9.98472E-05 9.98472E-05 9.98472E-05 9.98472E-05 9.98472E-05 9.98472E-05 9.98472E-05 9.98472E-05 0.057338 0.0571616 9.98472E-05 9.98472E-05 9.98472E-05 9.98472E-05 9.98472E-05 0.740048 0.033622 9.98472E-05
9.98203E-05 9.98203E-05 0.963219 9.98203E-05 9.98203E-05 9.98203E-05 9.98203E-05 9.98203E-05 9.98203E-05 9.98203E-05 9.98203E-05 9.98203E-05 9.98203E-05 9.98203E-05 0.0347844 9.98203E-05 9.98203E-05 9.98203E-05 9.98203E-05 9.98203E-05 9.98203E-05 9.98203E-05
9.98831E-05 9.98831E-05 0.728105 9.98831E-05 9.98831E-05 0.0349496 0.0396858 0.0529325 9.98831E-05 9.98831E-05 9.98831E-05 9.98831E-05 0.0309881 9.98831E-05 9.98831E-05 0.0209184 0.0426888 9.98831E-05 0.0432106 9.98831E-05 9.98831E-05 0.00522268
9.98472E-05 9.98472E-05 9.98472E-05 9.98472E-05 9.98472E-05 9.98472E-05 0.033142 0.032824 9.98472E-05 9.98472E-05 9.98472E-05 9.98472E-05 0.00415611 9.98472E-05 9.98472E-05 0.923705 9.98472E-05 9.98472E-05 9.98472E-05 9.98472E-05 0.00447571 9.98472E-05
9.98901E-05 9.98901E-05 0.0162772 0.028393 0.116032 9.98901E-05 0.0307422 9.98901E-05 9.98901E-05 0.0488111 0.0694803 0.0157939 0.20289 9.98901E-05 0.0328347 0.380646 0.0570016 9.98901E-05 9.98901E-05 9.98901E-05 9.98901E-05 9.98901E-05
9.98562E-05 9.98562E-05 9.98562E-05 9.98562E-05 9.98562E-05 0.0149161 9.98562E-05 9.98562E-05 9.98562E-05 9.98562E-05 9.98562E-05 9.98562E-05 9.98562E-05 0.0770024 9.98562E-05 0.221161 0.119234 9.98562E-05 0.148639 9.98562E-05 0.41745 9.98562E-05
9.98403E-05 9.98403E-05 9.98403E-05 9.98403E-05 9.98403E-05 0.0289008 9.98403E-05 0.10313 9.98403E-05 9.98403E-05 0.00485644 9.98403E-05 9.98403E-05 9.98403E-05 9.98403E-05 9.98403E-05 0.0182094 9.98403E-05 9.98403E-05 9.98403E-05 0.834304 0.00900191
9.98651E-05 0.00965486 0.0117675 9.98651E-05 0.170963 9.98651E-05 9.98651E-05 9.98651E-05 9.98651E-05 9.98651E-05 9.98651E-05 9.98651E-05 0.0736085 9.98651E-05 9.98651E-05 9.98651E-05 9.98651E-05 9.98651E-05 0.167736 0.0283584 0.536414 9.98651E-05
9.98831E-05 9.98831E-05 0.0296566 9.98831E-05 9.98831E-05 9.98831E-05 9.98831E-05 0.0101194 9.98831E-05 0.0541327 0.0526256 0.0343921 9.98831E-05 9.98831E-05 9.98831E-05 0.0263001 9.98831E-05 9.98831E-05 0.0826028 0.0217125 0.68716 9.98831E-05
0.060056 9.98651E-05 9.98651E-05 0.112173 9.98651E-05 0.072848 0.0142885 9.98651E-05 9.98651E-05 9.98651E-05 9.98651E-05 9.98651E-05 9.98651E-05 9.98651E-05 0.0576661 9.98651E-05 9.98651E-05 9.98651E-05 9.98651E-05 9.98651E-05 0.680181 0.00128935
9.98561E-05 9.98561E-05 9.98561E-05 0.0283021 9.98561E-05 9.98561E-05 9.98561E-05 9.98561E-05 0.145636 9.98561E-05 9.98561E-05 9.98561E-05 9.98561E-05 0.167857 9.98561E-05 0.172542 9.98561E-05 9.98561E-05 0.0108342 9.98561E-05 0.473231 9.98561E-05
9.98651E-05 9.98651E-05 9.98651E-05 0.136029 9.98651E-05 9.98651E-05 0.0226277 9.98651E-05 0.023131 9.98651E-05 9.98651E-05 9.98651E-05 0.0343153 9.98651E-05 9.98651E-05 9.98651E-05 9.98651E-05 0.068948 0.0590232 9.98651E-05 0.654428 9.98651E-05
0.0881554 9.98561E-05 0.0297178 0.0349008 9.98561E-05 9.98561E-05 0.0292054 9.98561E-05 9.98561E-05 9.98561E-05 9.98561E-05 9.98561E-05 9.98561E-05 0.107884 9.98561E-05 9.98561E-05 9.98561E-05 9.98561E-05 9.98561E-05 9.98561E-05 0.708539 9.98561E-05
9.98472E-05 0.0347676 9.98472E-05 0.090156 9.98472E-05 9.98472E-05 9.98472E-05 9.98472E-05 9.98472E-05 0.00382408 9.98472E-05 9.98472E-05 9.98472E-05 9.98472E-05 9.98472E-05 9.98472E-05 9.98472E-05 0.0199557 9.98472E-05 9.98472E-05 0.849599 9.98472E-05
9.98831E-05 0.0216089 9.98831E-05 0.542608 9.98831E-05 9.98831E-05 9.98831E-05 0.0545738 9.98831E-05 9.98831E-05 9.98831E-05 0.0112738 0.0497554 9.98831E-05 9.98831E-05 0.14467 9.98831E-05 0.00871151 9.98831E-05 9.98831E-05 0.00998499 0.155515
9.98292E-05 9.98292E-05 9.98292E-05 0.87896 9.98292E-05 9.98292E-05 9.98292E-05 9.98292E-05 0.0265854 9.98292E-05 9.98292E-05 9.98292E-05 9.98292E-05 9.98292E-05 9.98292E-05 9.98292E-05 0.0925574 9.98292E-05 9.98292E-05 9.98292E-05 9.98292E-05 9.98292E-05
0.0164664 9.98562E-05 9.98562E-05 0.823626 9.98562E-05 9.98562E-05 9.98562E-05 0.000917126 9.98562E-05 9.98562E-05 9.98562E-05 9.98562E-05 0.0612316 9.98562E-05 9.98562E-05 9.98562E-05 9.98562E-05 0.018657 9.98562E-05 9.98562E-05 0.0775047 9.98562E-05
9.98562E-05 9.98562E-05 9.98562E-05 0.720023 9.98562E-05 9.98562E-05 9.98562E-05 0.0909619 9.98562E-05 0.0107212 0.107867 9.98562E-05 9.98562E-05 9.98562E-05 9.98562E-05 0.0236717 9.98562E-05 9.98562E-05 9.98562E-05 9.98562E-05 9.98562E-05 0.045158
0.154979 9.98562E-05 9.98562E-05 0.638532 9.98562E-05 9.98562E-05 9.98562E-05 0.066652 9.98562E-05 9.98562E-05 9.98562E-05 9.98562E-05 9.98562E-05 9.98562E-05 0.00717427 9.98562E-05 9.98562E-05 9.98562E-05 9.98562E-05 9.98562E-05 0.0867013 0.0443637
9.98831E-05 9.98831E-05 9.98831E-05 0.421463 9.98831E-05 9.98831E-05 9.98831E-05 0.0406349 9.98831E-05 0.0794302 9.98831E-05 0.121338 9.98831E-05 0.231504 9.98831E-05 0.00276335 0.0966695 0.00180141 9.98831E-05 9.98831E-05 9.98831E-05 0.00309623
9.98741E-05 9.98741E-05 9.98741E-05 0.408851 0.0217624 9.98741E-05 9.98741E-05 9.98741E-05 9.98741E-05 9.98741E-05 9.98741E-05 0.147058 9.98741E-05 9.98741E-05 0.0808779 0.0405061 9.98741E-05 0.0258727 9.98741E-05 0.0783807 0.195293 9.98741E-05
0.0894411 0.0658841 0.000577246 0.602567 9.98831E-05 9.98831E-05 0.0194383 9.98831E-05 0.0344375 0.0158172 9.98831E-05 9.98831E-05 9.98831E-05 9.98831E-05 0.156205 9.98831E-05 9.98831E-05 0.0143344 9.98831E-05 9.98831E-05 9.98831E-05 9.98831E-05
9.98652E-05 9.98652E-05 9.98652E-05 0.568043 9.98652E-05 0.0276864 9.98652E-05 9.98652E-05 9.98652E-05 0.0466758 0.0326802 0.0561621 9.98652E-05 0.0660458 9.98652E-05 0.201209 9.98652E-05 9.98652E-05 9.98652E-05 9.98652E-05 9.98652E-05 9.98652E-05
0.0148881 9.98921E-05 0.114223 0.523662 9.98921E-05 0.0197051 9.98921E-05 9.98921E-05 9.98921E-05 0.00216723 0.0431654 9.98921E-05 0.164382 9.98921E-05 0.0110502 9.98921E-05 9.98921E-05 9.98921E-05 9.98921E-05 0.0774138 0.0281444 9.98921E-05
0.00181718 9.991E-05 9.991E-05 0.491942 0.147272 0.0179403 9.991E-05 0.0243778 9.991E-05 0.0300424 0.0611182 0.00858416 0.0616119 9.991E-05 9.991E-05 0.0846471 9.991E-05 9.991E-05 9.991E-05 9.991E-05 0.0537891 0.0158584
0.096297 0.152686 0.0562751 0.462234 0.0568337 9.9892E-05 0.0237574 9.9892E-05 9.9892E-05 0.0544854 9.9892E-05 9.9892E-05 9.9892E-05 9.9892E-05 9.9892E-05 9.9892E-05 9.9892E-05 0.0240699 9.9892E-05 9.9892E-05 0.0248205 0.0473425
0.0517736 9.98921E-05 0.0163556 0.501069 0.00594537 9.98921E-05 0.0499893 9.98921E-05 9.98921E-05 9.98921E-05 9.98921E-05 9.98921E-05 0.0171612 0.0771908 9.98921E-05 9.98921E-05 9.98921E-05 9.98921E-05 9.98921E-05 0.228568 0.0235786 0.0271699
0.038618 9.98651E-05 9.98651E-05 0.415736 0.337448 9.98651E-05 9.98651E-05 9.98651E-05 9.98651E-05 9.98651E-05 9.98651E-05 9.98651E-05 9.98651E-05 9.98651E-05 0.0301116 0.0684369 9.98651E-05 9.98651E-05 0.0237681 0.0843836 9.98651E-05 9.98651E-05
0.0517792 0.0085131 0.0522953 0.362301 0.0350588 0.0300459 9.9901E-05 9.9901E-05 9.9901E-05 0.00448536 9.9901E-05 9.9901E-05 9.9901E-05 9.9901E-05 9.9901E-05 0.302952 0.00254796 9.9901E-05 0.102129 9.9901E-05 9.9901E-05 0.0467939
9.9892E-05 0.0184075 9.9892E-05 0.37561 9.9892E-05 9.9892E-05 9.9892E-05 0.0175208 9.9892E-05 0.0355711 9.9892E-05 0.223127 9.9892E-05 0.0555428 0.0240951 9.9892E-05 9.9892E-05 0.0127694 0.115239 9.9892E-05 0.120918 9.9892E-05
9.98651E-05 9.98651E-05 0.103011 0.681093 9.98651E-05 9.98651E-05 0.0569206 9.98651E-05 9.98651E-05 9.98651E-05 0.016175 9.98651E-05 9.98651E-05 0.0725709 0.0480492 9.98651E-05 9.98651E-05 9.98651E-05 9.98651E-05 9.98651E-05 0.0206831 9.98651E-05
9.98651E-05 9.98651E-05 9.98651E-05 0.596835 0.00250138 0.0488304 0.0347626 9.98651E-05 9.98651E-05 9.98651E-05 9.98651E-05 9.98651E-05 9.98651E-05 9.98651E-05 9.98651E-05 0.0562435 9.98651E-05 0.00948796 0.249841 9.98651E-05 9.98651E-05 9.98651E-05
9.98652E-05 9.98652E-05 0.107212 0.583426 9.98652E-05 0.133093 0.000305564 9.98652E-05 9.98652E-05 9.98652E-05 9.98652E-05 9.98652E-05 0.0865284 9.98652E-05 0.0307195 9.98652E-05 9.98652E-05 9.98652E-05 0.0572182 9.98652E-05 9.98652E-05 9.98652E-05
9.98651E-05 0.0987655 9.98651E-05 9.98651E-05 9.98651E-05 9.98651E-05 9.98651E-05 9.98651E-05 9.98651E-05 9.98651E-05 9.98651E-05 9.98651E-05 0.0470264 0.0646703 9.98651E-05 0.356739 9.98651E-05 9.98651E-05 0.218591 0.160283 9.98651E-05 0.0524268
0.0746951 0.0267826 9.9901E-05 0.0547565 0.115107 0.031458 9.9901E-05 9.9901E-05 9.9901E-05 9.9901E-05 9.9901E-05 9.9901E-05 0.26677 0.0578046 0.0112169 0.316194 9.9901E-05 0.0139434 9.9901E-05 9.9901E-05 0.0301737 9.9901E-05
0.0681939 0.0971298 9.9901E-05 0.0346519 0.0182887 9.9901E-05 9.9901E-05 0.0124226 9.9901E-05 9.9901E-05 9.9901E-05 9.9901E-05 0.0955498 9.9901E-05 0.0694744 0.520162 0.0785649 0.00173196 0.00273089 9.9901E-05 9.9901E-05 9.9901E-05
9.98561E-05 0.284994 9.98561E-05 9.98561E-05 0.0557152 9.98561E-05 9.98561E-05 9.98561E-05 9.98561E-05 9.98561E-05 9.98561E-05 9.98561E-05 0.0241531 9.98561E-05 0.132979 0.441591 9.98561E-05 9.98561E-05 9.98561E-05 0.0589699 9.98561E-05 9.98561E-05
9.98382E-05 0.167012 9.98382E-05 9.98382E-05 9.98382E-05 9.98382E-05 9.98382E-05 9.98382E-05 9.98382E-05 9.98382E-05 9.98382E-05 9.98382E-05 0.150124 9.98382E-05 9.98382E-05 9.98382E-05 9.98382E-05 9.98382E-05 0.666861 9.98382E-05 0.0142061 9.98382E-05
9.98741E-05 0.196883 9.98741E-05 0.0121091 9.98741E-05 9.98741E-05 9.98741E-05 0.00771513 9.98741E-05 9.98741E-05 0.0625146 0.0201795 9.98741E-05 9.98741E-05 0.0466201 9.98741E-05 0.078489 9.98741E-05 0.574092 9.98741E-05 9.98741E-05 9.98741E-05
9.98561E-05 9.98561E-05 9.98561E-05 9.98561E-05 9.98561E-05 9.98561E-05 9.98561E-05 0.0370184 0.19125 9.98561E-05 9.98561E-05 9.98561E-05 0.140639 9.98561E-05 0.00602163 0.0255172 9.98561E-05 9.98561E-05 0.597956 9.98561E-05 9.98561E-05 9.98561E-05
0.0946743 0.0503434 0.0525231 9.991E-05 9.991E-05 0.0301852 0.0710546 0.0194728 0.250781 9.991E-05 9.991E-05 0.0219644 9.991E-05 0.0093523 0.0154286 9.991E-05 9.991E-05 0.0139075 0.369314 9.991E-05 9.991E-05 9.991E-05
9.98651E-05 9.98651E-05 0.0372137 9.98651E-05 9.98651E-05 9.98651E-05 9.98651E-05 9.98651E-05 9.98651E-05 9.98651E-05 9.98651E-05 9.98651E-05 0.00883373 9.98651E-05 0.0259678 0.0723265 9.98651E-05 0.0174499 0.749791 9.98651E-05 0.0869195 9.98651E-05
0.0894509 9.98472E-05 9.98472E-05 9.98472E-05 9.98472E-05 0.0578647 0.00308008 0.18732 9.98472E-05 9.98472E-05 9.98472E-05 9.98472E-05 9.98472E-05 9.98472E-05 9.98472E-05 9.98472E-05 9.98472E-05 9.98472E-05 0.660587 9.98472E-05 9.98472E-05 9.98472E-05
0.177215 9.98901E-05 9.98901E-05 9.98901E-05 9.98901E-05 9.98901E-05 0.109398 0.0272891 0.107717 0.0216518 0.0890357 0.00918418 9.98901E-05 9.98901E-05 0.0648421 9.98901E-05 9.98901E-05 9.98901E-05 0.324757 0.0547485 0.0130632 9.98901E-05
0.0725483 0.11764 0.074887 0.0139927 0.0142531 9.9901E-05 9.9901E-05 0.152919 0.0776749 9.9901E-05 9.9901E-05 9.9901E-05 9.9901E-05 9.9901E-05 0.0190997 0.0586241 9.9901E-05 9.9901E-05 0.347625 0.0496372 9.9901E-05 9.9901E-05
9.9901E-05 0.0195574 0.016313 9.9901E-05 0.0424409 0.0165923 0.0687251 0.0252007 0.0851313 0.0178303 9.9901E-05 0.0290564 9.9901E-05 9.9901E-05 9.9901E-05 9.9901E-05 9.9901E-05 9.9901E-05 0.677203 9.9901E-05 0.00085094 9.9901E-05
0.115044 0.135172 9.98741E-05 9.98741E-05 9.98741E-05 9.98741E-05 0.00422875 9.98741E-05 9.98741E-05 9.98741E-05 9.98741E-05 9.98741E-05 0.238838 9.98741E-05 9.98741E-05 0.0417699 0.0392102 9.98741E-05 0.373675 9.98741E-05 9.98741E-05 0.0506638
9.98293E-05 9.98293E-05 9.98293E-05 9.98293E-05 9.98293E-05 9.98293E-05 9.98293E-05 0.117592 0.0783841 9.98293E-05 9.98293E-05 9.98293E-05 9.98293E-05 9.98293E-05 9.98293E-05 9.98293E-05 9.98293E-05 9.98293E-05 0.802127 9.98293E-05 9.98293E-05 9.98293E-05
0.0606087 9.9928E-05 9.9928E-05 0.00288139 9.9928E-05 9.9928E-05 9.9928E-05 0.0143836 0.330931 0.00341459 0.0718417 9.9928E-05 0.233973 0.0050806 0.0485294 0.101087 9.9928E-05 0.0307663 0.0567966 9.9928E-05 0.0130763 0.02583
9.98651E-05 0.067306 9.98651E-05 0.0164725 9.98651E-05 9.98651E-05 0.0182176 9.98651E-05 9.98651E-05 9.98651E-05 9.98651E-05 9.98651E-05 0.0889846 9.98651E-05 9.98651E-05 9.98651E-05 0.0273532 0.00732204 0.772846 9.98651E-05 9.98651E-05 9.98651E-05
0.15535 0.148399 9.9892E-05 9.9892E-05 9.9892E-05 0.0621741 0.0105854 0.0268776 0.243707 9.9892E-05 9.9892E-05 9.9892E-05 9.9892E-05 9.9892E-05 0.010186 0.0923778 9.9892E-05 0.0483687 0.200776 9.9892E-05 9.9892E-05 9.9892E-05
9.98113E-05 9.98113E-05 9.98113E-05 9.98113E-05 9.98113E-05 9.98113E-05 0.997904 9.98113E-05 9.98113E-05 9.98113E-05 9.98113E-05 9.98113E-05 9.98113E-05 9.98113E-05 9.98113E-05 9.98113E-05 9.98113E-05 9.98113E-05 9.98113E-05 9.98113E-05 9.98113E-05 9.98113E-05
9.98651E-05 9.98651E-05 9.98651E-05 9.98651E-05 9.98651E-05 9.98651E-05 9.98651E-05 9.98651E-05 0.425282 0.0462148 9.98651E-05 0.0438491 0.166327 9.98651E-05 9.98651E-05 0.0909202 9.98651E-05 0.0157492 0.21016 9.98651E-05 9.98651E-05 9.98651E-05
9.98651E-05 0.23156 9.98651E-05 9.98651E-05 9.98651E-05 9.98651E-05 9.98651E-05 0.0255824 0.345804 9.98651E-05 9.98651E-05 9.98651E-05 0.0502527 9.98651E-05 9.98651E-05 9.98651E-05 0.126855 0.0189447 0.199503 9.98651E-05 9.98651E-05 9.98651E-05
9.98203E-05 9.98203E-05 9.98203E-05 9.98203E-05 9.98203E-05 9.98203E-05 0.976143 9.98203E-05 9.98203E-05 9.98203E-05 9.98203E-05 9.98203E-05 0.0218602 9.98203E-05 9.98203E-05 9.98203E-05 9.98203E-05 9.98203E-05 9.98203E-05 9.98203E-05 9.98203E-05 9.98203E-05
0.149867 0.132575 9.98561E-05 9.98561E-05 9.98561E-05 9.98561E-05 9.98561E-05 9.98561E-05 0.301456 0.00922995 9.98561E-05 9.98561E-05 0.235798 9.98561E-05 9.98561E-05 9.98561E-05 9.98561E-05 9.98561E-05 0.169475 9.98561E-05 9.98561E-05 9.98561E-05
9.98471E-05 9.98471E-05 9.98471E-05 9.98471E-05 0.173965 9.98471E-05 9.98471E-05 9.98471E-05 0.370696 9.98471E-05 9.98471E-05 9.98471E-05 9.98471E-05 0.000851402 9.98471E-05 0.0122319 9.98471E-05 9.98471E-05 0.440558 9.98471E-05 9.98471E-05 9.98471E-05
9.9901E-05 0.0340632 9.9901E-05 9.9901E-05 9.9901E-05 9.9901E-05 0.213624 0.00807663 0.17143 9.9901E-05 0.00690834 0.0092522 0.156338 9.9901E-05 9.9901E-05 0.0263893 0.0612019 9.9901E-05 0.298477 9.9901E-05 9.9901E-05 0.0131406
0.0601391 0.152441 0.03338 9.98651E-05 9.98651E-05 9.98651E-05 0.000988855 9.98651E-05 0.52466 9.98651E-05 9.98651E-05 9.98651E-05 0.138824 9.98651E-05 9.98651E-05 9.98651E-05 9.98651E-05 9.98651E-05 9.98651E-05 9.98651E-05 0.0880689 9.98651E-05
9.98921E-05 0.025122 0.0127607 9.98921E-05 9.98921E-05 9.98921E-05 0.0347125 0.0158837 0.788687 9.98921E-05 0.0367478 0.00837801 9.98921E-05 9.98921E-05 9.98921E-05 9.98921E-05 9.98921E-05 9.98921E-05 0.00326085 0.00541288 9.98921E-05 0.0678362
9.98831E-05 0.217904 0.02031 9.98831E-05 9.98831E-05 9.98831E-05 0.0571322 0.0196446 0.237548 9.98831E-05 0.0407911 0.00642536 0.30304 9.98831E-05 9.98831E-05 9.98831E-05 9.98831E-05 9.98831E-05 9.98831E-05 0.0959061 9.98831E-05 9.98831E-05
9.98702E-05 0.094155 0.048206 9.98702E-05 9.98702E-05 9.98702E-05 0.101277 9.98702E-05 0.417909 9.98702E-05 9.98702E-05 9.98702E-05 0.13627 0.0458509 9.98702E-05 9.98702E-05 9.98702E-05 9.98702E-05 0.0659018 9.98702E-05 0.0218322 0.0673001
0.0457708 0.215871 9.98561E-05 9.98561E-05 9.98561E-05 9.98561E-05 0.00195402 9.98561E-05 0.603412 0.0199263 9.98561E-05 9.98561E-05 9.98561E-05 9.98561E-05 9.98561E-05 9.98561E-05 9.98561E-05 9.98561E-05 0.111468 9.98561E-05 9.98561E-05 9.98561E-05
9.98472E-05 0.325065 9.98472E-05 9.98472E-05 9.98472E-05 9.98472E-05 9.98472E-05 9.98472E-05 0.594031 9.98472E-05 9.98472E-05 9.98472E-05 0.00485659 9.98472E-05 9.98472E-05 9.98472E-05 0.0263389 0.0480114 9.98472E-05 9.98472E-05 9.98472E-05 9.98472E-05
9.98651E-05 0.223578 9.98651E-05 9.98651E-05 0.0375567 0.0120435 0.0632818 9.98651E-05 0.434791 9.98651E-05 9.98651E-05 9.98651E-05 9.98651E-05 9.98651E-05 9.98651E-05 0.194546 9.98651E-05 9.98651E-05 9.98651E-05 0.0327049 9.98651E-05 9.98651E-05
9.98562E-05 0.111481 9.98562E-05 0.01409 9.98562E-05 0.0132928 9.98562E-05 9.98562E-05 0.700223 9.98562E-05 9.98562E-05 9.98562E-05 0.141013 9.98562E-05 9.98562E-05 0.018302 9.98562E-05 9.98562E-05 9.98562E-05 9.98562E-05 9.98562E-05 9.98562E-05
9.98382E-05 0.101324 9.98382E-05 0.0238568 9.98382E-05 9.98382E-05 9.98382E-05 9.98382E-05 0.82764 9.98382E-05 9.98382E-05 9.98382E-05 9.98382E-05 9.98382E-05 9.98382E-05 9.98382E-05 9.98382E-05 9.98382E-05 9.98382E-05 9.98382E-05 0.0453821 9.98382E-05
9.98702E-05 9.98702E-05 0.0141524 0.0677606 9.98702E-05 9.98702E-05 0.081527 9.98702E-05 0.583911 9.98702E-05 9.98702E-05 9.98702E-05 9.98702E-05 9.98702E-05 0.13571 9.98702E-05 0.0454098 0.0463826 0.0100849 0.0137634 9.98702E-05 9.98702E-05
9.98561E-05 0.101232 9.98561E-05 9.98561E-05 9.98561E-05 0.0205015 9.98561E-05 9.98561E-05 0.685458 9.98561E-05 9.98561E-05 9.98561E-05 0.111003 9.98561E-05 9.98561E-05 9.98561E-05 9.98561E-05 0.0428359 9.98561E-05 9.98561E-05 0.0373726 9.98561E-05
9.98561E-05 0.418512 9.98561E-05 9.98561E-05 9.98561E-05 9.98561E-05 9.98561E-05 0.00220592 0.321301 9.98561E-05 9.98561E-05 9.98561E-05 0.168413 9.98561E-05 9.98561E-05 9.98561E-05 9.98561E-05 9.98561E-05 0.0466766 9.98561E-05 0.041294 9.98561E-05
9.98472E-05 0.545701 9.98472E-05 9.98472E-05 9.98472E-05 9.98472E-05 0.00459224 9.98472E-05 0.344033 9.98472E-05 9.98472E-05 0.0886859 9.98472E-05 9.98472E-05 9.98472E-05 9.98472E-05 9.98472E-05 0.0152904 9.98472E-05 9.98472E-05 9.98472E-05 9.98472E-05
9.98382E-05 0.179387 0.0582224 9.98382E-05 9.98382E-05 9.98382E-05 0.0286194 9.98382E-05 0.731975 9.98382E-05 9.98382E-05 9.98382E-05 9.98382E-05 9.98382E-05 9.98382E-05 9.98382E-05 9.98382E-05 9.98382E-05 9.98382E-05 9.98382E-05 9.98382E-05 9.98382E-05
0.0573057 9.98831E-05 0.0259012 9.98831E-05 9.98831E-05 0.0366271 9.98831E-05 9.98831E-05 0.491982 9.98831E-05 0.0500391 9.98831E-05 0.211954 9.98831E-05 9.98831E-05 0.0363038 9.98831E-05 9.98831E-05 0.0708287 9.98831E-05 9.98831E-05 0.0177596
9.98741E-05 0.116363 0.0146859 0.0285055 9.98741E-05 9.98741E-05 0.033492 0.0148462 0.700815 9.98741E-05 9.98741E-05 9.98741E-05 0.0886036 9.98741E-05 0.00129077 9.98741E-05 9.98741E-05 9.98741E-05 9.98741E-05 9.98741E-05 9.98741E-05 9.98741E-05
0.0431666 0.167702 0.0114994 0.0134188 9.991E-05 9.991E-05 0.0743688 0.0020204 0.58421 0.0195947 9.991E-05 9.991E-05 0.0300571 0.0256697 9.991E-05 9.991E-05 9.991E-05 9.991E-05 0.0171897 0.0101035 9.991E-05 9.991E-05
0.0296788 9.98561E-05 9.98561E-05 9.98561E-05 9.98561E-05 9.98561E-05 9.98561E-05 0.0930185 0.532378 0.0539439 9.98561E-05 0.0869948 9.98561E-05 9.98561E-05 9.98561E-05 9.98561E-05 9.98561E-05 9.98561E-05 0.202388 9.98561E-05 9.98561E-05 9.98561E-05
9.98831E-05 0.231818 0.041911 9.98831E-05 9.98831E-05 9.98831E-05 0.0527621 9.98831E-05 0.426964 9.98831E-05 9.98831E-05 0.033363 0.136295 9.98831E-05 0.00872513 9.98831E-05 9.98831E-05 0.0250029 9.98831E-05 0.0418602 9.98831E-05 9.98831E-05
9.98403E-05 9.98403E-05 9.98403E-05 9.98403E-05 0.0139847 9.98403E-05 9.98403E-05 9.98403E-05 0.851133 9.98403E-05 0.0390424 9.98403E-05 0.00549785 0.0194469 9.98403E-05 0.0692979 9.98403E-05 9.98403E-05 9.98403E-05 9.98403E-05 9.98403E-05 9.98403E-05
9.98651E-05 0.0203109 9.98651E-05 9.98651E-05 0.0885213 9.98651E-05 9.98651E-05 0.0105606 0.462207 9.98651E-05 9.98651E-05 9.98651E-05 0.291175 9.98651E-05 9.98651E-05 9.98651E-05 9.98651E-05 0.0184225 0.107305 9.98651E-05 9.98651E-05 9.98651E-05
9.98831E-05 0.045274 9.98831E-05 9.98831E-05 9.98831E-05 9.98831E-05 9.98831E-05 0.140182 0.492171 0.000981114 9.98831E-05 9.98831E-05 0.0550527 0.0186589 9.98831E-05 0.0374969 0.0236641 9.98831E-05 0.185221 9.98831E-05 9.98831E-05 9.98831E-05
9.98651E-05 0.0319006 9.98651E-05 9.98651E-05 0.0965152 0.0645536 9.98651E-05 0.0454421 0.731729 9.98651E-05 9.98651E-05 9.98651E-05 9.98651E-05 9.98651E-05 9.98651E-05 9.98651E-05 0.0105522 9.98651E-05 0.0178097 9.98651E-05 9.98651E-05 9.98651E-05
0.0533616 0.0482788 9.98921E-05 9.98921E-05 9.98921E-05 0.0336981 9.98921E-05 0.11675 0.534548 9.98921E-05 9.98921E-05 9.98921E-05 0.0863309 9.98921E-05 9.98921E-05 9.98921E-05 0.0772351 0.0127233 0.0186166 9.98921E-05 9.98921E-05 0.0172583
9.98921E-05 9.98921E-05 9.98921E-05 0.0602959 9.98921E-05 9.98921E-05 9.98921E-05 0.00763395 0.279121 0.00951086 9.98921E-05 9.98921E-05 0.2379 9.98921E-05 9.98921E-05 0.0558927 0.0759067 9.98921E-05 0.211669 0.00147975 9.98921E-05 0.0593903
9.99011E-05 9.99011E-05 9.99011E-05 0.0167988 0.00400573 9.99011E-05 0.0343466 0.0187213 0.364236 0.021485 0.150896 9.99011E-05 0.272272 9.99011E-05 9.99011E-05 0.00526185 9.99011E-05 0.0108023 0.100075 9.99011E-05 9.99011E-05 9.99011E-05
0.176084 9.98831E-05 9.98831E-05 9.98831E-05 9.98831E-05 9.98831E-05 0.0583453 0.0734949 0.402473 9.98831E-05 9.98831E-05 9.98831E-05 0.141291 9.98831E-05 0.0101254 9.98831E-05 9.98831E-05 0.0519141 0.0310476 9.98831E-05 0.0539261 9.98831E-05
0.119374 0.0889278 0.0105996 9.991E-05 9.991E-05 9.991E-05 0.065015 9.991E-05 0.197595 9.991E-05 9.991E-05 0.00738145 0.315041 9.991E-05 9.991E-05 9.991E-05 0.0521428 0.0210684 0.0831487 9.991E-05 0.0234879 0.0152195
9.98801E-05 9.98801E-05 0.00804238 9.98801E-05 0.0316069 0.0151626 9.98801E-05 9.98801E-05 0.678517 0.0112942 9.98801E-05 9.98801E-05 0.0310847 9.98801E-05 9.98801E-05 0.0742309 9.98801E-05 0.0143941 0.0970408 0.0374281 9.98801E-05 9.98801E-05
9.9901E-05 0.0046378 9.9901E-05 9.9901E-05 0.0100928 0.0265906 9.9901E-05 0.10235 0.242951 9.9901E-05 0.0193801 9.9901E-05 0.372191 9.9901E-05 9.9901E-05 9.9901E-05 9.9901E-05 0.00380912 0.154872 0.0206046 9.9901E-05 0.0414227
0.122567 9.98652E-05 9.98652E-05 9.98652E-05 0.00393915 9.98652E-05 9.98652E-05 9.98652E-05 0.448132 9.98652E-05 0.0185338 9.98652E-05 0.293964 9.98652E-05 0.0492564 9.98652E-05 9.98652E-05 9.98652E-05 0.06211 9.98652E-05 9.98652E-05 9.98652E-05
