9.99011E-05 0.0196036 0.0162163 0.0584131 0.478456 9.99011E-05 9.99011E-05 9.99011E-05 0.00850568 9.99011E-05 0.025668 0.00279944 0.0204918 9.99011E-05 0.0202823 9.99011E-05 0.114148 0.0437801 0.0189015 0.0232412 9.99011E-05 9.99011E-05 9.99011E-05 0.0223308 9.99011E-05 0.124195 0.00186816
9.98921E-05 0.00273909 0.00290288 0.0525196 0.58921 0.00636241 9.98921E-05 0.031644 0.00719093 9.98921E-05 9.98921E-05 9.98921E-05 9.98921E-05 0.0230592 0.0264656 0.0109439 9.98921E-05 0.0843576 9.98921E-05 0.0182409 9.98921E-05 9.98921E-05 0.0138205 9.98921E-05 9.98921E-05 0.0634203 0.0659242
9.98651E-05 9.98651E-05 9.98651E-05 0.0629157 0.367416 0.0245105 0.0798948 0.039619 9.98651E-05 9.98651E-05 0.0585518 0.0570549 0.00388322 0.0295365 9.98651E-05 9.98651E-05 9.98651E-05 9.98651E-05 0.0142343 0.249916 0.0109693 9.98651E-05 9.98651E-05 9.98651E-05 9.98651E-05 9.98651E-05 9.98651E-05
9.97665E-05 9.97665E-05 9.97665E-05 9.97665E-05 0.997406 9.97665E-05 9.97665E-05 9.97665E-05 9.97665E-05 9.97665E-05 9.97665E-05 9.97665E-05 9.97665E-05 9.97665E-05 9.97665E-05 9.97665E-05 9.97665E-05 9.97665E-05 9.97665E-05 9.97665E-05 9.97665E-05 9.97665E-05 9.97665E-05 9.97665E-05 9.97665E-05 9.97665E-05 9.97665E-05
9.9919E-05 0.0316073 0.00605997 0.0220511 0.330596 0.0763349 0.0454194 9.9919E-05 0.0158184 0.0235353 0.0404127 0.0382347 0.0246847 0.0314269 9.9919E-05 9.9919E-05 0.0396835 9.9919E-05 9.9919E-05 0.161246 0.0111407 0.033955 0.00687005 9.9919E-05 9.9919E-05 0.0600247 9.9919E-05
9.97665E-05 9.97665E-05 9.97665E-05 9.97665E-05 0.997406 9.97665E-05 9.97665E-05 9.97665E-05 9.97665E-05 9.97665E-05 9.97665E-05 9.97665E-05 9.97665E-05 9.97665E-05 9.97665E-05 9.97665E-05 9.97665E-05 9.97665E-05 9.97665E-05 9.97665E-05 9.97665E-05 9.97665E-05 9.97665E-05 9.97665E-05 9.97665E-05 9.97665E-05 9.97665E-05
9.97664E-05 9.97664E-05 9.97664E-05 9.97664E-05 0.997406 9.97664E-05 9.97664E-05 9.97664E-05 9.97664E-05 9.97664E-05 9.97664E-05 9.97664E-05 9.97664E-05 9.97664E-05 9.97664E-05 9.97664E-05 9.97664E-05 9.97664E-05 9.97664E-05 9.97664E-05 9.97664E-05 9.97664E-05 9.97664E-05 9.97664E-05 9.97664E-05 9.97664E-05 9.97664E-05
9.99011E-05 0.0115285 0.0531374 0.0124781 0.339468 0.0506589 0.0984444 9.99011E-05 0.0238233 9.99011E-05 9.99011E-05 0.0107994 0.0720902 0.0256509 9.99011E-05 9.99011E-05 0.0962485 9.99011E-05 9.99011E-05 0.0717813 9.99011E-05 0.0434916 9.99011E-05 9.99011E-05 0.00833439 0.0773022 0.00366417
9.98561E-05 0.0655115 0.00249758 9.98561E-05 0.562212 9.98561E-05 9.98561E-05 9.98561E-05 0.00491363 9.98561E-05 0.00603784 9.98561E-05 9.98561E-05 0.0826367 9.98561E-05 9.98561E-05 0.11967 0.00536851 9.98561E-05 0.0595629 9.98561E-05 9.98561E-05 0.0313582 9.98561E-05 9.98561E-05 0.0586335 9.98561E-05
9.98831E-05 0.0517702 9.98831E-05 9.98831E-05 0.355267 9.98831E-05 0.0235679 9.98831E-05 0.0152027 9.98831E-05 0.03727 0.118756 0.0171836 9.98831E-05 0.00827361 9.98831E-05 0.0487284 0.0382712 0.00392203 0.0387119 9.98831E-05 9.98831E-05 9.98831E-05 9.98831E-05 9.98831E-05 0.211822 0.0299552
0.021385 0.0620547 9.98293E-05 0.021678 0.169964 9.98293E-05 9.98293E-05 9.98293E-05 9.98293E-05 9.98293E-05 0.0569477 9.98293E-05 9.98293E-05 9.98293E-05 0.035162 9.98293E-05 9.98293E-05 9.98293E-05 9.98293E-05 0.546128 9.98293E-05 9.98293E-05 0.0847842 9.98293E-05 9.98293E-05 9.98293E-05 9.98293E-05
9.98562E-05 9.98562E-05 9.98562E-05 9.98562E-05 0.397047 9.98562E-05 0.0554758 9.98562E-05 0.0148919 9.98562E-05 9.98562E-05 0.0644822 9.98562E-05 0.0156582 9.98562E-05 0.00655651 0.197469 0.0636937 0.0036659 0.175894 9.98562E-05 9.98562E-05 0.00356779 9.98562E-05 9.98562E-05 9.98562E-05 9.98562E-05
9.98023E-05 9.98023E-05 9.98023E-05 9.98023E-05 9.98023E-05 9.98023E-05 9.98023E-05 0.0166121 9.98023E-05 9.98023E-05 9.98023E-05 9.98023E-05 9.98023E-05 9.98023E-05 0.00246853 9.98023E-05 9.98023E-05 9.98023E-05 0.0138502 0.964595 9.98023E-05 9.98023E-05 9.98023E-05 9.98023E-05 9.98023E-05 9.98023E-05 0.000278739
9.97665E-05 9.97665E-05 9.97665E-05 9.97665E-05 9.97665E-05 9.97665E-05 9.97665E-05 9.97665E-05 9.97665E-05 9.97665E-05 9.97665E-05 9.97665E-05 9.97665E-05 9.97665E-05 9.97665E-05 9.97665E-05 9.97665E-05 9.97665E-05 9.97665E-05 0.997406 9.97665E-05 9.97665E-05 9.97665E-05 9.97665E-05 9.97665E-05 9.97665E-05 9.97665E-05
9.97665E-05 9.97665E-05 9.97665E-05 9.97665E-05 9.97665E-05 9.97665E-05 9.97665E-05 9.97665E-05 9.97665E-05 9.97665E-05 9.97665E-05 9.97665E-05 9.97665E-05 9.97665E-05 9.97665E-05 9.97665E-05 9.97665E-05 9.97665E-05 9.97665E-05 0.997406 9.97665E-05 9.97665E-05 9.97665E-05 9.97665E-05 9.97665E-05 9.97665E-05 9.97665E-05
9.97754E-05 9.97754E-05 9.97754E-05 9.97754E-05 9.97754E-05 9.97754E-05 9.97754E-05 9.97754E-05 9.97754E-05 9.97754E-05 9.97754E-05 9.97754E-05 9.97754E-05 9.97754E-05 9.97754E-05 9.97754E-05 9.97754E-05 9.97754E-05 9.97754E-05 0.987629 0.00987627 9.97754E-05 9.97754E-05 9.97754E-05 9.97754E-05 9.97754E-05 9.97754E-05
9.98382E-05 9.98382E-05 0.0264134 9.98382E-05 0.608015 0.0405528 9.98382E-05 9.98382E-05 9.98382E-05 9.98382E-05 9.98382E-05 0.0423481 9.98382E-05 0.0733406 9.98382E-05 9.98382E-05 9.98382E-05 9.98382E-05 0.0691387 0.0475009 9.98382E-05 9.98382E-05 9.98382E-05 0.0731373 9.98382E-05 9.98382E-05 0.0177557
9.98651E-05 9.98651E-05 0.0230288 9.98651E-05 0.585749 0.0930448 9.98651E-05 0.0136259 9.98651E-05 9.98651E-05 0.0109752 0.0476017 9.98651E-05 0.0243025 9.98651E-05 9.98651E-05 9.98651E-05 9.98651E-05 0.0929373 0.0811953 9.98651E-05 9.98651E-05 9.98651E-05 0.00645254 0.0150211 9.98651E-05 0.00456759
9.98741E-05 0.046623 9.98741E-05 9.98741E-05 0.601419 9.98741E-05 0.0224418 0.0269252 0.00577719 9.98741E-05 0.00461294 0.0713886 0.0225973 0.0187319 9.98741E-05 9.98741E-05 9.98741E-05 9.98741E-05 0.0116699 0.09405 9.98741E-05 0.0185138 9.98741E-05 9.98741E-05 0.0538506 9.98741E-05 9.98741E-05
9.97665E-05 9.97665E-05 9.97665E-05 9.97665E-05 9.97665E-05 9.97665E-05 9.97665E-05 9.97665E-05 9.97665E-05 9.97665E-05 0.997406 9.97665E-05 9.97665E-05 9.97665E-05 9.97665E-05 9.97665E-05 9.97665E-05 9.97665E-05 9.97665E-05 9.97665E-05 9.97665E-05 9.97665E-05 9.97665E-05 9.97665E-05 9.97665E-05 9.97665E-05 9.97665E-05
9.98562E-05 9.98562E-05 0.0244223 0.057844 0.161023 9.98562E-05 9.98562E-05 0.0687434 9.98562E-05 9.98562E-05 0.258531 9.98562E-05 9.98562E-05 0.367094 0.0286384 9.98562E-05 9.98562E-05 0.0155798 9.98562E-05 9.98562E-05 9.98562E-05 0.00379153 0.00532724 9.98562E-05 9.98562E-05 9.98562E-05 0.00740819
9.98741E-05 9.98741E-05 0.03605 0.0272652 0.171346 9.98741E-05 9.98741E-05 9.98741E-05 0.0187039 9.98741E-05 0.231521 9.98741E-05 0.0156677 0.280218 0.0409847 9.98741E-05 9.98741E-05 0.0287539 9.98741E-05 9.98741E-05 9.98741E-05 9.98741E-05 0.0181907 0.00963219 9.98741E-05 0.113052 0.00721617
9.98383E-05 9.98383E-05 9.98383E-05 9.98383E-05 9.98383E-05 0.160162 9.98383E-05 0.00773819 0.10919 9.98383E-05 0.18848 9.98383E-05 9.98383E-05 9.98383E-05 9.98383E-05 9.98383E-05 9.98383E-05 0.0943214 9.98383E-05 0.157801 0.00602176 9.98383E-05 9.98383E-05 9.98383E-05 9.98383E-05 0.259826 0.0146614
9.98831E-05 9.98831E-05 9.98831E-05 0.0156483 0.0149608 0.122069 9.98831E-05 0.0407164 0.0627482 9.98831E-05 0.138761 9.98831E-05 0.0593065 0.0662402 9.98831E-05 9.98831E-05 0.0625762 0.0645956 0.0303148 0.117429 9.98831E-05 0.00181343 9.98831E-05 9.98831E-05 9.98831E-05 0.201522 9.98831E-05
9.98652E-05 0.0315542 0.0243921 9.98652E-05 0.0561076 0.0186281 9.98652E-05 0.0490563 0.106786 9.98652E-05 0.111914 9.98652E-05 0.00803693 0.28347 9.98652E-05 9.98652E-05 0.178182 0.111274 9.98652E-05 9.98652E-05 9.98652E-05 0.0191019 9.98652E-05 9.98652E-05 9.98652E-05 9.98652E-05 9.98652E-05
9.98293E-05 9.98293E-05 9.98293E-05 9.98293E-05 9.98293E-05 0.00674267 9.98293E-05 9.98293E-05 0.0505905 9.98293E-05 0.256498 9.98293E-05 0.00972714 0.318924 9.98293E-05 9.98293E-05 9.98293E-05 9.98293E-05 9.98293E-05 0.147904 9.98293E-05 0.0575308 9.98293E-05 9.98293E-05 9.98293E-05 0.150187 9.98293E-05
9.98472E-05 0.0251902 0.0478877 9.98472E-05 9.98472E-05 9.98472E-05 9.98472E-05 9.98472E-05 0.0794942 9.98472E-05 0.238908 9.98472E-05 9.98472E-05 0.456619 9.98472E-05 9.98472E-05 9.98472E-05 0.00566173 9.98472E-05 0.0775256 9.98472E-05 0.0113721 0.0455706 9.98472E-05 9.98472E-05 9.98472E-05 0.0100735
9.98831E-05 9.98831E-05 0.00850476 0.0125524 0.0775707 9.98831E-05 0.0023277 0.0799087 9.98831E-05 9.98831E-05 0.12271 9.98831E-05 9.98831E-05 0.346874 0.00737353 9.98831E-05 0.0187236 0.0589843 0.0398675 0.0992634 9.98831E-05 9.98831E-05 9.98831E-05 0.044716 9.98831E-05 0.0793253 9.98831E-05
0.00525311 9.98831E-05 9.98831E-05 0.0314623 0.112442 9.98831E-05 9.98831E-05 0.0464405 9.98831E-05 9.98831E-05 0.1407 0.0170286 0.00236202 0.423945 9.98831E-05 9.98831E-05 0.079739 0.0530025 0.0113366 0.0528299 9.98831E-05 9.98831E-05 0.0167507 0.00540899 9.98831E-05 9.98831E-05 9.98831E-05
9.97665E-05 9.97665E-05 9.97665E-05 9.97665E-05 9.97665E-05 9.97665E-05 9.97665E-05 9.97665E-05 9.97665E-05 9.97665E-05 0.997406 9.97665E-05 9.97665E-05 9.97665E-05 9.97665E-05 9.97665E-05 9.97665E-05 9.97665E-05 9.97665E-05 9.97665E-05 9.97665E-05 9.97665E-05 9.97665E-05 9.97665E-05 9.97665E-05 9.97665E-05 9.97665E-05
9.97844E-05 0.0200124 9.97844E-05 9.97844E-05 9.97844E-05 9.97844E-05 9.97844E-05 9.97844E-05 9.97844E-05 9.97844E-05 0.971538 9.97844E-05 9.97844E-05 9.97844E-05 9.97844E-05 9.97844E-05 9.97844E-05 9.97844E-05 0.00605503 9.97844E-05 9.97844E-05 9.97844E-05 9.97844E-05 9.97844E-05 9.97844E-05 9.97844E-05 9.97844E-05
9.97844E-05 9.97844E-05 9.97844E-05 9.97844E-05 0.0215158 9.97844E-05 9.97844E-05 0.00377033 9.97844E-05 9.97844E-05 0.972319 9.97844E-05 9.97844E-05 9.97844E-05 9.97844E-05 9.97844E-05 9.97844E-05 9.97844E-05 9.97844E-05 9.97844E-05 9.97844E-05 9.97844E-05 9.97844E-05 9.97844E-05 9.97844E-05 9.97844E-05 9.97844E-05
9.97844E-05 9.97844E-05 0.00337658 9.97844E-05 9.97844E-05 9.97844E-05 9.97844E-05 9.97844E-05 9.97844E-05 9.97844E-05 0.994027 9.97844E-05 9.97844E-05 9.97844E-05 0.000201172 9.97844E-05 9.97844E-05 9.97844E-05 9.97844E-05 9.97844E-05 9.97844E-05 9.97844E-05 9.97844E-05 9.97844E-05 9.97844E-05 9.97844E-05 9.97844E-05
9.98024E-05 9.98024E-05 9.98024E-05 0.00965406 9.98024E-05 9.98024E-05 9.98024E-05 9.98024E-05 9.98024E-05 9.98024E-05 0.905857 9.98024E-05 9.98024E-05 0.0223024 9.98024E-05 0.0381521 0.0218386 9.98024E-05 9.98024E-05 9.98024E-05 9.98024E-05 9.98024E-05 9.98024E-05 9.98024E-05 9.98024E-05 9.98024E-05 9.98024E-05
9.97934E-05 9.97934E-05 9.97934E-05 0.0218144 0.0121623 0.0120885 9.97934E-05 9.97934E-05 9.97934E-05 9.97934E-05 0.95164 9.97934E-05 9.97934E-05 9.97934E-05 9.97934E-05 9.97934E-05 9.97934E-05 9.97934E-05 9.97934E-05 9.97934E-05 9.97934E-05 9.97934E-05 9.97934E-05 9.97934E-05 9.97934E-05 9.97934E-05 9.97934E-05
9.98562E-05 9.98562E-05 9.98562E-05 0.0051855 9.98562E-05 0.156416 0.0115628 9.98562E-05 0.0741364 9.98562E-05 0.162849 9.98562E-05 0.048922 0.305076 9.98562E-05 9.98562E-05 0.0184138 0.0899679 0.0611663 9.98562E-05 9.98562E-05 9.98562E-05 9.98562E-05 0.0647065 9.98562E-05 9.98562E-05 9.98562E-05
9.99001E-05 9.99001E-05 9.99001E-05 9.99001E-05 0.0157056 0.0170478 0.0200281 0.0105322 9.99001E-05 9.99001E-05 0.138366 9.99001E-05 0.0289585 0.0817611 0.066359 9.99001E-05 0.0656407 0.163494 0.0642745 0.102237 0.0159833 0.0431078 0.00367581 9.99001E-05 9.99001E-05 0.0931121 0.0687173
9.98293E-05 9.98293E-05 9.98293E-05 9.98293E-05 9.98293E-05 0.192316 9.98293E-05 0.0115244 0.114051 9.98293E-05 0.1461 9.98293E-05 9.98293E-05 9.98293E-05 9.98293E-05 9.98293E-05 9.98293E-05 0.0569836 9.98293E-05 0.168871 9.98293E-05 9.98293E-05 9.98293E-05 9.98293E-05 9.98293E-05 0.270041 0.0382164
9.98472E-05 9.98472E-05 9.98472E-05 9.98472E-05 0.012219 9.98472E-05 0.0443242 9.98472E-05 9.98472E-05 9.98472E-05 9.98472E-05 0.00657583 9.98472E-05 0.698873 9.98472E-05 9.98472E-05 9.98472E-05 0.100818 0.00232759 0.0425569 0.0492663 0.00551944 9.98472E-05 9.98472E-05 0.0358232 9.98472E-05 9.98472E-05
9.98562E-05 0.0109057 9.98562E-05 9.98562E-05 9.98562E-05 0.00038267 9.98562E-05 0.0382894 9.98562E-05 0.0229809 9.98562E-05 9.98562E-05 0.0116115 0.675471 9.98562E-05 9.98562E-05 0.0556908 9.98562E-05 9.98562E-05 0.0898392 0.029131 0.0365898 0.0275106 9.98562E-05 9.98562E-05 9.98562E-05 9.98562E-05
9.98203E-05 9.98203E-05 9.98203E-05 9.98203E-05 9.98203E-05 0.00313835 9.98203E-05 0.0261435 0.032787 9.98203E-05 9.98203E-05 9.98203E-05 9.98203E-05 0.794555 9.98203E-05 0.0216883 9.98203E-05 9.98203E-05 9.98203E-05 0.0773975 9.98203E-05 0.0422939 9.98203E-05 9.98203E-05 9.98203E-05 9.98203E-05 9.98203E-05
9.98382E-05 9.98382E-05 9.98382E-05 9.98382E-05 0.076567 9.98382E-05 9.98382E-05 9.98382E-05 9.98382E-05 0.0369674 0.0383442 0.0510539 0.0478285 0.601165 9.98382E-05 9.98382E-05 9.98382E-05 9.98382E-05 0.00205992 0.04944 9.98382E-05 9.98382E-05 9.98382E-05 9.98382E-05 9.98382E-05 9.98382E-05 0.0947775
9.98562E-05 9.98562E-05 9.98562E-05 0.0122147 9.98562E-05 0.0170324 0.0116123 9.98562E-05 9.98562E-05 9.98562E-05 9.98562E-05 9.98562E-05 9.98562E-05 0.595835 9.98562E-05 0.0224101 9.98562E-05 9.98562E-05 9.98562E-05 0.0396911 0.0350988 0.0128677 9.98562E-05 9.98562E-05 0.0638043 0.133306 0.0545302
9.98382E-05 9.98382E-05 9.98382E-05 9.98382E-05 9.98382E-05 0.0332986 0.0738209 0.0514077 9.98382E-05 9.98382E-05 9.98382E-05 9.98382E-05 0.0106583 0.568405 9.98382E-05 0.0195972 0.0490448 9.98382E-05 0.0751181 9.98382E-05 9.98382E-05 9.98382E-05 9.98382E-05 9.98382E-05 9.98382E-05 0.116853 9.98382E-05
9.98831E-05 9.98831E-05 0.033606 0.0314234 9.98831E-05 0.0254391 9.98831E-05 9.98831E-05 9.98831E-05 9.98831E-05 0.0612904 0.0804263 0.0128257 0.49792 0.00613826 9.98831E-05 9.98831E-05 9.98831E-05 0.103392 0.0372068 0.0271322 9.98831E-05 9.98831E-05 9.98831E-05 0.0363804 0.0333948 0.0121264
9.98562E-05 9.98562E-05 9.98562E-05 0.0109349 9.98562E-05 0.0311059 9.98562E-05 9.98562E-05 9.98562E-05 9.98562E-05 0.0532677 0.151711 0.00491688 0.612243 9.98562E-05 9.98562E-05 9.98562E-05 9.98562E-05 0.00978001 0.0664015 9.98562E-05 0.0289514 9.98562E-05 9.98562E-05 0.0215725 9.98562E-05 0.00751802
9.98562E-05 0.0219928 9.98562E-05 0.00713249 9.98562E-05 0.0434114 9.98562E-05 0.0548257 9.98562E-05 9.98562E-05 0.0176476 9.98562E-05 9.98562E-05 0.776355 0.00624957 9.98562E-05 0.0302531 9.98562E-05 9.98562E-05 0.0170935 9.98562E-05 9.98562E-05 9.98562E-05 9.98562E-05 9.98562E-05 0.00690739 0.0165337
9.98113E-05 0.00973617 9.98113E-05 9.98113E-05 9.98113E-05 0.117669 9.98113E-05 9.98113E-05 9.98113E-05 9.98113E-05 9.98113E-05 9.98113E-05 9.98113E-05 0.739103 9.98113E-05 9.98113E-05 0.0854002 9.98113E-05 9.98113E-05 0.0268894 9.98113E-05 9.98113E-05 9.98113E-05 9.98113E-05 9.98113E-05 9.98113E-05 0.0191062
9.97845E-05 9.97845E-05 9.97845E-05 9.97845E-05 9.97845E-05 9.97845E-05 9.97845E-05 9.97845E-05 0.0010093 9.97845E-05 9.97845E-05 9.97845E-05 9.97845E-05 9.97845E-05 9.97845E-05 9.97845E-05 9.97845E-05 9.97845E-05 9.97845E-05 9.97845E-05 9.97845E-05 0.99043 9.97845E-05 0.00616599 9.97845E-05 9.97845E-05 9.97845E-05
9.97934E-05 9.97934E-05 9.97934E-05 9.97934E-05 0.000572466 9.97934E-05 9.97934E-05 9.97934E-05 9.97934E-05 9.97934E-05 9.97934E-05 9.97934E-05 9.97934E-05 9.97934E-05 9.97934E-05 9.97934E-05 9.97934E-05 0.00461301 9.97934E-05 9.97934E-05 0.0330904 0.959429 9.97934E-05 9.97934E-05 9.97934E-05 9.97934E-05 9.97934E-05
9.97666E-05 9.97666E-05 9.97666E-05 9.97666E-05 9.97666E-05 9.97666E-05 9.97666E-05 9.97666E-05 9.97666E-05 9.97666E-05 9.97666E-05 9.97666E-05 9.97666E-05 9.97666E-05 9.97666E-05 9.97666E-05 9.97666E-05 9.97666E-05 9.97666E-05 9.97666E-05 9.97666E-05 0.997406 9.97666E-05 9.97666E-05 9.97666E-05 9.97666E-05 9.97666E-05
9.97666E-05 9.97666E-05 9.97666E-05 9.97666E-05 9.97666E-05 9.97666E-05 9.97666E-05 9.97666E-05 9.97666E-05 9.97666E-05 9.97666E-05 9.97666E-05 9.97666E-05 9.97666E-05 9.97666E-05 9.97666E-05 9.97666E-05 9.97666E-05 9.97666E-05 9.97666E-05 9.97666E-05 0.997406 9.97666E-05 9.97666E-05 9.97666E-05 9.97666E-05 9.97666E-05
9.97755E-05 9.97755E-05 9.97755E-05 0.00177147 9.97755E-05 9.97755E-05 9.97755E-05 9.97755E-05 9.97755E-05 9.97755E-05 9.97755E-05 9.97755E-05 9.97755E-05 9.97755E-05 9.97755E-05 9.97755E-05 9.97755E-05 9.97755E-05 9.97755E-05 9.97755E-05 9.97755E-05 0.995734 9.97755E-05 9.97755E-05 9.97755E-05 9.97755E-05 9.97755E-05
9.97666E-05 9.97666E-05 9.97666E-05 9.97666E-05 9.97666E-05 9.97666E-05 9.97666E-05 9.97666E-05 9.97666E-05 9.97666E-05 9.97666E-05 9.97666E-05 9.97666E-05 9.97666E-05 9.97666E-05 9.97666E-05 9.97666E-05 9.97666E-05 9.97666E-05 9.97666E-05 9.97666E-05 0.997406 9.97666E-05 9.97666E-05 9.97666E-05 9.97666E-05 9.97666E-05
9.98114E-05 9.98114E-05 9.98114E-05 9.98114E-05 9.98114E-05 0.0224888 9.98114E-05 0.0031886 0.00547902 9.98114E-05 9.98114E-05 0.0140113 9.98114E-05 9.98114E-05 9.98114E-05 9.98114E-05 9.98114E-05 9.98114E-05 9.98114E-05 9.98114E-05 9.98114E-05 0.948052 9.98114E-05 9.98114E-05 9.98114E-05 9.98114E-05 0.00468439
9.98024E-05 0.00200134 9.98024E-05 9.98024E-05 9.98024E-05 9.98024E-05 9.98024E-05 9.98024E-05 9.98024E-05 9.98024E-05 0.00347781 9.98024E-05 0.00536393 9.98024E-05 0.00201185 9.98024E-05 9.98024E-05 9.98024E-05 9.98024E-05 9.98024E-05 9.98024E-05 0.984949 9.98024E-05 9.98024E-05 9.98024E-05 9.98024E-05 9.98024E-05
9.97666E-05 9.97666E-05 9.97666E-05 9.97666E-05 9.97666E-05 9.97666E-05 9.97666E-05 9.97666E-05 9.97666E-05 9.97666E-05 9.97666E-05 9.97666E-05 9.97666E-05 9.97666E-05 9.97666E-05 9.97666E-05 9.97666E-05 9.97666E-05 9.97666E-05 9.97666E-05 9.97666E-05 0.997406 9.97666E-05 9.97666E-05 9.97666E-05 9.97666E-05 9.97666E-05
9.98114E-05 9.98114E-05 9.98114E-05 9.98114E-05 0.122542 9.98114E-05 9.98114E-05 9.98114E-05 9.98114E-05 9.98114E-05 9.98114E-05 9.98114E-05 9.98114E-05 0.482829 9.98114E-05 9.98114E-05 9.98114E-05 0.0458096 9.98114E-05 9.98114E-05 9.98114E-05 0.141242 0.0234716 9.98114E-05 9.98114E-05 0.182009 9.98114E-05
0.100867 0.055486 0.0210089 9.98382E-05 9.98382E-05 9.98382E-05 9.98382E-05 9.98382E-05 0.171784 9.98382E-05 9.98382E-05 9.98382E-05 9.98382E-05 0.415396 0.0470468 9.98382E-05 9.98382E-05 0.0424413 9.98382E-05 0.0836397 9.98382E-05 9.98382E-05 9.98382E-05 9.98382E-05 0.0605326 9.98382E-05 9.98382E-05
9.98383E-05 9.98383E-05 9.98383E-05 0.03437 9.98383E-05 9.98383E-05 9.98383E-05 9.98383E-05 0.072046 9.98383E-05 9.98383E-05 0.0556437 9.98383E-05 0.383053 0.00317412 0.0254314 0.0928532 0.288068 9.98383E-05 9.98383E-05 9.98383E-05 0.0435636 9.98383E-05 9.98383E-05 9.98383E-05 9.98383E-05 9.98383E-05
9.98562E-05 0.073968 9.98562E-05 9.98562E-05 0.0302603 9.98562E-05 0.0952672 9.98562E-05 0.0866129 0.00510946 9.98562E-05 9.98562E-05 9.98562E-05 0.382903 9.98562E-05 0.0566274 9.98562E-05 0.18756 9.98562E-05 0.0609247 0.00706138 9.98562E-05 0.0121088 9.98562E-05 9.98562E-05 9.98562E-05 9.98562E-05
9.98562E-05 9.98562E-05 9.98562E-05 9.98562E-05 9.98562E-05 9.98562E-05 0.0354305 9.98562E-05 0.0978355 0.0208179 0.0654028 0.0664886 9.98562E-05 0.304858 9.98562E-05 9.98562E-05 9.98562E-05 0.299838 9.98562E-05 9.98562E-05 0.0355911 0.00461434 9.98562E-05 9.98562E-05 0.000154354 0.067371 9.98562E-05
9.98651E-05 9.98651E-05 9.98651E-05 0.0658726 0.0163366 0.0328177 9.98651E-05 9.98651E-05 0.0693691 9.98651E-05 0.0477518 0.0111221 9.98651E-05 0.370459 9.98651E-05 9.98651E-05 0.0421169 0.21089 9.98651E-05 0.074758 9.98651E-05 9.98651E-05 9.98651E-05 9.98651E-05 9.98651E-05 0.0221616 0.0348466
0.0767049 0.00746533 9.9928E-05 0.0643588 0.0054291 0.0153206 0.0126382 0.0149346 0.0094073 0.0567308 0.0788181 9.9928E-05 0.0139913 0.399746 9.9928E-05 0.0847104 0.0311257 0.0321701 9.9928E-05 0.0255183 9.9928E-05 0.0198224 0.0425263 9.9928E-05 9.9928E-05 0.00778265 9.9928E-05
9.97935E-05 9.97935E-05 9.97935E-05 9.97935E-05 9.97935E-05 9.97935E-05 9.97935E-05 9.97935E-05 0.321814 9.97935E-05 0.0311725 9.97935E-05 9.97935E-05 0.0338076 9.97935E-05 9.97935E-05 9.97935E-05 0.610911 9.97935E-05 9.97935E-05 9.97935E-05 9.97935E-05 9.97935E-05 9.97935E-05 9.97935E-05 9.97935E-05 9.97935E-05
0.00778862 9.98203E-05 0.00506602 9.98203E-05 0.0915445 0.0040431 9.98203E-05 9.98203E-05 0.0659946 9.98203E-05 9.98203E-05 9.98203E-05 9.98203E-05 9.98203E-05 9.98203E-05 9.98203E-05 0.0331031 0.790464 9.98203E-05 9.98203E-05 9.98203E-05 9.98203E-05 9.98203E-05 9.98203E-05 9.98203E-05 9.98203E-05 9.98203E-05
0.100166 0.0290936 9.98652E-05 9.98652E-05 0.000490944 9.98652E-05 9.98652E-05 0.00262959 0.181958 0.00751395 9.98652E-05 9.98652E-05 9.98652E-05 0.381822 0.0591074 0.0465245 9.98652E-05 0.0964676 9.98652E-05 0.0604233 9.98652E-05 9.98652E-05 9.98652E-05 9.98652E-05 0.032305 9.98652E-05 9.98652E-05
0.0146487 9.98293E-05 9.98293E-05 9.98293E-05 0.0976759 9.98293E-05 9.98293E-05 9.98293E-05 0.0354167 9.98293E-05 0.000894725 9.98293E-05 9.98293E-05 9.98293E-05 0.0115895 9.98293E-05 0.0333621 0.800809 9.98293E-05 9.98293E-05 9.98293E-05 9.98293E-05 9.98293E-05 9.98293E-05 9.98293E-05 9.98293E-05 0.00370653
9.97664E-05 9.97664E-05 9.97664E-05 9.97664E-05 9.97664E-05 9.97664E-05 9.97664E-05 9.97664E-05 9.97664E-05 9.97664E-05 9.97664E-05 9.97664E-05 9.97664E-05 9.97664E-05 9.97664E-05 9.97664E-05 9.97664E-05 0.997406 9.97664E-05 9.97664E-05 9.97664E-05 9.97664E-05 9.97664E-05 9.97664E-05 9.97664E-05 9.97664E-05 9.97664E-05
9.97933E-05 0.0053346 9.97933E-05 9.97933E-05 9.97933E-05 9.97933E-05 0.00602736 9.97933E-05 9.97933E-05 9.97933E-05 9.97933E-05 9.97933E-05 9.97933E-05 9.97933E-05 9.97933E-05 9.97933E-05 9.97933E-05 0.97437 9.97933E-05 9.97933E-05 9.97933E-05 9.97933E-05 9.97933E-05 0.0119725 9.97933E-05 9.97933E-05 9.97933E-05
9.97933E-05 9.97933E-05 9.97933E-05 9.97933E-05 9.97933E-05 9.97933E-05 9.97933E-05 9.97933E-05 9.97933E-05 9.97933E-05 9.97933E-05 9.97933E-05 9.97933E-05 9.97933E-05 9.97933E-05 9.97933E-05 9.97933E-05 0.966372 0.0155179 9.97933E-05 0.00294676 0.0128681 9.97933E-05 9.97933E-05 9.97933E-05 9.97933E-05 9.97933E-05
9.98383E-05 9.98383E-05 9.98383E-05 9.98383E-05 0.00706512 9.98383E-05 9.98383E-05 0.0122417 0.235157 9.98383E-05 9.98383E-05 9.98383E-05 9.98383E-05 0.259269 9.98383E-05 0.00428425 0.0720329 0.334416 9.98383E-05 0.0512815 9.98383E-05 9.98383E-05 9.98383E-05 9.98383E-05 9.98383E-05 0.0224559 9.98383E-05
0.0460977 9.98514E-05 9.98514E-05 0.0136698 9.98514E-05 9.98514E-05 0.0809598 9.98514E-05 9.98514E-05 9.98514E-05 0.0595295 9.98514E-05 0.00854839 9.98514E-05 9.98514E-05 9.98514E-05 9.98514E-05 0.633166 9.98514E-05 0.0485645 9.98514E-05 0.0302176 9.98514E-05 9.98514E-05 0.0379878 0.0395611 9.98514E-05
9.98382E-05 0.0676211 9.98382E-05 0.0381104 9.98382E-05 9.98382E-05 9.98382E-05 9.98382E-05 0.11246 9.98382E-05 0.0694906 9.98382E-05 9.98382E-05 0.457515 9.98382E-05 9.98382E-05 9.98382E-05 0.159175 9.98382E-05 0.067498 9.98382E-05 0.00434706 9.98382E-05 9.98382E-05 9.98382E-05 0.0219863 9.98382E-05
9.97665E-05 9.97665E-05 9.97665E-05 9.97665E-05 9.97665E-05 9.97665E-05 9.97665E-05 9.97665E-05 0.997406 9.97665E-05 9.97665E-05 9.97665E-05 9.97665E-05 9.97665E-05 9.97665E-05 9.97665E-05 9.97665E-05 9.97665E-05 9.97665E-05 9.97665E-05 9.97665E-05 9.97665E-05 9.97665E-05 9.97665E-05 9.97665E-05 9.97665E-05 9.97665E-05
9.97664E-05 9.97664E-05 9.97664E-05 9.97664E-05 9.97664E-05 9.97664E-05 9.97664E-05 9.97664E-05 0.997406 9.97664E-05 9.97664E-05 9.97664E-05 9.97664E-05 9.97664E-05 9.97664E-05 9.97664E-05 9.97664E-05 9.97664E-05 9.97664E-05 9.97664E-05 9.97664E-05 9.97664E-05 9.97664E-05 9.97664E-05 9.97664E-05 9.97664E-05 9.97664E-05
9.98113E-05 9.98113E-05 0.0382194 9.98113E-05 0.0556319 9.98113E-05 0.0113125 9.98113E-05 0.856907 9.98113E-05 9.98113E-05 9.98113E-05 9.98113E-05 9.98113E-05 0.0199076 9.98113E-05 9.98113E-05 9.98113E-05 9.98113E-05 9.98113E-05 9.98113E-05 9.98113E-05 9.98113E-05 9.98113E-05 0.0159254 9.98113E-05 9.98113E-05
9.98023E-05 9.98023E-05 9.98023E-05 9.98023E-05 9.98023E-05 9.98023E-05 9.98023E-05 0.0161137 0.976696 9.98023E-05 9.98023E-05 9.98023E-05 0.00268345 9.98023E-05 9.98023E-05 9.98023E-05 9.98023E-05 9.98023E-05 0.00113458 9.98023E-05 9.98023E-05 9.98023E-05 9.98023E-05 9.98023E-05 0.00117657 9.98023E-05 9.98023E-05
9.98472E-05 9.98472E-05 0.0784796 9.98472E-05 9.98472E-05 9.98472E-05 0.0040438 9.98472E-05 0.0305276 9.98472E-05 9.98472E-05 9.98472E-05 9.98472E-05 0.605749 9.98472E-05 9.98472E-05 9.98472E-05 0.0731733 0.0229797 9.98472E-05 0.0314883 0.07511 9.98472E-05 0.00131303 0.0754385 9.98472E-05 9.98472E-05
9.98203E-05 0.0294177 9.98203E-05 9.98203E-05 9.98203E-05 9.98203E-05 9.98203E-05 9.98203E-05 9.98203E-05 9.98203E-05 9.98203E-05 9.98203E-05 0.032405 0.483875 9.98203E-05 0.0240786 0.22591 9.98203E-05 9.98203E-05 9.98203E-05 9.98203E-05 0.0997621 9.98203E-05 9.98203E-05 9.98203E-05 0.102556 9.98203E-05
9.98741E-05 9.98741E-05 9.98741E-05 0.00653658 0.12834 9.98741E-05 9.98741E-05 9.98741E-05 0.0183097 9.98741E-05 0.044407 9.98741E-05 9.98741E-05 0.347842 9.98741E-05 0.0296297 9.98741E-05 0.0505337 9.98741E-05 0.0251557 0.0183009 0.0283901 0.0213772 9.98741E-05 0.103826 0.175952 9.98741E-05
0.0463556 9.98203E-05 9.98203E-05 9.98203E-05 9.98203E-05 9.98203E-05 9.98203E-05 0.0051527 9.98203E-05 9.98203E-05 0.0531085 9.98203E-05 9.98203E-05 0.781425 9.98203E-05 9.98203E-05 9.98203E-05 0.0476032 9.98203E-05 9.98203E-05 9.98203E-05 0.0624077 0.00195109 9.98203E-05 9.98203E-05 9.98203E-05 9.98203E-05
0.0345443 9.98472E-05 9.98472E-05 9.98472E-05 0.0246136 9.98472E-05 9.98472E-05 9.98472E-05 9.98472E-05 0.00321867 0.0738406 9.98472E-05 9.98472E-05 0.71736 9.98472E-05 9.98472E-05 9.98472E-05 0.0323246 0.0268546 9.98472E-05 9.98472E-05 0.0667273 0.012097 0.00672156 9.98472E-05 9.98472E-05 9.98472E-05
9.98293E-05 9.98293E-05 9.98293E-05 9.98293E-05 0.0569304 9.98293E-05 9.98293E-05 9.98293E-05 0.111919 9.98293E-05 9.98293E-05 9.98293E-05 9.98293E-05 0.685957 9.98293E-05 9.98293E-05 9.98293E-05 9.98293E-05 9.98293E-05 0.00450976 0.0752185 9.98293E-05 0.0339193 9.98293E-05 0.0184725 9.98293E-05 0.0111771
9.98562E-05 9.98562E-05 9.98562E-05 9.98562E-05 9.98562E-05 0.0191105 9.98562E-05 9.98562E-05 0.108611 0.00655148 9.98562E-05 9.98562E-05 0.00859202 0.419281 9.98562E-05 9.98562E-05 0.0759972 0.0403813 0.00142621 9.98562E-05 9.98562E-05 0.0459987 0.0695095 9.98562E-05 9.98562E-05 0.202944 9.98562E-05
9.98652E-05 9.98652E-05 0.00400587 9.98652E-05 9.98652E-05 9.98652E-05 0.00556511 9.98652E-05 0.0647773 9.98652E-05 0.0123139 0.133893 9.98652E-05 0.580807 9.98652E-05 9.98652E-05 9.98652E-05 0.10275 9.98652E-05 9.98652E-05 9.98652E-05 0.0295098 0.00615976 0.0424382 0.00948816 0.00679414 9.98652E-05
9.98203E-05 0.0167206 9.98203E-05 9.98203E-05 9.98203E-05 9.98203E-05 9.98203E-05 9.98203E-05 0.0581737 9.98203E-05 9.98203E-05 9.98203E-05 9.98203E-05 0.749073 9.98203E-05 9.98203E-05 9.98203E-05 0.0742241 9.98203E-05 9.98203E-05 0.0552543 0.0387917 9.98203E-05 9.98203E-05 9.98203E-05 0.00576614 9.98203E-05
9.98831E-05 0.0304692 9.98831E-05 9.98831E-05 0.0286872 9.98831E-05 9.98831E-05 0.10583 9.98831E-05 9.98831E-05 0.000607109 0.0707544 0.0330948 0.546612 0.0360777 9.98831E-05 9.98831E-05 0.036588 9.98831E-05 9.98831E-05 0.0254231 0.00261137 9.98831E-05 9.98831E-05 0.00790235 0.0684842 0.0055599
9.98561E-05 9.98561E-05 9.98561E-05 9.98561E-05 0.05978 9.98561E-05 9.98561E-05 9.98561E-05 9.98561E-05 9.98561E-05 0.0335718 9.98561E-05 9.98561E-05 0.577098 9.98561E-05 0.0373438 9.98561E-05 0.0707933 0.052334 9.98561E-05 9.98561E-05 0.0441181 0.00311239 0.0288521 9.98561E-05 0.072319 0.0190798
9.98472E-05 9.98472E-05 9.98472E-05 9.98472E-05 0.0413848 9.98472E-05 9.98472E-05 9.98472E-05 0.00134839 9.98472E-05 9.98472E-05 9.98472E-05 9.98472E-05 0.560772 9.98472E-05 0.0242746 9.98472E-05 0.102916 0.108256 9.98472E-05 9.98472E-05 0.0417533 0.0101813 9.98472E-05 9.98472E-05 0.0675311 0.0398854
9.98562E-05 0.00372997 9.98562E-05 0.0889537 9.98562E-05 0.0192974 9.98562E-05 9.98562E-05 9.98562E-05 9.98562E-05 0.0721368 0.0241362 0.00213936 0.23329 9.98562E-05 9.98562E-05 9.98562E-05 0.118243 9.98562E-05 9.98562E-05 9.98562E-05 0.0906255 0.0190591 9.98562E-05 9.98562E-05 0.326791 9.98562E-05
9.98472E-05 9.98472E-05 9.98472E-05 0.0712241 9.98472E-05 0.0175298 9.98472E-05 9.98472E-05 9.98472E-05 9.98472E-05 0.0658807 0.0282082 0.00242869 0.26436 9.98472E-05 9.98472E-05 9.98472E-05 0.119847 9.98472E-05 9.98472E-05 9.98472E-05 0.0815582 0.0144839 9.98472E-05 9.98472E-05 0.332782 9.98472E-05
9.98383E-05 9.98383E-05 9.98383E-05 0.0197804 9.98383E-05 0.0328901 9.98383E-05 9.98383E-05 0.118131 9.98383E-05 9.98383E-05 9.98383E-05 9.98383E-05 0.463986 0.0116123 9.98383E-05 9.98383E-05 9.98383E-05 0.0489085 9.98383E-05 9.98383E-05 0.00890204 0.0738343 9.98383E-05 9.98383E-05 0.220159 9.98383E-05
9.98293E-05 0.0694855 9.98293E-05 0.0381597 9.98293E-05 0.000735772 9.98293E-05 9.98293E-05 0.0719525 9.98293E-05 9.98293E-05 9.98293E-05 9.98293E-05 0.754905 9.98293E-05 0.0190522 9.98293E-05 9.98293E-05 9.98293E-05 9.98293E-05 9.98293E-05 0.00458283 0.0392298 9.98293E-05 9.98293E-05 9.98293E-05 9.98293E-05
9.98382E-05 0.0103413 9.98382E-05 9.98382E-05 0.0839501 9.98382E-05 9.98382E-05 9.98382E-05 0.0999459 9.98382E-05 0.0238315 9.98382E-05 9.98382E-05 0.641521 9.98382E-05 0.0336483 9.98382E-05 9.98382E-05 9.98382E-05 9.98382E-05 9.98382E-05 0.00334286 0.0733442 9.98382E-05 9.98382E-05 0.0282776 9.98382E-05
9.98562E-05 0.0297044 9.98562E-05 9.98562E-05 0.00440328 9.98562E-05 9.98562E-05 9.98562E-05 0.0685887 9.98562E-05 0.0140567 9.98562E-05 9.98562E-05 0.583915 9.98562E-05 9.98562E-05 9.98562E-05 0.0751707 0.0727074 0.0754538 0.0116894 0.0183979 0.0443148 9.98562E-05 9.98562E-05 9.98562E-05 9.98562E-05
9.98473E-05 9.98473E-05 0.0296569 9.98473E-05 9.98473E-05 9.98473E-05 9.98473E-05 9.98473E-05 0.0493104 0.0415729 0.0829555 9.98473E-05 9.98473E-05 0.492844 9.98473E-05 9.98473E-05 0.0255763 0.162936 9.98473E-05 9.98473E-05 0.00057472 0.0201918 0.0926843 9.98473E-05 9.98473E-05 9.98473E-05 9.98473E-05
0.0828393 0.0074785 0.024639 0.036264 9.98473E-05 9.98473E-05 9.98473E-05 9.98473E-05 0.0418689 9.98473E-05 9.98473E-05 9.98473E-05 9.98473E-05 0.569696 9.98473E-05 9.98473E-05 9.98473E-05 0.148069 0.0484303 0.0122579 9.98473E-05 0.0267589 9.98473E-05 9.98473E-05 9.98473E-05 9.98473E-05 9.98473E-05
9.98472E-05 0.102397 9.98472E-05 0.0231725 0.00680099 9.98472E-05 0.020591 9.98472E-05 9.98472E-05 9.98472E-05 9.98472E-05 9.98472E-05 9.98472E-05 0.379854 9.98472E-05 0.0035132 9.98472E-05 9.98472E-05 9.98472E-05 0.00207408 9.98472E-05 0.0347239 9.98472E-05 9.98472E-05 9.98472E-05 0.417114 0.00806184
9.98203E-05 9.98203E-05 9.98203E-05 0.0229934 9.98203E-05 9.98203E-05 9.98203E-05 9.98203E-05 9.98203E-05 9.98203E-05 9.98203E-05 9.98203E-05 0.0381549 0.318757 9.98203E-05 9.98203E-05 0.139916 9.98203E-05 9.98203E-05 9.98203E-05 9.98203E-05 9.98203E-05 0.0290263 9.98203E-05 9.98203E-05 0.412799 0.036358
9.98651E-05 0.0401547 9.98651E-05 9.98651E-05 0.0287087 9.98651E-05 9.98651E-05 9.98651E-05 0.013115 0.00517611 0.000431257 0.0231058 9.98651E-05 0.401487 0.0157072 9.98651E-05 9.98651E-05 0.0277864 9.98651E-05 0.0621913 9.98651E-05 9.98651E-05 9.98651E-05 9.98651E-05 9.98651E-05 0.329376 0.0512626
9.98472E-05 9.98472E-05 0.0492532 9.98472E-05 9.98472E-05 9.98472E-05 9.98472E-05 9.98472E-05 9.98472E-05 9.98472E-05 0.00500521 9.98472E-05 9.98472E-05 0.107515 9.98472E-05 0.0581683 9.98472E-05 9.98472E-05 9.98472E-05 0.0677331 0.0359279 9.98472E-05 0.0674508 0.00618595 9.98472E-05 0.572876 0.0281881
9.98561E-05 0.00192478 0.011788 0.0122297 9.98561E-05 9.98561E-05 9.98561E-05 9.98561E-05 0.0222812 9.98561E-05 9.98561E-05 9.98561E-05 9.98561E-05 0.250248 9.98561E-05 0.0574395 9.98561E-05 9.98561E-05 9.98561E-05 0.0620969 9.98561E-05 0.0208013 0.044637 9.98561E-05 9.98561E-05 0.46213 0.0528259
9.98202E-05 9.98202E-05 9.98202E-05 9.98202E-05 9.98202E-05 9.98202E-05 0.0530872 9.98202E-05 0.0334429 9.98202E-05 9.98202E-05 9.98202E-05 9.98202E-05 0.218845 9.98202E-05 0.0215987 9.98202E-05 9.98202E-05 9.98202E-05 9.98202E-05 9.98202E-05 0.0550443 9.98202E-05 0.0297714 9.98202E-05 0.586214 9.98202E-05
9.98203E-05 9.98203E-05 9.98203E-05 9.98203E-05 0.0385359 9.98203E-05 9.98203E-05 9.98203E-05 9.98203E-05 9.98203E-05 9.98203E-05 9.98203E-05 9.98203E-05 0.358755 9.98203E-05 0.00612502 0.0166681 9.98203E-05 0.0101428 9.98203E-05 9.98203E-05 9.98203E-05 9.98203E-05 9.98203E-05 0.00485613 0.56292 9.98203E-05
9.98382E-05 9.98382E-05 9.98382E-05 9.98382E-05 9.98382E-05 0.0290592 9.98382E-05 0.0170184 9.98382E-05 9.98382E-05 9.98382E-05 0.0660546 0.0216996 9.98382E-05 9.98382E-05 9.98382E-05 0.0620326 9.98382E-05 0.00484262 9.98382E-05 9.98382E-05 9.98382E-05 0.0162089 0.0476717 9.98382E-05 0.733615 9.98382E-05
9.98472E-05 9.98472E-05 9.98472E-05 9.98472E-05 9.98472E-05 0.00409318 9.98472E-05 9.98472E-05 0.0232644 9.98472E-05 9.98472E-05 0.00472707 9.98472E-05 0.213178 9.98472E-05 0.0367421 0.0639213 9.98472E-05 0.0145138 9.98472E-05 0.00975117 9.98472E-05 0.152006 9.98472E-05 9.98472E-05 0.476105 9.98472E-05
0.0164593 9.98562E-05 9.98562E-05 9.98562E-05 9.98562E-05 0.0648148 9.98562E-05 0.0119143 0.0194688 0.0061931 9.98562E-05 9.98562E-05 0.027716 9.98562E-05 9.98562E-05 9.98562E-05 0.0635762 9.98562E-05 0.0283203 9.98562E-05 9.98562E-05 9.98562E-05 9.98562E-05 0.0108904 9.98562E-05 0.746809 0.00224034
9.98562E-05 9.98562E-05 9.98562E-05 9.98562E-05 0.0281944 0.0103804 9.98562E-05 0.00550466 0.0137213 9.98562E-05 9.98562E-05 9.98562E-05 9.98562E-05 0.303527 9.98562E-05 0.0141425 0.0972797 9.98562E-05 9.98562E-05 0.0382393 9.98562E-05 0.00499813 0.0113314 9.98562E-05 9.98562E-05 0.471083 9.98562E-05
9.98652E-05 9.98652E-05 0.0388277 9.98652E-05 0.0082236 9.98652E-05 9.98652E-05 9.98652E-05 0.00138315 9.98652E-05 0.0404605 0.0334179 9.98652E-05 9.98652E-05 9.98652E-05 0.0114539 0.135824 0.0566799 9.98652E-05 0.0258897 9.98652E-05 9.98652E-05 9.98652E-05 0.00827491 9.98652E-05 0.61961 0.0184566
9.98382E-05 9.98382E-05 9.98382E-05 9.98382E-05 0.0195964 9.98382E-05 0.104107 0.00651844 9.98382E-05 9.98382E-05 0.0155898 9.98382E-05 9.98382E-05 0.178746 0.00278084 9.98382E-05 9.98382E-05 9.98382E-05 9.98382E-05 0.0738507 9.98382E-05 0.107987 9.98382E-05 9.98382E-05 9.98382E-05 0.489025 9.98382E-05
9.98204E-05 9.98204E-05 0.0105616 9.98204E-05 0.0638115 9.98204E-05 9.98204E-05 9.98204E-05 9.98204E-05 9.98204E-05 9.98204E-05 9.98204E-05 9.98204E-05 0.266996 9.98204E-05 0.0117123 9.98204E-05 9.98204E-05 9.98204E-05 9.98204E-05 9.98204E-05 0.0322188 9.98204E-05 0.0162762 9.98204E-05 0.596428 9.98204E-05
9.98472E-05 0.0247345 0.0774717 0.00439545 9.98472E-05 9.98472E-05 9.98472E-05 9.98472E-05 9.98472E-05 0.0219716 9.98472E-05 9.98472E-05 9.98472E-05 0.347327 0.0240797 9.98472E-05 0.0317513 0.02459 0.0754091 9.98472E-05 9.98472E-05 9.98472E-05 9.98472E-05 9.98472E-05 9.98472E-05 0.366572 9.98472E-05
9.98382E-05 9.98382E-05 9.98382E-05 9.98382E-05 9.98382E-05 9.98382E-05 0.0103862 0.0307879 9.98382E-05 9.98382E-05 0.0102188 9.98382E-05 9.98382E-05 9.98382E-05 0.0556884 9.98382E-05 9.98382E-05 0.0211479 9.98382E-05 9.98382E-05 0.0491858 0.0300977 0.0744092 9.98382E-05 9.98382E-05 0.716281 9.98382E-05
0.00272385 0.144206 0.0296641 9.9901E-05 9.9901E-05 0.0149193 9.9901E-05 9.9901E-05 0.0180333 0.0103486 0.0249028 0.0360235 9.9901E-05 0.178611 9.9901E-05 9.9901E-05 9.9901E-05 0.00986584 9.9901E-05 9.9901E-05 0.0140084 9.9901E-05 0.0405979 0.00944916 0.0237832 0.412002 0.0297625
9.98562E-05 9.98562E-05 0.0517993 0.0174041 9.98562E-05 9.98562E-05 9.98562E-05 9.98562E-05 0.0270404 9.98562E-05 9.98562E-05 9.98562E-05 9.98562E-05 0.109648 9.98562E-05 0.0891416 9.98562E-05 0.018485 9.98562E-05 0.096474 9.98562E-05 0.0333555 0.0290683 9.98562E-05 9.98562E-05 0.448827 0.0771594
9.9901E-05 0.119569 0.00880617 9.9901E-05 9.9901E-05 0.0178382 9.9901E-05 0.00827332 0.0102385 0.00780063 0.0201628 0.0335351 9.9901E-05 0.219175 9.9901E-05 9.9901E-05 9.9901E-05 9.9901E-05 9.9901E-05 9.9901E-05 0.0334381 0.00191423 0.0289695 0.0161227 0.0502281 0.378994 0.0438354
0.0668659 9.98472E-05 9.98472E-05 9.98472E-05 9.98472E-05 9.98472E-05 0.0650411 0.0142997 9.98472E-05 9.98472E-05 0.0221331 9.98472E-05 9.98472E-05 0.272705 9.98472E-05 0.030175 9.98472E-05 0.0320459 9.98472E-05 0.0549644 9.98472E-05 0.0622977 9.98472E-05 9.98472E-05 9.98472E-05 0.377775 9.98472E-05
9.98203E-05 9.98203E-05 0.0232476 9.98203E-05 0.124715 0.0201419 9.98203E-05 9.98203E-05 0.00720198 9.98203E-05 9.98203E-05 9.98203E-05 9.98203E-05 9.98203E-05 0.00290092 9.98203E-05 9.98203E-05 0.0759418 9.98203E-05 9.98203E-05 9.98203E-05 9.98203E-05 9.98203E-05 9.98203E-05 9.98203E-05 0.743854 9.98203E-05
9.98024E-05 9.98024E-05 0.0240801 9.98024E-05 0.08615 0.0545244 9.98024E-05 9.98024E-05 9.98024E-05 9.98024E-05 9.98024E-05 9.98024E-05 9.98024E-05 9.98024E-05 9.98024E-05 9.98024E-05 9.98024E-05 0.0616192 9.98024E-05 9.98024E-05 9.98024E-05 9.98024E-05 9.98024E-05 9.98024E-05 9.98024E-05 0.771431 9.98024E-05
0.052613 9.98473E-05 9.98473E-05 0.0320763 0.069412 9.98473E-05 9.98473E-05 9.98473E-05 9.98473E-05 0.0518803 0.0319843 9.98473E-05 9.98473E-05 0.0395843 9.98473E-05 9.98473E-05 9.98473E-05 0.108317 9.98473E-05 9.98473E-05 0.0361984 9.98473E-05 0.00714526 9.98473E-05 9.98473E-05 0.569092 9.98473E-05
9.98383E-05 9.98383E-05 9.98383E-05 0.0321894 0.105346 9.98383E-05 9.98383E-05 9.98383E-05 9.98383E-05 9.98383E-05 0.0164032 9.98383E-05 9.98383E-05 9.98383E-05 9.98383E-05 9.98383E-05 9.98383E-05 0.117193 9.98383E-05 9.98383E-05 0.0251864 0.00247088 0.0399 9.98383E-05 0.0133063 0.646209 9.98383E-05
9.98023E-05 9.98023E-05 9.98023E-05 9.98023E-05 9.98023E-05 0.0920186 9.98023E-05 9.98023E-05 9.98023E-05 0.00953178 9.98023E-05 0.0309192 9.98023E-05 9.98023E-05 9.98023E-05 9.98023E-05 9.98023E-05 9.98023E-05 9.98023E-05 9.98023E-05 9.98023E-05 0.0125448 9.98023E-05 9.98023E-05 9.98023E-05 0.85279 9.98023E-05
9.98472E-05 9.98472E-05 0.0218851 9.98472E-05 0.0301 9.98472E-05 9.98472E-05 9.98472E-05 0.0505361 9.98472E-05 0.0654299 9.98472E-05 0.0150017 0.018424 9.98472E-05 9.98472E-05 0.0644038 9.98472E-05 9.98472E-05 9.98472E-05 9.98472E-05 0.0189261 0.0248716 9.98472E-05 9.98472E-05 0.688724 9.98472E-05
9.98023E-05 9.98023E-05 9.98023E-05 9.98023E-05 9.98023E-05 0.0971624 9.98023E-05 9.98023E-05 9.98023E-05 9.98023E-05 9.98023E-05 9.98023E-05 9.98023E-05 9.98023E-05 9.98023E-05 9.98023E-05 9.98023E-05 9.98023E-05 0.00251418 0.00436497 9.98023E-05 0.0153679 9.98023E-05 9.98023E-05 9.98023E-05 0.878395 9.98023E-05
9.98203E-05 9.98203E-05 9.98203E-05 0.007293 0.147559 9.98203E-05 9.98203E-05 9.98203E-05 9.98203E-05 9.98203E-05 0.0301356 9.98203E-05 9.98203E-05 0.138636 9.98203E-05 9.98203E-05 9.98203E-05 0.0528062 9.98203E-05 9.98203E-05 9.98203E-05 9.98203E-05 9.98203E-05 9.98203E-05 0.0506664 0.570907 9.98203E-05
0.00252127 9.98562E-05 0.0044927 0.0306021 0.066208 0.0892672 9.98562E-05 9.98562E-05 9.98562E-05 9.98562E-05 9.98562E-05 0.0245728 9.98562E-05 0.253393 9.98562E-05 9.98562E-05 0.118394 0.0202821 9.98562E-05 9.98562E-05 9.98562E-05 9.98562E-05 0.0355405 9.98562E-05 9.98562E-05 0.353129 9.98562E-05
0.0768835 9.98472E-05 9.98472E-05 0.0581777 9.98472E-05 0.0264293 9.98472E-05 9.98472E-05 9.98472E-05 0.00371821 9.98472E-05 9.98472E-05 9.98472E-05 0.041607 9.98472E-05 0.00253369 9.98472E-05 0.0149198 9.98472E-05 9.98472E-05 9.98472E-05 0.00166467 9.98472E-05 9.98472E-05 9.98472E-05 0.75387 0.0184991
0.077396 9.98292E-05 9.98292E-05 0.0791403 9.98292E-05 0.0204001 9.98292E-05 0.0367504 9.98292E-05 9.98292E-05 9.98292E-05 9.98292E-05 9.98292E-05 9.98292E-05 9.98292E-05 0.0130628 9.98292E-05 9.98292E-05 0.00704617 9.98292E-05 9.98292E-05 0.00668938 9.98292E-05 9.98292E-05 9.98292E-05 0.757618 9.98292E-05
9.98292E-05 9.98292E-05 9.98292E-05 9.98292E-05 0.142992 0.0512943 9.98292E-05 9.98292E-05 0.020143 9.98292E-05 0.0361139 9.98292E-05 9.98292E-05 0.195661 9.98292E-05 9.98292E-05 9.98292E-05 9.98292E-05 9.98292E-05 0.0241496 9.98292E-05 9.98292E-05 9.98292E-05 0.0377165 9.98292E-05 0.490033 9.98292E-05
0.0058944 9.98382E-05 9.98382E-05 0.0473156 0.0518978 0.0246819 9.98382E-05 0.0594377 9.98382E-05 9.98382E-05 9.98382E-05 0.0491678 9.98382E-05 0.0936867 9.98382E-05 9.98382E-05 9.98382E-05 9.98382E-05 9.98382E-05 9.98382E-05 9.98382E-05 0.0280211 9.98382E-05 9.98382E-05 9.98382E-05 0.6381 9.98382E-05
