9.98831E-05 9.98831E-05 9.98831E-05 0.0359593 0.104454 9.98831E-05 9.98831E-05 9.98831E-05 9.98831E-05 9.98831E-05 0.653852 9.98831E-05 9.98831E-05 0.165772 0.0386638 9.98831E-05 9.98831E-05 9.98831E-05
9.98921E-05 9.98921E-05 0.107776 9.98921E-05 9.98921E-05 9.98921E-05 0.106456 9.98921E-05 0.000318908 9.98921E-05 0.750794 0.0234595 9.98921E-05 9.98921E-05 9.98921E-05 9.98921E-05 0.00999621 9.98921E-05
9.98472E-05 9.98472E-05 9.98472E-05 9.98472E-05 9.98472E-05 9.98472E-05 9.98472E-05 9.98472E-05 9.98472E-05 9.98472E-05 0.998303 9.98472E-05 9.98472E-05 9.98472E-05 9.98472E-05 9.98472E-05 9.98472E-05 9.98472E-05
9.98831E-05 9.98831E-05 9.98831E-05 9.98831E-05 9.98831E-05 9.98831E-05 0.0754968 9.98831E-05 9.98831E-05 9.98831E-05 0.679254 0.189409 9.98831E-05 9.98831E-05 9.98831E-05 0.0294353 0.0251058 9.98831E-05
9.98921E-05 9.98921E-05 0.0261621 9.98921E-05 0.0140839 9.98921E-05 9.98921E-05 9.98921E-05 9.98921E-05 9.98921E-05 0.674717 0.201001 0.077793 9.98921E-05 9.98921E-05 9.98921E-05 0.00504399 9.98921E-05
9.99011E-05 9.99011E-05 9.99011E-05 9.99011E-05 9.99011E-05 9.99011E-05 9.99011E-05 9.99011E-05 9.99011E-05 0.018442 0.781114 0.0700533 0.00211328 0.0332241 0.0118123 0.0821417 9.99011E-05 9.99011E-05
0.06509 0.00170006 9.99011E-05 9.99011E-05 0.0672002 9.99011E-05 9.99011E-05 9.99011E-05 9.99011E-05 9.99011E-05 0.573055 9.99011E-05 9.99011E-05 0.0848526 0.151191 9.99011E-05 9.99011E-05 0.0558116
9.98741E-05 9.98741E-05 0.015601 0.00610708 9.98741E-05 0.171779 9.98741E-05 9.98741E-05 9.98741E-05 9.98741E-05 0.805115 9.98741E-05 9.98741E-05 9.98741E-05 9.98741E-05 9.98741E-05 9.98741E-05 9.98741E-05
9.99011E-05 0.0562725 9.99011E-05 9.99011E-05 0.0067128 0.0322784 9.99011E-05 0.0149506 9.99011E-05 9.99011E-05 0.740623 9.99011E-05 9.99011E-05 0.113966 9.99011E-05 0.0340974 9.99011E-05 9.99011E-05
9.98831E-05 0.0096225 0.037473 9.98831E-05 9.98831E-05 0.0432088 9.98831E-05 9.98831E-05 9.98831E-05 9.98831E-05 0.855164 9.98831E-05 9.98831E-05 9.98831E-05 9.98831E-05 9.98831E-05 9.98831E-05 0.0532332
9.98921E-05 9.98921E-05 0.115593 0.12916 9.98921E-05 9.98921E-05 9.98921E-05 9.98921E-05 0.0198028 0.0143767 0.711825 9.98921E-05 0.00804425 9.98921E-05 9.98921E-05 9.98921E-05 9.98921E-05 9.98921E-05
9.98472E-05 9.98472E-05 9.98472E-05 9.98472E-05 9.98472E-05 9.98472E-05 9.98472E-05 9.98472E-05 9.98472E-05 9.98472E-05 9.98472E-05 9.98472E-05 9.98472E-05 9.98472E-05 9.98472E-05 9.98472E-05 0.998303 9.98472E-05
9.9919E-05 9.9919E-05 0.0437935 9.9919E-05 9.9919E-05 0.0276215 0.0327944 0.0823161 0.00849083 9.9919E-05 0.0331544 9.9919E-05 0.0111671 9.9919E-05 9.9919E-05 0.0478464 0.711917 9.9919E-05
9.98921E-05 0.0398342 9.98921E-05 9.98921E-05 9.98921E-05 9.98921E-05 9.98921E-05 9.98921E-05 0.00320807 9.98921E-05 0.000349477 0.361179 9.98921E-05 9.98921E-05 9.98921E-05 9.98921E-05 0.399583 0.194648
0.020566 0.0394843 9.9919E-05 9.9919E-05 9.9919E-05 9.9919E-05 9.9919E-05 0.0740092 9.9919E-05 9.9919E-05 0.0568324 0.220324 9.9919E-05 0.0517922 0.149879 9.9919E-05 0.235685 0.150529
9.99011E-05 0.00194646 9.99011E-05 9.99011E-05 9.99011E-05 9.99011E-05 0.0942271 9.99011E-05 9.99011E-05 9.99011E-05 9.99011E-05 0.0301623 9.99011E-05 0.173042 9.99011E-05 0.0572004 0.445823 0.196499
9.98921E-05 9.98921E-05 9.98921E-05 0.0539372 9.98921E-05 9.98921E-05 9.98921E-05 9.98921E-05 0.00598136 9.98921E-05 0.0318748 0.0266825 9.98921E-05 9.98921E-05 0.12361 9.98921E-05 0.756716 9.98921E-05
9.9901E-05 9.9901E-05 0.0763969 0.0116144 0.183638 0.034545 9.9901E-05 9.9901E-05 0.00675954 9.9901E-05 9.9901E-05 9.9901E-05 9.9901E-05 9.9901E-05 9.9901E-05 0.0526625 0.633285 9.9901E-05
9.9919E-05 0.00380473 0.0788928 9.9919E-05 9.9919E-05 9.9919E-05 0.127711 0.00639883 9.9919E-05 9.9919E-05 9.9919E-05 9.9919E-05 0.0272438 0.108205 9.9919E-05 0.0688573 0.495538 0.0824494
9.99011E-05 0.00116891 9.99011E-05 0.0294326 0.0846033 9.99011E-05 9.99011E-05 9.99011E-05 9.99011E-05 9.99011E-05 9.99011E-05 0.419839 9.99011E-05 9.99011E-05 0.00454082 9.99011E-05 0.348034 0.111283
0.0254614 0.0267306 0.107495 9.9937E-05 9.9937E-05 9.9937E-05 0.0767318 0.0701723 9.9937E-05 9.9937E-05 0.0143287 9.9937E-05 0.103506 0.00044546 0.0466882 9.9937E-05 0.27849 0.249251
9.98921E-05 0.0377039 9.98921E-05 0.0754618 0.122519 9.98921E-05 0.646589 9.98921E-05 9.98921E-05 9.98921E-05 9.98921E-05 9.98921E-05 9.98921E-05 9.98921E-05 9.98921E-05 0.00971643 9.98921E-05 0.106812
0.00119943 9.991E-05 9.991E-05 9.991E-05 9.991E-05 9.991E-05 0.442766 9.991E-05 0.243473 9.991E-05 9.991E-05 0.0489863 0.032862 0.045484 9.991E-05 0.142265 9.991E-05 0.041965
0.0202675 0.0544868 0.0331496 9.991E-05 0.00195391 9.991E-05 0.0849831 9.991E-05 0.711015 9.991E-05 0.0636165 9.991E-05 9.991E-05 9.991E-05 9.991E-05 9.991E-05 0.0295284 9.991E-05
9.98472E-05 9.98472E-05 9.98472E-05 9.98472E-05 9.98472E-05 9.98472E-05 0.998303 9.98472E-05 9.98472E-05 9.98472E-05 9.98472E-05 9.98472E-05 9.98472E-05 9.98472E-05 9.98472E-05 9.98472E-05 9.98472E-05 9.98472E-05
9.99011E-05 0.0148489 9.99011E-05 9.99011E-05 0.0377493 9.99011E-05 0.550842 9.99011E-05 0.0329445 9.99011E-05 9.99011E-05 0.266716 9.99011E-05 9.99011E-05 0.0604613 9.99011E-05 9.99011E-05 0.0353385
9.9937E-05 0.0115152 0.165741 0.0575712 9.9937E-05 9.9937E-05 0.548 0.0163135 9.9937E-05 0.0473921 0.00509599 9.9937E-05 9.9937E-05 0.079281 0.00757448 0.0011767 0.0596391 9.9937E-05
9.98561E-05 9.98561E-05 9.98561E-05 9.98561E-05 9.98561E-05 9.98561E-05 0.946329 9.98561E-05 0.0520733 9.98561E-05 9.98561E-05 9.98561E-05 9.98561E-05 9.98561E-05 9.98561E-05 9.98561E-05 9.98561E-05 9.98561E-05
9.98472E-05 9.98472E-05 9.98472E-05 9.98472E-05 9.98472E-05 9.98472E-05 9.98472E-05 9.98472E-05 0.998303 9.98472E-05 9.98472E-05 9.98472E-05 9.98472E-05 9.98472E-05 9.98472E-05 9.98472E-05 9.98472E-05 9.98472E-05
9.98472E-05 9.98472E-05 9.98472E-05 9.98472E-05 9.98472E-05 9.98472E-05 9.98472E-05 9.98472E-05 0.998303 9.98472E-05 9.98472E-05 9.98472E-05 9.98472E-05 9.98472E-05 9.98472E-05 9.98472E-05 9.98472E-05 9.98472E-05
9.98831E-05 9.98831E-05 9.98831E-05 9.98831E-05 0.752797 9.98831E-05 0.0886978 0.0572793 9.98831E-05 9.98831E-05 9.98831E-05 0.0472068 9.98831E-05 9.98831E-05 0.0527211 9.98831E-05 9.98831E-05 9.98831E-05
9.99101E-05 9.99101E-05 9.99101E-05 0.0873574 0.22672 0.0018072 9.99101E-05 9.99101E-05 0.10286 0.00782363 0.145353 9.99101E-05 9.99101E-05 9.99101E-05 0.307837 0.119243 9.99101E-05 9.99101E-05
9.99101E-05 9.99101E-05 0.11575 0.226546 9.99101E-05 9.99101E-05 0.0780615 9.99101E-05 0.0104482 0.0567904 9.99101E-05 9.99101E-05 0.172558 9.99101E-05 9.99101E-05 0.0460163 9.99101E-05 0.292831
9.98921E-05 0.0111231 9.98921E-05 9.98921E-05 9.98921E-05 9.98921E-05 9.98921E-05 9.98921E-05 0.0285663 0.0793221 9.98921E-05 0.0711431 9.98921E-05 9.98921E-05 9.98921E-05 0.266758 9.98921E-05 0.541889
0.0739061 0.103929 0.040448 9.9946E-05 9.9946E-05 9.9946E-05 0.170166 9.9946E-05 0.012038 0.11929 0.0639173 9.9946E-05 0.0185039 0.0736996 0.0207133 0.149837 9.9946E-05 0.152951
9.99011E-05 9.99011E-05 9.99011E-05 0.0103455 0.289036 9.99011E-05 9.99011E-05 9.99011E-05 9.99011E-05 0.0425794 9.99011E-05 0.0701859 9.99011E-05 9.99011E-05 9.99011E-05 0.0439705 0.0248976 0.517886
9.99001E-05 9.99001E-05 9.99001E-05 0.0717019 9.99001E-05 9.99001E-05 0.246768 9.99001E-05 9.99001E-05 0.0884464 0.0901897 9.99001E-05 9.99001E-05 0.100828 9.99001E-05 0.0441166 0.0709458 0.286004
0.0767199 9.9919E-05 9.9919E-05 0.0146497 0.0162805 0.0410426 0.150822 9.9919E-05 9.9919E-05 9.9919E-05 9.9919E-05 9.9919E-05 9.9919E-05 0.225831 9.9919E-05 0.0509308 0.322294 0.10053
9.98472E-05 9.98472E-05 9.98472E-05 9.98472E-05 9.98472E-05 9.98472E-05 9.98472E-05 9.98472E-05 9.98472E-05 0.998303 9.98472E-05 9.98472E-05 9.98472E-05 9.98472E-05 9.98472E-05 9.98472E-05 9.98472E-05 9.98472E-05
9.9928E-05 9.9928E-05 0.0803015 0.0063023 9.9928E-05 0.00276812 9.9928E-05 9.9928E-05 9.9928E-05 0.750673 0.067096 0.0172882 9.9928E-05 0.0266716 0.022417 0.0108928 9.9928E-05 0.0147902
9.98651E-05 9.98651E-05 9.98651E-05 0.00286019 0.00307484 9.98651E-05 9.98651E-05 9.98651E-05 9.98651E-05 9.98651E-05 9.98651E-05 9.98651E-05 9.98651E-05 9.98651E-05 9.98651E-05 9.98651E-05 9.98651E-05 0.992567
9.98921E-05 9.98921E-05 9.98921E-05 9.98921E-05 9.98921E-05 9.98921E-05 9.98921E-05 9.98921E-05 0.0404848 0.244666 9.98921E-05 9.98921E-05 0.0991426 9.98921E-05 0.039488 0.112934 9.98921E-05 0.462086
9.98561E-05 9.98561E-05 0.0221508 9.98561E-05 9.98561E-05 9.98561E-05 9.98561E-05 9.98561E-05 9.98561E-05 9.98561E-05 9.98561E-05 9.98561E-05 9.98561E-05 9.98561E-05 9.98561E-05 9.98561E-05 9.98561E-05 0.976251
9.991E-05 9.991E-05 9.991E-05 0.165905 9.991E-05 9.991E-05 0.242431 0.0142923 9.991E-05 0.0654333 0.0246564 9.991E-05 9.991E-05 9.991E-05 9.991E-05 0.0840088 0.177142 0.225132
9.991E-05 0.102513 0.0470295 9.991E-05 0.159819 9.991E-05 9.991E-05 9.991E-05 9.991E-05 0.421815 9.991E-05 0.0539875 0.119954 9.991E-05 0.000765206 9.991E-05 9.991E-05 0.093118
9.9901E-05 9.9901E-05 0.0345923 0.0648517 0.724382 9.9901E-05 0.0427947 9.9901E-05 0.0386192 9.9901E-05 9.9901E-05 0.0690263 9.9901E-05 9.9901E-05 9.9901E-05 0.0246349 9.9901E-05 9.9901E-05
0.00965305 9.98831E-05 9.98831E-05 0.0359596 0.750866 9.98831E-05 9.98831E-05 9.98831E-05 9.98831E-05 9.98831E-05 9.98831E-05 9.98831E-05 9.98831E-05 0.119372 9.98831E-05 0.0828505 9.98831E-05 9.98831E-05
0.0112425 9.9928E-05 9.9928E-05 0.0795231 0.519348 0.0497069 0.0308748 9.9928E-05 9.9928E-05 0.0177635 0.0976998 9.9928E-05 9.9928E-05 0.0812234 0.0632617 9.9928E-05 0.0485566 9.9928E-05
9.98741E-05 9.98741E-05 9.98741E-05 0.0773943 0.672736 9.98741E-05 9.98741E-05 9.98741E-05 9.98741E-05 9.98741E-05 9.98741E-05 9.98741E-05 9.98741E-05 9.98741E-05 9.98741E-05 9.98741E-05 0.197341 0.0511298
9.99011E-05 0.0536061 9.99011E-05 0.0299114 9.99011E-05 9.99011E-05 9.99011E-05 9.99011E-05 9.99011E-05 0.0161755 9.99011E-05 0.0358288 0.0696932 9.99011E-05 9.99011E-05 0.77455 0.0191362 9.99011E-05
9.99101E-05 0.000754861 9.99101E-05 9.99101E-05 0.624683 9.99101E-05 9.99101E-05 0.0203909 0.0328954 9.99101E-05 9.99101E-05 9.99101E-05 0.0624448 0.00909027 0.125571 9.99101E-05 9.99101E-05 0.12317
9.98771E-05 0.109492 0.0142809 9.98771E-05 0.842412 9.98771E-05 9.98771E-05 9.98771E-05 0.0324173 9.98771E-05 9.98771E-05 9.98771E-05 9.98771E-05 9.98771E-05 9.98771E-05 9.98771E-05 9.98771E-05 9.98771E-05
9.98472E-05 9.98472E-05 9.98472E-05 9.98472E-05 9.98472E-05 9.98472E-05 9.98472E-05 9.98472E-05 9.98472E-05 9.98472E-05 9.98472E-05 9.98472E-05 9.98472E-05 9.98472E-05 9.98472E-05 0.998303 9.98472E-05 9.98472E-05
9.991E-05 0.0497612 0.0686543 0.0733164 9.991E-05 9.991E-05 9.991E-05 9.991E-05 0.177121 9.991E-05 9.991E-05 9.991E-05 0.182407 9.991E-05 0.103714 0.323327 9.991E-05 0.0207001
0.0463074 0.0210915 9.9928E-05 9.9928E-05 0.247451 9.9928E-05 9.9928E-05 0.0680128 0.192251 0.0120219 0.0208638 0.0620927 9.9928E-05 9.9928E-05 9.9928E-05 0.314308 0.0148 9.9928E-05
0.0140101 0.00190212 9.99101E-05 9.99101E-05 0.43328 9.99101E-05 9.99101E-05 0.156721 9.99101E-05 9.99101E-05 9.99101E-05 0.117579 0.0064261 9.99101E-05 0.0563659 0.212717 9.99101E-05 9.99101E-05
9.98921E-05 0.0335179 0.00242702 9.98921E-05 0.773164 0.0358313 9.98921E-05 9.98921E-05 9.98921E-05 9.98921E-05 9.98921E-05 9.98921E-05 0.0280607 9.98921E-05 0.125801 9.98921E-05 9.98921E-05 9.98921E-05
9.98831E-05 9.98831E-05 0.0255102 9.98831E-05 9.98831E-05 9.98831E-05 0.0584951 9.98831E-05 0.0843033 9.98831E-05 9.98831E-05 9.98831E-05 9.98831E-05 9.98831E-05 0.00220427 0.828189 9.98831E-05 9.98831E-05
0.0084869 9.9928E-05 9.9928E-05 0.331092 0.0560305 9.9928E-05 9.9928E-05 9.9928E-05 0.0283125 0.050202 0.076308 9.9928E-05 0.000389406 0.027161 9.9928E-05 0.378301 0.0429171 9.9928E-05
9.9901E-05 9.9901E-05 9.9901E-05 9.9901E-05 0.297592 9.9901E-05 0.150675 9.9901E-05 9.9901E-05 9.9901E-05 0.0896668 0.0406134 9.9901E-05 9.9901E-05 9.9901E-05 0.403829 0.0128436 0.00368093
9.98831E-05 9.98831E-05 9.98831E-05 9.98831E-05 9.98831E-05 0.0237447 9.98831E-05 0.144211 9.98831E-05 0.00417143 9.98831E-05 9.98831E-05 9.98831E-05 9.98831E-05 9.98831E-05 0.769963 9.98831E-05 0.0566107
0.0261687 9.99101E-05 9.99101E-05 0.320334 0.581372 0.0107147 0.00222966 9.99101E-05 0.0325161 9.99101E-05 0.0146308 9.99101E-05 9.99101E-05 9.99101E-05 9.99101E-05 9.99101E-05 9.99101E-05 0.011035
0.00455064 0.0458388 9.9928E-05 0.0109058 9.9928E-05 9.9928E-05 0.121838 0.0375803 0.0805232 9.9928E-05 0.0217182 9.9928E-05 0.0709455 9.9928E-05 0.474716 0.130585 9.9928E-05 9.9928E-05
0.0260687 9.9919E-05 9.9919E-05 0.154683 9.9919E-05 0.0509873 9.9919E-05 9.9919E-05 0.0103446 9.9919E-05 9.9919E-05 0.0495443 9.9919E-05 0.0378159 0.619718 0.0452993 9.9919E-05 0.00463979
9.9919E-05 0.0147991 0.0969024 0.17546 9.9919E-05 9.9919E-05 9.9919E-05 9.9919E-05 0.204279 0.0123911 0.0217064 9.9919E-05 9.9919E-05 9.9919E-05 0.337389 0.0708746 0.0652996 9.9919E-05
0.0280199 0.00279332 0.0944631 9.991E-05 0.0232707 0.0566994 9.991E-05 9.991E-05 9.991E-05 9.991E-05 9.991E-05 9.991E-05 9.991E-05 9.991E-05 0.697952 9.991E-05 0.0685437 0.0272589
0.0411647 0.00981345 0.0970315 9.9919E-05 9.9919E-05 0.0127536 0.233386 9.9919E-05 9.9919E-05 9.9919E-05 9.9919E-05 9.9919E-05 0.00558745 0.0218935 0.516934 9.9919E-05 9.9919E-05 0.0605362
0.00258036 9.9928E-05 0.00723177 0.0134947 0.0628958 9.9928E-05 0.063714 0.131866 9.9928E-05 9.9928E-05 9.9928E-05 9.9928E-05 9.9928E-05 0.00727599 0.612967 0.0218747 9.9928E-05 0.0753008
9.98831E-05 9.98831E-05 9.98831E-05 0.0558692 9.98831E-05 9.98831E-05 9.98831E-05 9.98831E-05 0.154994 9.98831E-05 9.98831E-05 9.98831E-05 0.00500809 9.98831E-05 0.778324 0.00450685 9.98831E-05 9.98831E-05
9.98741E-05 9.98741E-05 0.0657855 9.98741E-05 9.98741E-05 9.98741E-05 9.98741E-05 0.0354231 9.98741E-05 9.98741E-05 9.98741E-05 0.373172 9.98741E-05 9.98741E-05 0.524221 9.98741E-05 9.98741E-05 9.98741E-05
0.0116742 0.00112844 9.991E-05 0.192824 9.991E-05 0.0924721 0.0207473 9.991E-05 9.991E-05 9.991E-05 9.991E-05 0.00371787 9.991E-05 0.122621 0.553816 9.991E-05 9.991E-05 9.991E-05
9.99101E-05 0.0558478 9.99101E-05 0.0644868 9.99101E-05 9.99101E-05 9.99101E-05 9.99101E-05 0.0732483 9.99101E-05 0.00276652 0.109255 9.99101E-05 0.0524216 0.522066 9.99101E-05 0.11891 9.99101E-05
9.98921E-05 9.98921E-05 0.0664033 9.98921E-05 9.98921E-05 9.98921E-05 9.98921E-05 0.078771 9.98921E-05 0.0638835 0.044848 9.98921E-05 0.138205 9.98921E-05 0.606691 9.98921E-05 9.98921E-05 9.98921E-05
9.99191E-05 9.99191E-05 0.0919273 9.99191E-05 0.0545522 9.99191E-05 0.103907 0.133655 9.99191E-05 9.99191E-05 0.0176754 0.0507972 9.99191E-05 9.99191E-05 0.414764 9.99191E-05 0.032775 0.0990469
9.99011E-05 9.99011E-05 9.99011E-05 9.99011E-05 0.134089 9.99011E-05 0.0241178 0.0536079 9.99011E-05 9.99011E-05 0.0500027 9.99011E-05 9.99011E-05 9.99011E-05 0.701239 0.00642119 0.0294237 9.99011E-05
9.98921E-05 0.0455557 0.164231 9.98921E-05 9.98921E-05 9.98921E-05 9.98921E-05 9.98921E-05 0.110164 0.017509 9.98921E-05 9.98921E-05 9.98921E-05 9.98921E-05 0.643295 0.0180467 9.98921E-05 9.98921E-05
9.98921E-05 0.0340774 9.98921E-05 9.98921E-05 9.98921E-05 0.150128 9.98921E-05 0.0776059 9.98921E-05 9.98921E-05 9.98921E-05 0.0446407 9.98921E-05 9.98921E-05 0.678286 9.98921E-05 9.98921E-05 0.0140635
9.9919E-05 0.0170243 0.261405 0.128207 0.133182 9.9919E-05 9.9919E-05 9.9919E-05 9.9919E-05 0.0516537 9.9919E-05 0.0136389 9.9919E-05 9.9919E-05 0.336414 0.0156948 0.0418812 9.9919E-05
9.98831E-05 9.98831E-05 9.98831E-05 9.98831E-05 9.98831E-05 9.98831E-05 9.98831E-05 0.524431 9.98831E-05 9.98831E-05 0.00613138 0.155078 9.98831E-05 9.98831E-05 0.128324 9.98831E-05 9.98831E-05 0.184737
9.98921E-05 9.98921E-05 9.98921E-05 9.98921E-05 9.98921E-05 0.0851224 9.98921E-05 0.782555 0.0816329 0.000288299 9.98921E-05 9.98921E-05 9.98921E-05 9.98921E-05 9.98921E-05 0.0028453 0.0463576 9.98921E-05
9.9901E-05 9.9901E-05 0.0810132 9.9901E-05 0.0360412 9.9901E-05 9.9901E-05 0.623181 0.000966895 9.9901E-05 9.9901E-05 0.123488 0.00879122 9.9901E-05 0.125419 9.9901E-05 9.9901E-05 9.9901E-05
9.9901E-05 9.9901E-05 9.9901E-05 9.9901E-05 9.9901E-05 9.9901E-05 9.9901E-05 0.665081 9.9901E-05 0.0439415 9.9901E-05 0.0682318 9.9901E-05 0.0422028 0.0556963 0.0706254 0.0531226 9.9901E-05
9.98852E-05 9.98852E-05 9.98852E-05 0.102282 9.98852E-05 9.98852E-05 0.0688164 0.723109 9.98852E-05 9.98852E-05 0.0972799 9.98852E-05 9.98852E-05 9.98852E-05 9.98852E-05 9.98852E-05 9.98852E-05 0.00721383
0.0104574 9.9928E-05 9.9928E-05 0.12414 9.9928E-05 0.0669006 0.0846691 0.460677 9.9928E-05 9.9928E-05 0.0152371 0.0699825 0.00847012 0.106139 0.0525279 9.9928E-05 9.9928E-05 9.9928E-05
0.0551526 0.0407462 9.98921E-05 0.0368964 9.98921E-05 9.98921E-05 9.98921E-05 0.79913 9.98921E-05 9.98921E-05 9.98921E-05 0.05387 9.98921E-05 0.0130062 9.98921E-05 9.98921E-05 9.98921E-05 9.98921E-05
9.99011E-05 0.0561255 9.99011E-05 0.0973899 9.99011E-05 9.99011E-05 0.0672721 0.670519 9.99011E-05 0.0188637 0.077405 9.99011E-05 9.99011E-05 9.99011E-05 9.99011E-05 9.99011E-05 0.0113258 9.99011E-05
0.0119837 9.98831E-05 9.98831E-05 0.0123853 9.98831E-05 9.98831E-05 9.98831E-05 0.951741 9.98831E-05 0.00502324 9.98831E-05 9.98831E-05 0.0175679 9.98831E-05 9.98831E-05 9.98831E-05 9.98831E-05 9.98831E-05
0.0248476 9.991E-05 0.0462475 0.540491 9.991E-05 0.0489426 9.991E-05 0.0525649 0.218211 9.991E-05 9.991E-05 9.991E-05 0.0149326 9.991E-05 9.991E-05 0.0527644 9.991E-05 9.991E-05
9.98741E-05 0.011599 9.98741E-05 0.909491 9.98741E-05 9.98741E-05 9.98741E-05 9.98741E-05 9.98741E-05 9.98741E-05 9.98741E-05 9.98741E-05 9.98741E-05 0.0419043 9.98741E-05 9.98741E-05 9.98741E-05 0.0356074
0.0158117 9.98831E-05 0.0610127 0.841306 9.98831E-05 0.000713492 9.98831E-05 0.0798572 9.98831E-05 9.98831E-05 9.98831E-05 9.98831E-05 9.98831E-05 9.98831E-05 9.98831E-05 9.98831E-05 9.98831E-05 9.98831E-05
9.99101E-05 9.99101E-05 9.99101E-05 0.791694 0.0580664 0.0376462 9.99101E-05 9.99101E-05 0.0168409 0.011241 0.00567979 0.0132393 9.99101E-05 9.99101E-05 9.99101E-05 9.99101E-05 0.0645932 9.99101E-05
9.99011E-05 9.99011E-05 9.99011E-05 0.701239 9.99011E-05 0.135865 9.99011E-05 0.0591228 0.0251742 9.99011E-05 0.0598252 9.99011E-05 9.99011E-05 9.99011E-05 9.99011E-05 0.0115869 0.00608734 9.99011E-05
9.991E-05 9.991E-05 9.991E-05 0.460333 9.991E-05 0.0219362 9.991E-05 9.991E-05 0.0336944 0.0889159 9.991E-05 9.991E-05 9.991E-05 0.0568855 0.029594 0.255835 9.991E-05 0.0518066
9.98921E-05 9.98921E-05 9.98921E-05 0.509103 0.235969 9.98921E-05 0.0730213 0.15824 9.98921E-05 0.0117126 9.98921E-05 9.98921E-05 9.98921E-05 0.0107551 9.98921E-05 9.98921E-05 9.98921E-05 9.98921E-05
9.99011E-05 0.0921814 9.99011E-05 0.644454 9.99011E-05 9.99011E-05 0.138437 9.99011E-05 9.99011E-05 0.00732381 0.0586279 9.99011E-05 0.0516882 0.00618839 9.99011E-05 9.99011E-05 9.99011E-05 9.99011E-05
9.98921E-05 9.98921E-05 0.0513659 0.653472 0.0459774 9.98921E-05 9.98921E-05 9.98921E-05 9.98921E-05 9.98921E-05 9.98921E-05 9.98921E-05 9.98921E-05 9.98921E-05 0.082049 0.0286989 9.98921E-05 0.137238
9.99101E-05 9.99101E-05 0.0969092 0.552625 9.99101E-05 9.99101E-05 0.0174451 0.0877302 9.99101E-05 9.99101E-05 0.0295207 9.99101E-05 9.99101E-05 9.99101E-05 0.122859 9.99101E-05 0.0643238 0.0275876
9.9928E-05 9.9928E-05 0.0748388 0.557905 9.9928E-05 0.05136 9.9928E-05 0.0287607 0.0882812 0.0458561 9.9928E-05 0.0781413 9.9928E-05 9.9928E-05 9.9928E-05 0.000488056 0.0730363 0.000533305
0.0187512 0.061422 0.0327095 0.541865 0.0365798 9.9919E-05 9.9919E-05 9.9919E-05 0.0896632 0.0171058 0.0825489 9.9919E-05 0.118455 9.9919E-05 9.9919E-05 9.9919E-05 9.9919E-05 9.9919E-05
9.9928E-05 0.0495993 0.0488402 0.578175 9.9928E-05 9.9928E-05 9.9928E-05 0.127539 9.9928E-05 9.9928E-05 0.0170088 0.016863 0.00985758 9.9928E-05 0.0219941 9.9928E-05 0.0673197 0.062004
0.0098363 9.991E-05 9.991E-05 0.500271 0.187601 9.991E-05 9.991E-05 9.991E-05 0.00280151 9.991E-05 0.0386081 0.0801628 0.031236 9.991E-05 0.148484 9.991E-05 9.991E-05 9.991E-05
9.9919E-05 9.9919E-05 9.9919E-05 0.35722 9.9919E-05 0.0233365 9.9919E-05 9.9919E-05 0.0255256 9.9919E-05 0.0682771 0.103068 0.0437961 9.9919E-05 0.301278 0.0331823 9.9919E-05 0.0434181
9.991E-05 9.991E-05 9.991E-05 0.438346 0.190925 0.110461 0.0558544 0.0689211 9.991E-05 0.00140139 9.991E-05 0.132973 9.991E-05 9.991E-05 9.991E-05 0.000119299 9.991E-05 9.991E-05
9.99011E-05 0.00625289 9.99011E-05 0.74182 9.99011E-05 9.99011E-05 0.0997698 0.00775007 0.0274114 9.99011E-05 9.99011E-05 9.99011E-05 0.0501924 9.99011E-05 9.99011E-05 9.99011E-05 0.0657043 9.99011E-05
9.99011E-05 0.0426375 9.99011E-05 0.535418 9.99011E-05 9.99011E-05 9.99011E-05 0.0338069 9.99011E-05 9.99011E-05 9.99011E-05 0.259298 0.0390002 9.99011E-05 0.0518109 9.99011E-05 9.99011E-05 0.0369298
9.98921E-05 9.98921E-05 0.0972782 0.644333 9.98921E-05 9.98921E-05 0.0068106 9.98921E-05 9.98921E-05 9.98921E-05 9.98921E-05 0.107657 9.98921E-05 9.98921E-05 0.0714365 9.98921E-05 9.98921E-05 0.0712853
0.00100954 9.991E-05 0.0830324 9.991E-05 9.991E-05 9.991E-05 0.0414055 9.991E-05 0.0513862 9.991E-05 9.991E-05 0.319497 0.117986 9.991E-05 0.347992 0.0366928 9.991E-05 9.991E-05
0.0277436 9.9928E-05 0.26531 0.123576 9.9928E-05 0.0319238 0.0612256 0.0877867 9.9928E-05 9.9928E-05 0.0130781 9.9928E-05 0.108503 9.9928E-05 0.199646 9.9928E-05 9.9928E-05 0.0804085
0.0279448 9.9937E-05 0.111201 0.111106 0.0040124 0.0891175 0.0900724 9.9937E-05 9.9937E-05 9.9937E-05 0.0602307 0.0728158 0.0611955 9.9937E-05 0.301564 9.9937E-05 9.9937E-05 0.0700398
9.991E-05 9.991E-05 0.11234 0.0395716 0.0281465 9.991E-05 0.249898 0.0319667 9.991E-05 9.991E-05 9.991E-05 0.079903 0.210704 9.991E-05 0.246471 9.991E-05 9.991E-05 9.991E-05
9.98831E-05 9.98831E-05 0.22327 9.98831E-05 9.98831E-05 9.98831E-05 9.98831E-05 0.0254993 9.98831E-05 9.98831E-05 9.98831E-05 0.679201 0.0352044 0.0355267 9.98831E-05 9.98831E-05 9.98831E-05 9.98831E-05
9.98831E-05 9.98831E-05 9.98831E-05 9.98831E-05 0.0117959 9.98831E-05 9.98831E-05 9.98831E-05 9.98831E-05 9.98831E-05 9.98831E-05 0.740755 0.140778 9.98831E-05 9.98831E-05 0.0439656 0.0614066 9.98831E-05
9.98921E-05 9.98921E-05 0.121085 9.98921E-05 9.98921E-05 0.0818033 9.98921E-05 9.98921E-05 9.98921E-05 9.98921E-05 0.0211101 0.624398 9.98921E-05 0.13345 0.0169556 9.98921E-05 9.98921E-05 9.98921E-05
0.00691622 0.103333 9.9937E-05 9.9937E-05 9.9937E-05 0.0366525 9.9937E-05 9.9937E-05 9.9937E-05 0.00166912 0.0677565 0.382233 0.0291727 0.243221 0.0223655 0.0602501 9.9937E-05 0.0457298
0.000612051 9.98741E-05 9.98741E-05 9.98741E-05 9.98741E-05 9.98741E-05 9.98741E-05 0.067592 9.98741E-05 9.98741E-05 9.98741E-05 0.827153 9.98741E-05 9.98741E-05 0.103244 9.98741E-05 9.98741E-05 9.98741E-05
9.98921E-05 9.98921E-05 0.0407583 9.98921E-05 9.98921E-05 0.0704794 9.98921E-05 9.98921E-05 0.0268958 9.98921E-05 0.118433 0.737685 9.98921E-05 9.98921E-05 9.98921E-05 9.98921E-05 9.98921E-05 0.00454988
9.99201E-05 0.0774517 9.99201E-05 9.99201E-05 0.0206154 0.0218153 0.099625 0.0107516 9.99201E-05 0.00366065 0.210994 0.35364 9.99201E-05 0.143087 9.99201E-05 9.99201E-05 0.05756 9.99201E-05
9.9928E-05 9.9928E-05 0.0369035 0.0247016 9.9928E-05 0.117323 0.0214801 9.9928E-05 0.0165115 9.9928E-05 0.0693453 0.404292 0.0937974 0.0929209 0.121925 9.9928E-05 9.9928E-05 9.9928E-05
0.000994827 0.0409612 0.0304784 9.991E-05 9.991E-05 9.991E-05 9.991E-05 9.991E-05 9.991E-05 0.0320351 9.991E-05 0.633731 0.00999571 0.186958 9.991E-05 0.0638466 9.991E-05 9.991E-05
0.0224911 9.991E-05 0.295795 9.991E-05 9.991E-05 9.991E-05 0.0344857 9.991E-05 0.0423615 9.991E-05 0.158935 0.331862 0.0327911 9.991E-05 9.991E-05 9.991E-05 9.991E-05 0.0802797
9.98741E-05 0.0127118 9.98741E-05 9.98741E-05 9.98741E-05 0.155868 9.98741E-05 9.98741E-05 9.98741E-05 9.98741E-05 9.98741E-05 0.823986 9.98741E-05 0.00603585 9.98741E-05 9.98741E-05 9.98741E-05 9.98741E-05
0.00221064 9.9937E-05 0.210044 9.9937E-05 9.9937E-05 0.0503166 0.0825985 0.0690379 9.9937E-05 0.0106529 0.0318065 0.103179 9.9937E-05 0.385572 0.0127328 9.9937E-05 0.0411495 9.9937E-05
0.0136436 0.0565974 0.121868 0.03243 9.98921E-05 9.98921E-05 9.98921E-05 9.98921E-05 9.98921E-05 9.98921E-05 9.98921E-05 0.762419 9.98921E-05 9.98921E-05 9.98921E-05 9.98921E-05 9.98921E-05 0.0118426
0.0185537 0.0386649 0.040465 0.0235751 9.9955E-05 0.0546924 0.0207029 9.9955E-05 9.9955E-05 0.00149453 0.142151 0.202546 0.138196 0.247828 0.069727 0.000904431 9.9955E-05 9.9955E-05
9.98472E-05 0.998303 9.98472E-05 9.98472E-05 9.98472E-05 9.98472E-05 9.98472E-05 9.98472E-05 9.98472E-05 9.98472E-05 9.98472E-05 9.98472E-05 9.98472E-05 9.98472E-05 9.98472E-05 9.98472E-05 9.98472E-05 9.98472E-05
0.00884059 9.99011E-05 0.213449 9.99011E-05 0.0851837 9.99011E-05 9.99011E-05 9.99011E-05 9.99011E-05 0.0515902 9.99011E-05 0.185221 9.99011E-05 0.44236 9.99011E-05 0.0122566 9.99011E-05 9.99011E-05
0.0038907 0.021404 9.99101E-05 9.99101E-05 9.99101E-05 0.0892231 9.99101E-05 9.99101E-05 9.99101E-05 0.00656281 9.99101E-05 0.291106 0.255386 0.267682 9.99101E-05 9.99101E-05 9.99101E-05 0.0637466
9.98562E-05 0.976902 0.0214999 9.98562E-05 9.98562E-05 9.98562E-05 9.98562E-05 9.98562E-05 9.98562E-05 9.98562E-05 9.98562E-05 9.98562E-05 9.98562E-05 9.98562E-05 9.98562E-05 9.98562E-05 9.98562E-05 9.98562E-05
9.98921E-05 9.98921E-05 0.266217 9.98921E-05 9.98921E-05 9.98921E-05 9.98921E-05 9.98921E-05 9.98921E-05 0.00489278 0.16897 0.142837 0.0760756 0.33981 9.98921E-05 9.98921E-05 9.98921E-05 9.98921E-05
9.98921E-05 9.98921E-05 9.98921E-05 0.00432703 0.0550294 9.98921E-05 9.98921E-05 9.98921E-05 9.98921E-05 9.98921E-05 9.98921E-05 0.389258 9.98921E-05 0.516296 0.0281953 9.98921E-05 9.98921E-05 0.00569588
9.9919E-05 0.226642 0.193243 9.9919E-05 9.9919E-05 0.0204751 9.9919E-05 9.9919E-05 9.9919E-05 9.9919E-05 0.0152689 0.306743 9.9919E-05 0.157998 9.9919E-05 0.0502259 0.0131176 0.015387
9.98921E-05 9.98921E-05 0.264308 9.98921E-05 9.98921E-05 9.98921E-05 9.98921E-05 0.0527783 9.98921E-05 9.98921E-05 0.00891255 9.98921E-05 0.0234052 0.61051 0.0388882 9.98921E-05 9.98921E-05 9.98921E-05
9.98921E-05 0.0121684 9.98921E-05 9.98921E-05 9.98921E-05 9.98921E-05 9.98921E-05 9.98921E-05 0.0105864 9.98921E-05 9.98921E-05 9.98921E-05 0.00284236 0.890438 9.98921E-05 0.0664277 0.0163384 9.98921E-05
9.99011E-05 0.0328018 0.409496 9.99011E-05 0.0686145 9.99011E-05 9.99011E-05 9.99011E-05 9.99011E-05 9.99011E-05 9.99011E-05 9.99011E-05 0.11962 0.334014 0.0211696 9.99011E-05 0.0131851 9.99011E-05
9.991E-05 0.0963044 0.162438 9.991E-05 9.991E-05 9.991E-05 0.0627386 0.053774 0.00921426 9.991E-05 9.991E-05 0.0169813 0.014709 0.582841 9.991E-05 9.991E-05 9.991E-05 9.991E-05
9.98921E-05 9.98921E-05 9.98921E-05 9.98921E-05 9.98921E-05 0.000714605 9.98921E-05 9.98921E-05 9.98921E-05 0.0375333 0.0239714 0.144966 0.153457 0.638159 9.98921E-05 9.98921E-05 9.98921E-05 9.98921E-05
0.0680744 9.99011E-05 0.0120564 9.99011E-05 9.99011E-05 9.99011E-05 0.0105333 0.0692393 9.99011E-05 0.00175478 9.99011E-05 9.99011E-05 0.240081 0.597162 9.99011E-05 9.99011E-05 9.99011E-05 9.99011E-05
9.98921E-05 0.026853 9.98921E-05 9.98921E-05 9.98921E-05 9.98921E-05 9.98921E-05 9.98921E-05 9.98921E-05 9.98921E-05 9.98921E-05 0.0234466 0.201113 0.522254 0.159226 9.98921E-05 9.98921E-05 0.0659085
9.98563E-05 9.98563E-05 0.254562 9.98563E-05 9.98563E-05 9.98563E-05 9.98563E-05 9.98563E-05 9.98563E-05 9.98563E-05 9.98563E-05 9.98563E-05 9.98563E-05 0.74384 9.98563E-05 9.98563E-05 9.98563E-05 9.98563E-05
9.98741E-05 9.98741E-05 9.98741E-05 9.98741E-05 9.98741E-05 0.00447274 9.98741E-05 0.0310058 9.98741E-05 9.98741E-05 9.98741E-05 9.98741E-05 0.0337309 0.929392 9.98741E-05 9.98741E-05 9.98741E-05 9.98741E-05
0.067315 0.0823462 9.9919E-05 0.0167806 0.0388015 9.9919E-05 0.0613726 9.9919E-05 9.9919E-05 9.9919E-05 9.9919E-05 0.0880672 0.0674651 0.501062 9.9919E-05 9.9919E-05 9.9919E-05 0.0758906
0.0477998 9.98831E-05 0.190746 9.98831E-05 9.98831E-05 9.98831E-05 9.98831E-05 0.0343275 9.98831E-05 9.98831E-05 9.98831E-05 9.98831E-05 0.0244257 0.701403 9.98831E-05 9.98831E-05 9.98831E-05 9.98831E-05
9.98831E-05 9.98831E-05 0.277095 9.98831E-05 9.98831E-05 9.98831E-05 9.98831E-05 0.0409299 9.98831E-05 9.98831E-05 9.98831E-05 0.107422 0.27023 0.303025 9.98831E-05 9.98831E-05 9.98831E-05 9.98831E-05
9.98831E-05 0.0215264 9.98831E-05 9.98831E-05 0.135169 9.98831E-05 0.00114838 9.98831E-05 9.98831E-05 9.98831E-05 9.98831E-05 9.98831E-05 0.522431 0.318426 9.98831E-05 9.98831E-05 9.98831E-05 9.98831E-05
9.98831E-05 0.0373286 9.98831E-05 9.98831E-05 9.98831E-05 9.98831E-05 0.0440472 9.98831E-05 9.98831E-05 9.98831E-05 0.0208373 9.98831E-05 0.258026 0.638462 9.98831E-05 9.98831E-05 9.98831E-05 9.98831E-05
9.9928E-05 0.0133062 0.218415 9.9928E-05 9.9928E-05 9.9928E-05 9.9928E-05 0.0196217 0.0415873 0.0200397 0.0677265 0.00215971 9.9928E-05 0.565233 0.0184031 9.9928E-05 0.0327082 9.9928E-05
9.98921E-05 0.0516641 0.0341512 0.0253871 9.98921E-05 0.0616522 9.98921E-05 9.98921E-05 9.98921E-05 9.98921E-05 9.98921E-05 9.98921E-05 0.15847 0.667476 9.98921E-05 9.98921E-05 9.98921E-05 9.98921E-05
9.991E-05 0.0423559 0.0255767 9.991E-05 9.991E-05 0.0108562 0.017645 9.991E-05 9.991E-05 9.991E-05 0.0726007 0.00700886 0.155738 0.667219 9.991E-05 9.991E-05 9.991E-05 9.991E-05
9.98921E-05 9.98921E-05 9.98921E-05 9.98921E-05 0.0113452 0.0795394 9.98921E-05 9.98921E-05 9.98921E-05 0.0304091 9.98921E-05 0.300832 9.98921E-05 0.527611 9.98921E-05 0.0490643 9.98921E-05 9.98921E-05
0.00251242 0.0631473 0.164535 9.991E-05 0.0180168 9.991E-05 0.0600483 9.991E-05 9.991E-05 9.991E-05 9.991E-05 9.991E-05 0.236753 0.429548 9.991E-05 0.0244396 9.991E-05 9.991E-05
9.98742E-05 9.98742E-05 0.0782351 9.98742E-05 9.98742E-05 9.98742E-05 9.98742E-05 9.98742E-05 9.98742E-05 9.98742E-05 0.00168685 9.98742E-05 9.98742E-05 0.853368 9.98742E-05 9.98742E-05 0.0653117 9.98742E-05
0.03165 0.0264685 0.210608 9.99101E-05 0.0259343 0.0598484 9.99101E-05 9.99101E-05 9.99101E-05 9.99101E-05 9.99101E-05 0.157489 0.0332143 0.453788 9.99101E-05 9.99101E-05 9.99101E-05 9.99101E-05
0.00455718 9.99011E-05 0.0175435 9.99011E-05 9.99011E-05 0.231767 9.99011E-05 9.99011E-05 9.99011E-05 0.0171938 9.99011E-05 0.183155 0.0115934 0.533091 9.99011E-05 9.99011E-05 9.99011E-05 9.99011E-05
9.9919E-05 9.9919E-05 0.0022332 9.9919E-05 9.9919E-05 0.0404271 9.9919E-05 9.9919E-05 0.0223322 9.9919E-05 0.0042983 0.0179451 0.00355662 0.759637 0.0444019 9.9919E-05 9.9919E-05 0.10427
0.0159844 0.0167021 9.9928E-05 9.9928E-05 0.0130577 0.257387 9.9928E-05 9.9928E-05 0.0392294 9.9928E-05 0.00765942 0.0483392 0.0466451 0.490642 9.9928E-05 9.9928E-05 9.9928E-05 0.0635546
9.991E-05 9.991E-05 0.215598 0.0545896 9.991E-05 0.0789032 9.991E-05 9.991E-05 0.076978 0.0381352 9.991E-05 0.261232 9.991E-05 0.272284 9.991E-05 9.991E-05 9.991E-05 0.00128054
0.0233402 0.0624898 0.219658 0.0229285 9.9937E-05 0.0513702 9.9937E-05 9.9937E-05 0.0311631 0.0202737 9.9937E-05 0.0958591 0.0296161 0.383311 9.9937E-05 9.9937E-05 0.0592909 9.9937E-05
0.035932 0.0727404 0.0975478 9.99191E-05 9.99191E-05 0.0190297 0.00514925 0.0183062 9.99191E-05 9.99191E-05 0.139682 0.148745 9.99191E-05 0.461968 9.99191E-05 9.99191E-05 9.99191E-05 9.99191E-05
0.0171105 0.0858054 0.302332 9.9919E-05 9.9919E-05 9.9919E-05 9.9919E-05 0.042984 9.9919E-05 0.0220198 0.0948848 0.221123 0.0980423 0.114799 9.9919E-05 9.9919E-05 9.9919E-05 9.9919E-05
0.0268587 9.98921E-05 0.0284395 9.98921E-05 9.98921E-05 9.98921E-05 9.98921E-05 9.98921E-05 9.98921E-05 9.98921E-05 9.98921E-05 0.0166509 9.98921E-05 0.734549 0.111071 9.98921E-05 9.98921E-05 0.0812317
9.9901E-05 9.9901E-05 0.388301 9.9901E-05 0.00517346 0.0996193 9.9901E-05 9.9901E-05 0.0139427 9.9901E-05 9.9901E-05 0.185885 9.9901E-05 0.270257 9.9901E-05 9.9901E-05 0.0357219 9.9901E-05
9.98921E-05 9.98921E-05 0.196386 9.98921E-05 9.98921E-05 0.00165967 0.0258212 9.98921E-05 9.98921E-05 9.98921E-05 0.164611 0.147737 9.98921E-05 0.462586 9.98921E-05 9.98921E-05 9.98921E-05 9.98921E-05
0.137298 0.113387 0.219841 0.00110366 9.99101E-05 9.99101E-05 0.0190397 9.99101E-05 0.0586496 9.99101E-05 9.99101E-05 9.99101E-05 9.99101E-05 0.443211 9.99101E-05 9.99101E-05 0.00647149 9.99101E-05
0.0252149 9.9937E-05 0.157274 0.0130922 9.9937E-05 0.0510667 9.9937E-05 0.0618764 9.9937E-05 0.00980304 9.9937E-05 9.9937E-05 9.9937E-05 0.601628 0.00264213 0.017938 0.0566903 0.0020744
0.000972074 0.00463712 0.410136 9.991E-05 9.991E-05 9.991E-05 9.991E-05 0.0199987 9.991E-05 9.991E-05 0.0474981 0.0652395 0.448465 9.991E-05 9.991E-05 9.991E-05 9.991E-05 0.0020545
0.0882199 9.9919E-05 0.0900471 0.0173157 9.9919E-05 0.0181735 0.0109202 0.0525925 9.9919E-05 9.9919E-05 9.9919E-05 0.177684 0.43965 0.104498 9.9919E-05 9.9919E-05 9.9919E-05 9.9919E-05
9.98472E-05 9.98472E-05 9.98472E-05 9.98472E-05 9.98472E-05 9.98472E-05 9.98472E-05 9.98472E-05 9.98472E-05 9.98472E-05 9.98472E-05 9.98472E-05 0.998303 9.98472E-05 9.98472E-05 9.98472E-05 9.98472E-05 9.98472E-05
0.00405773 9.98562E-05 9.98562E-05 9.98562E-05 9.98562E-05 9.98562E-05 9.98562E-05 9.98562E-05 9.98562E-05 9.98562E-05 9.98562E-05 9.98562E-05 0.994345 9.98562E-05 9.98562E-05 9.98562E-05 9.98562E-05 9.98562E-05
0.0575409 9.98921E-05 0.233997 9.98921E-05 9.98921E-05 9.98921E-05 9.98921E-05 9.98921E-05 9.98921E-05 9.98921E-05 0.0133674 0.0895545 0.399768 0.204574 9.98921E-05 9.98921E-05 9.98921E-05 9.98921E-05
9.98831E-05 0.0538469 0.098926 9.98831E-05 9.98831E-05 0.00810813 9.98831E-05 9.98831E-05 9.98831E-05 9.98831E-05 9.98831E-05 9.98831E-05 0.75822 0.0796001 9.98831E-05 9.98831E-05 9.98831E-05 9.98831E-05
0.0329212 9.99011E-05 0.276462 9.99011E-05 9.99011E-05 0.0146834 9.99011E-05 0.0390846 9.99011E-05 9.99011E-05 0.0469269 9.99011E-05 0.349057 0.239766 9.99011E-05 9.99011E-05 9.99011E-05 9.99011E-05
9.98562E-05 9.98562E-05 9.98562E-05 9.98562E-05 9.98562E-05 9.98562E-05 9.98562E-05 9.98562E-05 9.98562E-05 9.98562E-05 9.98562E-05 9.98562E-05 0.994646 0.00375593 9.98562E-05 9.98562E-05 9.98562E-05 9.98562E-05
0.0674573 9.99011E-05 0.535219 9.99011E-05 9.99011E-05 9.99011E-05 0.0218045 9.99011E-05 9.99011E-05 9.99011E-05 0.131949 0.106895 0.126957 9.99011E-05 0.00861924 9.99011E-05 9.99011E-05 9.99011E-05
0.0309933 9.9919E-05 0.202704 0.124204 9.9919E-05 9.9919E-05 0.101842 9.9919E-05 9.9919E-05 9.9919E-05 0.0643297 0.242384 0.0144538 0.194862 9.9919E-05 0.0233282 9.9919E-05 9.9919E-05
0.0193629 9.991E-05 0.638029 0.043552 0.0649107 9.991E-05 9.991E-05 0.0267039 0.0542488 9.991E-05 9.991E-05 9.991E-05 0.0336357 0.118558 9.991E-05 9.991E-05 9.991E-05 9.991E-05
9.9919E-05 9.9919E-05 0.314029 0.0869033 9.9919E-05 0.0339892 0.0978214 0.0877368 9.9919E-05 9.9919E-05 0.11138 0.000594252 0.253595 9.9919E-05 9.9919E-05 0.0130515 9.9919E-05 9.9919E-05
0.0420415 0.0448552 0.505187 0.0867274 9.9955E-05 9.9955E-05 0.00097688 0.0554617 9.9955E-05 9.9955E-05 0.0212288 0.0171147 0.107079 0.110811 0.00723987 9.9955E-05 0.000450878 0.000326729
9.99011E-05 0.0647961 0.337129 0.060471 9.99011E-05 0.0786823 9.99011E-05 9.99011E-05 9.99011E-05 9.99011E-05 9.99011E-05 0.0624028 0.321968 0.0734524 9.99011E-05 9.99011E-05 9.99011E-05 9.99011E-05
0.0370087 0.0254438 0.557766 9.99101E-05 0.00703846 9.99101E-05 9.99101E-05 9.99101E-05 9.99101E-05 9.99101E-05 9.99101E-05 0.0308195 0.0898999 0.24356 9.99101E-05 9.99101E-05 9.99101E-05 0.00746431
9.98921E-05 0.0359652 0.446466 9.98921E-05 9.98921E-05 9.98921E-05 9.98921E-05 9.98921E-05 9.98921E-05 9.98921E-05 9.98921E-05 0.154393 0.220388 0.133684 9.98921E-05 9.98921E-05 9.98921E-05 0.0079057
9.98921E-05 9.98921E-05 0.672684 0.0485416 9.98921E-05 0.053047 9.98921E-05 9.98921E-05 9.98921E-05 9.98921E-05 9.98921E-05 0.0658869 0.0942252 0.0644162 9.98921E-05 9.98921E-05 9.98921E-05 9.98921E-05
0.00126083 9.98831E-05 0.773939 9.98831E-05 9.98831E-05 0.0383224 0.0443527 9.98831E-05 9.98831E-05 9.98831E-05 9.98831E-05 0.140826 9.98831E-05 9.98831E-05 9.98831E-05 9.98831E-05 9.98831E-05 9.98831E-05
0.0329591 9.991E-05 0.572962 9.991E-05 9.991E-05 0.143601 0.0796295 0.0291925 9.991E-05 9.991E-05 0.00576816 9.991E-05 9.991E-05 0.12755 9.991E-05 9.991E-05 9.991E-05 0.00733874
0.0566065 0.0230926 0.614554 0.00888361 9.99011E-05 9.99011E-05 9.99011E-05 9.99011E-05 0.0108022 9.99011E-05 9.99011E-05 9.99011E-05 0.0742752 0.210687 9.99011E-05 9.99011E-05 9.99011E-05 9.99011E-05
0.145298 9.9928E-05 0.392059 9.9928E-05 9.9928E-05 0.0955772 0.0629754 0.0517537 9.9928E-05 9.9928E-05 0.0767887 0.101682 0.0372105 0.032441 9.9928E-05 9.9928E-05 9.9928E-05 0.00341542
0.0339861 0.0242815 0.456105 0.0738895 9.9937E-05 0.07911 0.00411957 9.9937E-05 0.0249228 9.9937E-05 0.0777914 9.9937E-05 0.050071 0.142575 9.9937E-05 9.9937E-05 9.9937E-05 0.0324493
0.0167355 9.991E-05 0.395545 9.991E-05 9.991E-05 0.0591317 9.991E-05 0.00896078 0.00131483 9.991E-05 9.991E-05 0.18357 0.303653 9.991E-05 9.991E-05 9.991E-05 9.991E-05 0.0300907
9.98742E-05 9.98742E-05 0.884283 9.98742E-05 9.98742E-05 9.98742E-05 9.98742E-05 9.98742E-05 9.98742E-05 0.0284614 9.98742E-05 9.98742E-05 0.0448105 9.98742E-05 9.98742E-05 9.98742E-05 0.0410469 9.98742E-05
9.9919E-05 9.9919E-05 0.384107 0.0372173 0.0103175 9.9919E-05 9.9919E-05 0.0216673 9.9919E-05 9.9919E-05 0.034243 0.196739 0.290302 0.015149 0.00935833 9.9919E-05 9.9919E-05 9.9919E-05
0.0368974 0.00710178 0.365786 9.99191E-05 9.99191E-05 0.114972 9.99191E-05 9.99191E-05 9.99191E-05 9.99191E-05 0.106927 0.0169529 0.106072 0.161106 0.083286 9.99191E-05 9.99191E-05 9.99191E-05
9.9919E-05 0.0207665 0.605596 0.00674387 9.9919E-05 9.9919E-05 9.9919E-05 0.0345731 0.0088845 9.9919E-05 0.0164829 0.189022 0.0406243 0.0764078 9.9919E-05 9.9919E-05 9.9919E-05 9.9919E-05
0.0243776 0.0868241 0.64189 9.99101E-05 9.99101E-05 0.00927539 9.99101E-05 9.99101E-05 9.99101E-05 0.00702621 9.99101E-05 0.127326 0.0792808 0.0230002 9.99101E-05 9.99101E-05 9.99101E-05 9.99101E-05
0.00323489 9.9919E-05 0.478885 0.0297988 9.9919E-05 9.9919E-05 0.0206498 9.9919E-05 9.9919E-05 0.0554371 0.00237913 9.9919E-05 0.264904 0.114778 9.9919E-05 9.9919E-05 0.0290343 9.9919E-05
0.0846918 9.99011E-05 0.576222 0.0531617 9.99011E-05 0.0396298 9.99011E-05 9.99011E-05 9.99011E-05 9.99011E-05 9.99011E-05 9.99011E-05 0.00125045 0.184917 9.99011E-05 9.99011E-05 9.99011E-05 0.0590284
0.0262543 9.9919E-05 0.654464 0.00389765 9.9919E-05 0.0990204 9.9919E-05 0.0382369 0.0123305 0.00810284 0.0577083 9.9919E-05 9.9919E-05 0.0990858 9.9919E-05 9.9919E-05 9.9919E-05 9.9919E-05
0.0241006 9.98742E-05 0.790072 9.98742E-05 9.98742E-05 0.035395 9.98742E-05 9.98742E-05 9.98742E-05 9.98742E-05 9.98742E-05 9.98742E-05 0.149034 9.98742E-05 9.98742E-05 9.98742E-05 9.98742E-05 9.98742E-05
9.98742E-05 9.98742E-05 0.658577 9.98742E-05 9.98742E-05 9.98742E-05 9.98742E-05 9.98742E-05 0.0281516 9.98742E-05 9.98742E-05 0.144503 0.16737 9.98742E-05 9.98742E-05 9.98742E-05 9.98742E-05 9.98742E-05
9.98472E-05 9.98472E-05 0.998303 9.98472E-05 9.98472E-05 9.98472E-05 9.98472E-05 9.98472E-05 9.98472E-05 9.98472E-05 9.98472E-05 9.98472E-05 9.98472E-05 9.98472E-05 9.98472E-05 9.98472E-05 9.98472E-05 9.98472E-05
9.98562E-05 9.98562E-05 0.794329 9.98562E-05 9.98562E-05 0.204073 9.98562E-05 9.98562E-05 9.98562E-05 9.98562E-05 9.98562E-05 9.98562E-05 9.98562E-05 9.98562E-05 9.98562E-05 9.98562E-05 9.98562E-05 9.98562E-05
9.98563E-05 9.98563E-05 0.997726 9.98563E-05 9.98563E-05 9.98563E-05 9.98563E-05 9.98563E-05 9.98563E-05 9.98563E-05 0.000676463 9.98563E-05 9.98563E-05 9.98563E-05 9.98563E-05 9.98563E-05 9.98563E-05 9.98563E-05
9.98473E-05 9.98473E-05 0.998303 9.98473E-05 9.98473E-05 9.98473E-05 9.98473E-05 9.98473E-05 9.98473E-05 9.98473E-05 9.98473E-05 9.98473E-05 9.98473E-05 9.98473E-05 9.98473E-05 9.98473E-05 9.98473E-05 9.98473E-05
9.98652E-05 0.0668108 0.926698 9.98652E-05 9.98652E-05 9.98652E-05 9.98652E-05 9.98652E-05 9.98652E-05 0.00499322 9.98652E-05 9.98652E-05 9.98652E-05 9.98652E-05 9.98652E-05 9.98652E-05 9.98652E-05 9.98652E-05
9.98562E-05 9.98562E-05 0.985183 9.98562E-05 9.98562E-05 9.98562E-05 9.98562E-05 9.98562E-05 9.98562E-05 9.98562E-05 9.98562E-05 9.98562E-05 9.98562E-05 9.98562E-05 9.98562E-05 0.0132191 9.98562E-05 9.98562E-05
0.0130288 0.0498058 0.882059 9.98921E-05 9.98921E-05 9.98921E-05 9.98921E-05 9.98921E-05 9.98921E-05 9.98921E-05 9.98921E-05 9.98921E-05 9.98921E-05 0.0196097 0.000847292 9.98921E-05 9.98921E-05 0.0334506
