0.0164302 9.9982E-05 0.770424 0.0853389 9.9982E-05 0.0221438 0.105463
9.9973E-05 0.0239609 0.803548 0.106977 0.0652142 9.9973E-05 9.9973E-05
9.9955E-05 9.9955E-05 0.993831 9.9955E-05 0.00566967 9.9955E-05 9.9955E-05
9.9973E-05 0.176835 0.719632 9.9973E-05 0.0589089 9.9973E-05 0.0443242
9.9973E-05 0.21389 0.674048 0.0927679 9.9973E-05 0.0189949 9.9973E-05
0.0371765 0.133799 0.778688 9.9973E-05 9.9973E-05 0.0500364 9.9973E-05
9.9973E-05 0.109759 0.660975 0.0243347 9.9973E-05 9.9973E-05 0.204632
9.9964E-05 9.9964E-05 0.91224 0.0590093 9.9964E-05 0.0283513 9.9964E-05
0.0589295 0.10826 0.811444 0.0210666 9.9973E-05 9.9973E-05 9.9973E-05
9.9964E-05 9.9964E-05 0.870655 0.12295 0.00599536 9.9964E-05 9.9964E-05
9.9964E-05 9.9964E-05 0.733721 0.114474 9.9964E-05 0.151405 9.9964E-05
0.282466 9.9973E-05 0.471143 9.9973E-05 0.145977 9.9973E-05 0.100115
0.291591 9.9982E-05 0.329527 0.00516002 0.247839 9.9982E-05 0.125683
0.187409 0.00580667 0.331178 9.9982E-05 0.0855187 9.9982E-05 0.389888
0.0701602 0.134853 0.383404 9.9982E-05 0.0833892 9.9982E-05 0.327994
0.442825 0.208175 0.141634 9.99821E-05 0.163738 9.99821E-05 0.0434275
0.262831 9.9982E-05 0.330663 9.9982E-05 0.131522 0.0117052 0.263079
0.618823 9.9982E-05 0.205789 0.0702416 0.0457737 0.0591725 9.9982E-05
0.323226 0.121442 0.18971 0.0371108 0.189268 0.0418622 0.0973806
0.394886 0.247183 0.0207718 0.116447 0.1664 9.9991E-05 0.0542131
0.126274 9.9982E-05 0.150585 0.212901 0.21966 9.9982E-05 0.29038
0.153182 0.00673108 9.9973E-05 9.9973E-05 0.50805 0.331737 9.9973E-05
0.228584 0.154976 9.9964E-05 9.9964E-05 0.61604 9.9964E-05 9.9964E-05
0.0576709 9.9973E-05 0.137266 0.0537607 0.751002 9.9973E-05 9.9973E-05
9.9964E-05 9.9964E-05 9.9964E-05 0.0667438 0.81818 0.114676 9.9964E-05
9.9982E-05 0.283791 9.9982E-05 0.00814279 0.484032 0.142463 0.081371
0.0653842 0.069812 0.0210575 0.178687 0.331066 0.302696 0.0312976
9.9955E-05 9.9955E-05 9.9955E-05 0.00556371 0.993937 9.9955E-05 9.9955E-05
9.9964E-05 9.9964E-05 9.9964E-05 9.9964E-05 0.865705 0.126279 0.00761632
0.012563 0.0507353 9.9964E-05 9.9964E-05 0.936302 9.9964E-05 9.9964E-05
0.426261 0.0165389 9.9991E-05 0.0899677 0.0899037 0.093433 0.283796
0.406924 0.06281 0.0545323 9.9982E-05 9.9982E-05 0.113386 0.362147
0.324472 9.998E-05 0.0343374 0.268401 0.0915364 0.281053 9.998E-05
0.598176 0.17738 9.9982E-05 0.00166596 0.221178 9.9982E-05 0.00140012
0.527355 0.221379 0.0481125 0.0691894 0.0924706 0.0413936 9.9991E-05
0.733845 9.9973E-05 9.9973E-05 0.120876 9.9973E-05 0.00173776 0.143241
0.340242 0.0894501 0.219138 9.9982E-05 0.220658 0.130311 9.9982E-05
0.343438 0.251516 9.9991E-05 0.135242 0.214 0.0421714 0.0135326
0.9994 9.995E-05 9.995E-05 9.995E-05 9.995E-05 9.995E-05 9.995E-05
0.663961 0.197996 0.0335238 9.9973E-05 9.9973E-05 0.104219 9.9973E-05
0.658701 9.9991E-05 0.0460273 0.0327011 0.0214755 0.0107024 0.230293
0.760268 0.180594 0.0587377 9.9964E-05 9.9964E-05 9.9964E-05 9.9964E-05
0.598708 9.9982E-05 0.0917399 0.110827 0.000234673 9.9982E-05 0.198291
0.375807 9.9982E-05 0.162369 9.9982E-05 0.235908 0.0854198 0.140296
0.659926 0.0927707 9.9982E-05 0.149437 9.9982E-05 0.0418218 0.0558441
0.455797 9.9982E-05 9.9982E-05 0.14357 0.0671999 0.226247 0.106987
0.427336 0.213775 9.9973E-05 9.9973E-05 9.9973E-05 0.342034 0.0165553
0.304942 0.074792 0.200102 9.9991E-05 0.0277228 0.132983 0.259359
0.561923 9.9973E-05 0.0646585 9.9973E-05 9.9973E-05 0.172667 0.200452
0.773787 0.108287 9.9973E-05 9.9973E-05 0.0139673 0.10366 9.9973E-05
0.544002 0.160172 9.9964E-05 9.9964E-05 9.9964E-05 9.9964E-05 0.295426
0.626882 9.9973E-05 9.9973E-05 0.150574 0.0796357 9.9973E-05 0.142608
0.939551 9.9973E-05 9.9973E-05 0.0269221 9.9973E-05 0.0112006 0.0220265
0.182917 9.999E-05 0.0212524 0.255336 0.297689 0.075969 0.166737
0.569696 0.0899587 0.122636 9.9982E-05 0.0251154 9.9982E-05 0.192394
0.428029 0.0233065 9.9982E-05 0.0826628 0.0486548 9.9982E-05 0.417147
0.379335 0.150776 9.9982E-05 9.9982E-05 0.0021963 0.0407927 0.4267
0.640061 9.9964E-05 9.9964E-05 9.9964E-05 0.204827 9.9964E-05 0.154712
0.538902 0.0458789 0.108853 9.998E-05 9.998E-05 0.26843 0.0377353
0.700882 9.9982E-05 0.057813 0.0694261 0.0866216 9.9982E-05 0.0850578
0.890362 0.0207759 9.9973E-05 9.9973E-05 9.9973E-05 0.0375997 0.0509622
0.50933 9.9982E-05 0.00862427 0.0801655 0.010112 0.391568 9.9982E-05
0.0443575 0.014644 9.9982E-05 9.9982E-05 0.15786 0.102586 0.680352
0.0622978 0.151509 9.9973E-05 9.9973E-05 9.9973E-05 0.255612 0.530281
0.0290476 9.9991E-05 0.0421151 0.0841728 0.162883 0.213839 0.467842
0.021032 0.0697279 9.9991E-05 0.113864 0.000612819 0.0151759 0.779487
9.9973E-05 9.9973E-05 9.9973E-05 0.14959 0.150693 0.0254668 0.67395
0.0602825 9.9973E-05 9.9973E-05 9.9973E-05 0.0115912 0.12194 0.805886
9.9964E-05 9.9964E-05 9.9964E-05 9.9964E-05 0.119581 0.213006 0.667013
9.9973E-05 0.176136 9.9973E-05 0.140504 9.9973E-05 0.0185138 0.664546
9.9964E-05 0.212193 9.9964E-05 9.9964E-05 9.9964E-05 0.282065 0.505342
9.998E-05 0.12051 0.0411658 9.998E-05 0.0375152 0.251602 0.549007
9.9973E-05 0.0820633 0.0237254 0.107041 9.9973E-05 9.9973E-05 0.786871
0.147806 9.9991E-05 0.172119 0.0535144 0.00419004 0.0852868 0.536984
0.000747272 9.9982E-05 0.0421438 9.9982E-05 0.0880489 0.129305 0.739555
0.0623408 0.0951212 9.9991E-05 0.0770956 0.109531 0.192039 0.463772
9.9964E-05 9.9964E-05 9.9964E-05 0.137844 9.9964E-05 0.0161984 0.845558
0.147769 0.0648471 9.9982E-05 0.221765 9.9982E-05 0.178087 0.387332
9.9964E-05 0.00486897 0.17201 9.9964E-05 9.9964E-05 9.9964E-05 0.822721
0.151224 9.9982E-05 0.141193 0.104767 0.0454127 9.9982E-05 0.557204
9.9973E-05 9.9973E-05 0.0363098 0.133679 9.9973E-05 0.000109464 0.829602
9.9973E-05 0.0933609 0.0203253 9.9973E-05 9.9973E-05 0.166113 0.719901
9.9973E-05 9.9973E-05 0.187105 9.9973E-05 0.0870866 0.26673 0.458779
0.00236095 0.18067 0.00252585 0.104439 0.0345967 0.352982 0.322426
9.9973E-05 0.0642556 9.9973E-05 0.11997 9.9973E-05 0.317959 0.497515
9.997E-05 9.997E-05 0.235007 9.997E-05 0.0530476 0.305601 0.406044
0.0143033 9.9991E-05 0.060449 0.101013 0.0513701 0.318288 0.454476
0.0790057 0.02056 9.9991E-05 0.143032 0.0413114 0.626835 0.0891559
9.9955E-05 0.0423845 9.9955E-05 9.9955E-05 9.9955E-05 0.957116 9.9955E-05
9.9964E-05 9.9964E-05 0.00921261 0.118788 9.9964E-05 0.871599 9.9964E-05
9.9955E-05 0.0470524 9.9955E-05 9.9955E-05 9.9955E-05 0.952448 9.9955E-05
9.9955E-05 9.9955E-05 0.165981 9.9955E-05 9.9955E-05 0.83352 9.9955E-05
0.476977 0.032298 0.0464463 9.997E-05 9.997E-05 0.443978 9.997E-05
0.218968 0.0548074 9.9973E-05 9.9973E-05 9.9973E-05 0.680924 0.0450013
9.9973E-05 0.032226 0.00780525 9.9973E-05 0.0650754 0.894593 9.9973E-05
0.0953795 9.9982E-05 9.9982E-05 0.0441937 0.0182646 0.715955 0.126007
9.9973E-05 9.9973E-05 0.127073 0.0897702 9.9973E-05 0.633428 0.149429
0.0611193 9.997E-05 9.997E-05 0.108335 9.997E-05 0.547208 0.283038
9.9991E-05 0.0267607 0.146088 0.154749 0.0470454 0.529048 0.0962095
9.9991E-05 0.0485446 0.177331 0.043216 0.0513935 0.60899 0.0704249
9.9982E-05 9.9982E-05 0.00269113 0.0264582 0.0433761 0.597807 0.329468
9.9982E-05 0.061092 0.0473907 9.9982E-05 0.0150431 0.461797 0.414477
0.153937 0.0922302 9.997E-05 9.997E-05 9.997E-05 0.620164 0.133369
9.997E-05 9.997E-05 9.997E-05 0.0166956 0.138585 0.749469 0.0949497
9.9964E-05 0.177245 9.9964E-05 9.9964E-05 9.9964E-05 0.596105 0.226251
9.9964E-05 9.9964E-05 9.9964E-05 0.0201234 9.9964E-05 0.732576 0.2469
0.010464 0.344794 9.999E-05 0.119645 0.0923471 0.088657 0.343992
9.9982E-05 9.9982E-05 0.103258 0.355437 0.0408869 0.143618 0.3566
9.9991E-05 0.099091 0.0219996 0.240149 0.0451734 0.180464 0.413023
9.9982E-05 0.00270586 9.9982E-05 0.282153 0.0976472 0.0725926 0.544702
9.9973E-05 0.544228 9.9973E-05 0.277969 0.0802499 9.9973E-05 0.0972537
0.0497103 0.440294 9.9991E-05 0.190685 0.00782827 0.0402424 0.271139
9.9973E-05 0.693511 0.0745257 0.114387 9.9973E-05 9.9973E-05 0.117276
0.0771132 0.633468 0.032605 0.0955372 9.9982E-05 9.9982E-05 0.161076
9.9964E-05 0.493971 9.9964E-05 0.0205955 9.9964E-05 9.9964E-05 0.485034
0.0229869 0.538077 0.19799 0.105651 9.9982E-05 9.9982E-05 0.135094
0.0748083 0.46112 0.397065 9.9973E-05 9.9973E-05 9.9973E-05 0.0667064
9.999E-05 0.504038 0.0978939 0.0726783 0.0756192 0.0125117 0.237158
0.0220611 0.669644 0.000497177 0.0139482 9.9982E-05 9.9982E-05 0.29365
9.998E-05 0.263931 0.197993 0.316671 0.055557 9.998E-05 0.165648
9.9991E-05 0.707262 0.0457597 0.120367 0.0366238 0.0223043 0.0675823
9.9991E-05 0.494267 0.109641 0.213508 0.0570009 0.116259 0.00922373
0.00623022 0.507585 0.0182249 0.232713 9.9991E-05 0.0557511 0.179396
9.9982E-05 0.555863 0.166763 0.129731 0.047366 9.9982E-05 0.100077
9.9973E-05 0.657692 0.1358 0.132242 0.0739669 9.9973E-05 9.9973E-05
0.0698358 0.663536 9.998E-05 0.202322 9.998E-05 0.0374983 0.0266079
0.082366 0.802766 9.9964E-05 0.114468 9.9964E-05 9.9964E-05 9.9964E-05
9.9982E-05 0.651809 0.112628 0.0912262 0.061415 9.9982E-05 0.0827223
9.9964E-05 0.58343 0.0870362 0.329134 9.9964E-05 9.9964E-05 9.9964E-05
9.9973E-05 0.770947 0.0191603 9.9973E-05 9.9973E-05 0.0742678 0.135325
0.0382856 0.598804 0.13801 0.124893 9.9982E-05 9.9982E-05 0.099807
9.9964E-05 0.78929 9.9964E-05 0.13599 9.9964E-05 9.9964E-05 0.0743202
0.023541 0.946112 9.9964E-05 9.9964E-05 0.0299472 9.9964E-05 9.9964E-05
0.00455765 0.500189 9.9982E-05 0.381339 0.0121354 9.9982E-05 0.101579
9.9973E-05 0.667031 0.0235797 0.210738 0.0983518 9.9973E-05 9.9973E-05
9.9955E-05 0.996144 9.9955E-05 0.00335665 9.9955E-05 9.9955E-05 9.9955E-05
0.0179488 0.854643 9.9973E-05 0.107723 0.0193849 9.9973E-05 9.9973E-05
0.0239941 0.719774 9.9973E-05 0.108062 9.9973E-05 9.9973E-05 0.14787
9.9955E-05 0.806961 9.9955E-05 0.192539 9.9955E-05 9.9955E-05 9.9955E-05
9.9964E-05 0.880315 9.9964E-05 0.04613 9.9964E-05 0.0731546 9.9964E-05
9.997E-05 0.779187 9.997E-05 0.0421032 0.0554784 0.122932 9.997E-05
9.996E-05 0.768551 9.996E-05 0.218819 9.996E-05 9.996E-05 0.0122303
9.9955E-05 0.607367 9.9955E-05 0.392133 9.9955E-05 9.9955E-05 9.9955E-05
0.0329016 0.683541 9.9973E-05 0.261111 0.0221461 9.9973E-05 9.9973E-05
9.9973E-05 0.8085 9.9973E-05 0.170256 0.00460247 0.0163414 9.9973E-05
9.9982E-05 0.575604 0.0697659 0.162069 0.0240211 9.9982E-05 0.16834
9.9964E-05 0.88837 9.9964E-05 0.0744776 9.9964E-05 0.0367521 9.9964E-05
9.9964E-05 0.878817 0.120031 0.000752594 9.9964E-05 9.9964E-05 9.9964E-05
0.0802703 0.913477 9.9964E-05 0.00585336 9.9964E-05 9.9964E-05 9.9964E-05
0.0489821 0.537328 9.9982E-05 0.311927 0.0256961 0.0758665 9.9982E-05
9.9955E-05 0.942222 0.0572786 9.9955E-05 9.9955E-05 9.9955E-05 9.9955E-05
0.0234858 0.701335 9.9964E-05 0.27478 9.9964E-05 9.9964E-05 9.9964E-05
0.0432777 0.792522 9.9964E-05 0.1638 9.9964E-05 9.9964E-05 9.9964E-05
0.0174781 0.886764 9.9964E-05 9.9964E-05 9.9964E-05 0.0953581 9.9964E-05
0.0397151 0.68636 0.0780128 0.187466 0.00824638 9.9982E-05 9.9982E-05
0.0333272 0.487419 9.9991E-05 0.234202 0.0113472 0.209224 0.0243806
0.0518209 0.603181 0.0417636 0.269331 9.9982E-05 0.0337032 9.9982E-05
9.9973E-05 0.430222 0.271406 0.290823 9.9973E-05 0.00724827 9.9973E-05
9.9973E-05 0.468431 0.0467915 0.409376 9.9973E-05 0.0751014 9.9973E-05
9.9973E-05 0.837243 9.9973E-05 9.9973E-05 0.000698952 0.106186 0.0555717
0.0793572 0.543452 9.9973E-05 0.374473 9.9973E-05 0.00241809 9.9973E-05
9.9964E-05 0.617115 0.149976 0.232509 9.9964E-05 9.9964E-05 9.9964E-05
9.998E-05 0.524109 0.0174546 0.344693 0.093308 0.0202356 9.998E-05
9.9982E-05 0.691343 0.00767962 0.171839 0.0370431 0.0918954 9.9982E-05
9.998E-05 0.267266 0.0248066 0.658284 0.0349608 9.998E-05 0.0144825
9.9982E-05 0.403213 9.9982E-05 0.511437 0.0117134 0.00326124 0.0701757
9.9964E-05 0.459458 9.9964E-05 0.5377 0.00244233 9.9964E-05 9.9964E-05
9.9973E-05 0.334202 9.9973E-05 0.525886 0.132529 9.9973E-05 0.0070841
9.9973E-05 0.552062 9.9973E-05 0.403601 0.0157893 9.9973E-05 0.0282473
0.0081062 0.549014 9.9973E-05 0.433798 0.00878206 9.9973E-05 9.9973E-05
9.9964E-05 0.430498 9.9964E-05 0.509839 0.059263 9.9964E-05 9.9964E-05
9.9964E-05 0.5236 9.9964E-05 0.469028 9.9964E-05 0.0069715 9.9964E-05
0.0950072 0.0300507 0.0374062 0.768102 9.9982E-05 9.9982E-05 0.0692342
0.0361565 0.313025 9.9982E-05 0.311553 0.0257965 0.313269 9.9982E-05
0.0563542 0.103194 9.9982E-05 0.761212 0.0385196 9.9982E-05 0.0405205
0.0371681 0.0926669 0.180061 0.537409 0.0550068 0.0975876 9.9991E-05
9.9982E-05 0.193332 0.00981096 0.629175 9.9982E-05 0.110124 0.057358
9.9955E-05 0.446035 9.9955E-05 0.553465 9.9955E-05 9.9955E-05 9.9955E-05
9.9964E-05 0.33167 9.9964E-05 0.666815 9.9964E-05 9.9964E-05 0.00111459
9.9982E-05 0.412229 0.000506511 0.525625 0.0205996 9.9982E-05 0.04084
9.9964E-05 0.123395 9.9964E-05 0.808591 9.9964E-05 0.0676141 9.9964E-05
9.9964E-05 9.9964E-05 9.9964E-05 0.978451 9.9964E-05 0.00719714 0.0139518
0.00329056 0.297346 0.00685789 0.6374 0.0230492 9.9991E-05 0.0319558
9.9964E-05 0.178694 9.9964E-05 0.810448 0.0104577 9.9964E-05 9.9964E-05
9.9991E-05 0.229803 0.0575586 0.570552 0.101684 0.0373486 0.00295395
9.998E-05 0.22542 0.17851 0.491865 0.0565883 0.0474172 9.998E-05
9.997E-05 0.248017 9.997E-05 0.67471 0.0263138 9.997E-05 0.0506592
0.0100958 9.9955E-05 9.9955E-05 0.989404 9.9955E-05 9.9955E-05 9.9955E-05
9.9982E-05 0.274579 0.0135698 0.554608 9.9982E-05 0.0538215 0.103222
9.9964E-05 0.379996 0.200464 0.41914 9.9964E-05 9.9964E-05 9.9964E-05
9.998E-05 0.118299 0.0963846 0.668685 0.0285003 9.998E-05 0.0879311
9.9964E-05 0.21033 9.9964E-05 0.737185 9.9964E-05 9.9964E-05 0.0520851
0.00666585 0.268284 0.0120552 0.62886 9.9991E-05 0.0362904 0.0477446
0.0173106 9.9964E-05 9.9964E-05 0.845412 9.9964E-05 0.136877 9.9964E-05
9.9982E-05 0.0982226 0.0479584 0.806269 0.043587 9.9982E-05 0.00376312
9.9955E-05 0.0579364 9.9955E-05 0.941564 9.9955E-05 9.9955E-05 9.9955E-05
9.9973E-05 0.0866561 0.0859896 0.823345 0.00370981 9.9973E-05 9.9973E-05
9.9955E-05 9.9955E-05 0.00759817 0.991902 9.9955E-05 9.9955E-05 9.9955E-05
9.995E-05 9.995E-05 9.995E-05 0.9994 9.995E-05 9.995E-05 9.995E-05
9.9955E-05 9.9955E-05 0.014933 0.984567 9.9955E-05 9.9955E-05 9.9955E-05
9.995E-05 9.995E-05 9.995E-05 0.9994 9.995E-05 9.995E-05 9.995E-05
9.995E-05 9.995E-05 9.995E-05 0.9994 9.995E-05 9.995E-05 9.995E-05
9.9955E-05 9.9955E-05 9.9955E-05 0.984617 9.9955E-05 9.9955E-05 0.0148832
9.9955E-05 9.9955E-05 9.9955E-05 0.957853 9.9955E-05 9.9955E-05 0.0416472
9.995E-05 9.995E-05 9.995E-05 0.9994 9.995E-05 9.995E-05 9.995E-05
9.9964E-05 9.9964E-05 0.036555 0.90603 9.9964E-05 0.0570147 9.9964E-05
9.995E-05 9.995E-05 9.995E-05 0.9994 9.995E-05 9.995E-05 9.995E-05
9.9964E-05 0.00409357 9.9964E-05 0.981423 9.9964E-05 0.0140835 9.9964E-05
9.9955E-05 9.9955E-05 9.9955E-05 0.992819 9.9955E-05 9.9955E-05 0.00668132
9.9964E-05 0.0141725 9.9964E-05 0.976721 9.9964E-05 9.9964E-05 0.00870662
9.995E-05 9.995E-05 9.995E-05 0.9994 9.995E-05 9.995E-05 9.995E-05
9.9955E-05 9.9955E-05 9.9955E-05 0.945993 0.0535068 9.9955E-05 9.9955E-05
9.9955E-05 0.112215 9.9955E-05 0.887286 9.9955E-05 9.9955E-05 9.9955E-05
9.9964E-05 0.0747909 0.0697129 0.855096 9.9964E-05 9.9964E-05 9.9964E-05
0.0243195 0.0769777 0.00525858 0.873521 9.9982E-05 0.0197236 9.9982E-05
9.9964E-05 9.9964E-05 9.9964E-05 0.894693 9.9964E-05 0.0175938 0.0873132
9.9973E-05 0.0184663 0.0689844 0.902578 0.00967106 9.9973E-05 9.9973E-05
9.9973E-05 0.0846346 9.9973E-05 0.862692 0.00776057 9.9973E-05 0.0446131
0.00104294 0.0343363 9.9973E-05 0.875707 9.9973E-05 0.0886139 9.9973E-05
0.0104483 9.9973E-05 0.0341004 0.935898 9.9973E-05 9.9973E-05 0.0192532
9.9973E-05 0.00255387 0.00371341 0.919355 9.9973E-05 9.9973E-05 0.0740778
9.9955E-05 9.9955E-05 0.00153267 0.997968 9.9955E-05 9.9955E-05 9.9955E-05
9.9955E-05 9.9955E-05 9.9955E-05 0.959648 9.9955E-05 0.0398527 9.9955E-05
9.9982E-05 0.0271383 0.0206769 0.92348 0.0105438 0.0179615 9.9982E-05
0.0983898 0.28436 0.0255364 0.584054 9.998E-05 9.998E-05 0.00745959
0.0410126 9.9964E-05 9.9964E-05 0.926096 9.9964E-05 0.0324915 9.9964E-05
0.0832789 0.337124 9.9964E-05 0.579197 9.9964E-05 9.9964E-05 9.9964E-05
9.9964E-05 9.9964E-05 0.0725449 0.883184 0.0438712 9.9964E-05 9.9964E-05
0.0175662 0.214739 0.100151 0.584623 0.0037811 9.9991E-05 0.0790388
9.999E-05 0.188742 0.0330157 0.651976 0.0683258 0.0191721 0.0386687
0.0439303 0.0660735 9.9991E-05 0.779332 0.000302979 0.00411704 0.106144
0.0896291 9.99731E-05 9.99731E-05 0.885884 9.99731E-05 0.016869 0.0073182
9.9973E-05 0.0811922 9.9973E-05 0.74125 0.00640939 9.9973E-05 0.170849
0.0197441 0.0389208 9.9973E-05 0.901381 9.9973E-05 9.9973E-05 0.0396546
0.0280613 0.087774 0.0738459 0.687734 9.999E-05 0.0118972 0.110587
9.9991E-05 0.0852161 0.0416765 0.823846 0.0398393 0.00779517 0.0015268
0.00600142 0.155363 9.9964E-05 0.838235 9.9964E-05 9.9964E-05 9.9964E-05
0.131031 0.0478111 9.9982E-05 0.704142 9.9982E-05 0.0533732 0.0634425
0.182878 0.0432675 9.9991E-05 0.658164 0.0529241 0.0103196 0.0523469
0.0408665 0.0124969 0.00583816 0.844899 0.0403978 0.028863 0.0266389
0.0374081 0.191813 0.0800568 0.682293 9.9982E-05 9.9982E-05 0.00822957
0.0181468 9.997E-05 0.0334691 0.920828 9.997E-05 9.997E-05 0.0272565
