0.175676 0.0693848 9.9991E-05 0.0724001 0.0507415 0.631698
0.175376 0.112561 0.0301802 9.9991E-05 0.0335837 0.648199
0.242626 9.9982E-05 0.0668712 0.0969902 9.9982E-05 0.593313
0.144385 0.134186 0.00124605 0.121824 9.9991E-05 0.598258
0.264514 9.9982E-05 0.0834821 0.0464283 9.9982E-05 0.605376
0.00353422 0.0795042 9.9982E-05 0.182224 9.9982E-05 0.734538
0.0992363 0.103722 9.9982E-05 0.0712307 9.9982E-05 0.725611
0.34392 0.0128317 0.0997999 0.0285139 0.0229037 0.492031
0.289341 0.0129757 0.000176852 0.0460339 9.9991E-05 0.651373
0.115202 0.139286 0.0276577 0.0835602 0.0789629 0.555331
0.335869 0.0666742 0.0444829 0.00929766 0.00492051 0.538756
0.331943 9.9973E-05 9.9973E-05 0.0958606 9.9973E-05 0.571897
0.17164 0.11329 0.0491829 0.0883365 9.9991E-05 0.577451
0.175572 0.0762304 0.0585742 0.109627 9.9991E-05 0.579897
0.19257 0.0301225 0.0465915 0.114292 9.9991E-05 0.616323
0.275893 0.0335308 0.0495879 0.101187 9.9991E-05 0.539701
0.106312 0.100537 0.118524 0.172978 9.9991E-05 0.501549
0.161789 0.0843148 0.11755 0.169785 9.9991E-05 0.466462
0.234262 0.0634837 0.0246087 0.149215 9.9991E-05 0.528331
9.996E-05 9.996E-05 9.996E-05 9.996E-05 9.996E-05 0.9995
0.0391703 0.0929553 9.9973E-05 9.9973E-05 9.9973E-05 0.867575
0.079679 0.0902736 9.9982E-05 9.9982E-05 0.00907534 0.820772
9.9982E-05 0.0342035 0.252796 0.00115296 9.9982E-05 0.711647
0.0272896 0.0133817 0.217766 0.0729578 0.0946725 0.573933
0.184348 9.9982E-05 0.056941 9.9982E-05 0.00982194 0.748689
9.9964E-05 9.9964E-05 0.0184962 9.9964E-05 9.9964E-05 0.981104
0.0269514 0.060089 9.9973E-05 9.9973E-05 9.9973E-05 0.91266
0.11555 0.0657612 9.9991E-05 0.0569773 0.00801448 0.753597
0.0455923 0.0284828 9.9991E-05 0.0219725 0.0284233 0.875429
9.9964E-05 9.9964E-05 9.9964E-05 0.00181666 9.9964E-05 0.997783
9.9973E-05 0.000435161 9.9973E-05 0.0536844 9.9973E-05 0.94558
9.996E-05 9.996E-05 9.996E-05 9.996E-05 9.996E-05 0.9995
9.9964E-05 9.9964E-05 9.9964E-05 0.00115471 9.9964E-05 0.998445
9.9964E-05 9.9964E-05 9.9964E-05 9.9964E-05 0.0380283 0.961572
9.9964E-05 9.9964E-05 9.9964E-05 0.0188019 9.9964E-05 0.980798
0.0750057 9.9991E-05 0.19741 0.0150827 0.0356927 0.676709
9.9991E-05 0.241023 0.00552922 0.167885 0.00499258 0.58047
0.00509503 0.0710994 0.259535 0.0166413 9.9991E-05 0.64753
9.9973E-05 0.00156354 9.9973E-05 0.0903891 9.9973E-05 0.907747
0.0980511 9.9991E-05 0.0388595 0.00117065 0.041215 0.820604
9.9964E-05 9.9964E-05 9.9964E-05 9.9964E-05 0.0407336 0.958867
9.9982E-05 0.141749 9.9982E-05 0.0766153 0.00361442 0.777821
0.0327714 0.0902825 0.0247453 0.0237498 0.0231154 0.805336
0.0596368 9.9991E-05 0.0556818 0.135024 0.0641852 0.685373
0.0400462 0.0720566 0.0181187 0.189149 9.9991E-05 0.680529
0.0180441 0.0727677 0.0366112 0.0678696 0.00320825 0.801499
0.00793361 0.0775438 0.028998 9.9991E-05 0.000898699 0.884526
9.9973E-05 0.0661492 0.154302 9.9973E-05 9.9973E-05 0.779249
9.996E-05 9.996E-05 9.996E-05 9.996E-05 9.996E-05 0.9995
9.996E-05 9.996E-05 9.996E-05 9.996E-05 9.996E-05 0.9995
9.996E-05 9.996E-05 9.996E-05 9.996E-05 9.996E-05 0.9995
9.996E-05 9.996E-05 9.996E-05 9.996E-05 9.996E-05 0.9995
9.9964E-05 9.9964E-05 9.9964E-05 9.9964E-05 0.00713271 0.992467
9.996E-05 9.996E-05 9.996E-05 9.996E-05 9.996E-05 0.9995
0.040404 9.9982E-05 0.00443344 9.9982E-05 0.00271828 0.952244
9.996E-05 9.996E-05 9.996E-05 9.996E-05 9.996E-05 0.9995
9.996E-05 9.996E-05 9.996E-05 9.996E-05 9.996E-05 0.9995
9.9964E-05 9.9964E-05 9.9964E-05 9.9964E-05 0.00406602 0.995534
0.35531 9.9964E-05 9.9964E-05 9.9964E-05 9.9964E-05 0.64429
0.0177797 0.0347686 9.9982E-05 9.9982E-05 0.0595867 0.887665
0.179253 9.9982E-05 0.0174295 9.9982E-05 0.0827557 0.720362
0.0929831 0.00981993 9.9982E-05 0.0346183 9.9982E-05 0.862379
9.9982E-05 0.0707992 0.0578669 9.9982E-05 0.0093673 0.861767
0.133868 9.9982E-05 0.0515197 9.9982E-05 0.150097 0.664315
9.996E-05 9.996E-05 9.996E-05 9.996E-05 9.996E-05 0.9995
0.00123534 0.0266865 0.0394158 0.0549209 9.9991E-05 0.877641
0.291831 9.9964E-05 9.9964E-05 9.9964E-05 9.9964E-05 0.707769
9.9982E-05 0.0363658 0.032172 0.0517354 9.9982E-05 0.879527
9.9982E-05 0.010939 0.0216445 0.088951 9.9982E-05 0.878266
9.9982E-05 0.0112068 0.0273977 0.0772158 9.9982E-05 0.88398
0.0203905 9.9973E-05 9.9973E-05 0.122435 9.9973E-05 0.856874
0.0748484 9.9982E-05 0.0517541 9.9982E-05 0.00937159 0.863826
0.0795665 9.9973E-05 9.9973E-05 0.120998 9.9973E-05 0.799136
9.9964E-05 9.9964E-05 9.9964E-05 9.9964E-05 0.0374145 0.962186
0.0838054 0.0678385 0.0262716 0.0135768 0.00375364 0.804754
0.125274 0.0633765 0.044403 9.9982E-05 9.9982E-05 0.766747
0.191447 0.0702571 0.0162335 9.9982E-05 9.9982E-05 0.721862
0.140544 0.0534074 9.9982E-05 0.0210699 9.9982E-05 0.784779
0.0833257 9.9973E-05 9.9973E-05 0.0360598 9.9973E-05 0.880315
0.0540541 9.9982E-05 9.9982E-05 0.035193 0.0813022 0.829251
0.0706903 0.00687724 0.0238078 0.0286247 0.0585154 0.811485
9.996E-05 9.996E-05 9.996E-05 9.996E-05 9.996E-05 0.9995
0.0447384 9.9964E-05 9.9964E-05 9.9964E-05 9.9964E-05 0.954862
9.9982E-05 0.022915 0.0399657 0.0455992 9.9982E-05 0.89132
0.0711563 9.9991E-05 0.0506971 0.00216012 0.0454069 0.83048
0.153157 9.9964E-05 9.9964E-05 9.9964E-05 9.9964E-05 0.846443
9.996E-05 9.996E-05 9.996E-05 9.996E-05 9.996E-05 0.9995
0.223086 0.0509823 9.9982E-05 0.0269581 9.9982E-05 0.698774
9.9982E-05 0.0391335 9.9982E-05 0.058996 0.0180244 0.883646
9.9982E-05 0.04081 9.9982E-05 0.0487998 0.0268429 0.883347
0.126557 9.9982E-05 0.030918 9.9982E-05 0.0383404 0.803984
0.064822 9.9982E-05 0.0395182 9.9982E-05 0.0453548 0.850105
0.114142 9.9991E-05 0.0607502 0.054495 0.0209019 0.749611
9.9973E-05 9.9973E-05 0.0264626 9.9973E-05 0.0322461 0.940991
0.0452667 9.9973E-05 9.9973E-05 9.9973E-05 0.059176 0.895257
9.9964E-05 9.9964E-05 9.9964E-05 0.0740456 9.9964E-05 0.925555
0.0152818 9.9973E-05 9.9973E-05 0.0780009 9.9973E-05 0.906417
9.9982E-05 0.0277567 0.0322107 0.0656106 9.9982E-05 0.874222
0.0206291 0.0740109 0.0352292 0.0276886 0.0669962 0.775446
0.11617 0.0743593 0.000640032 0.0287832 0.0956935 0.684354
0.0335082 0.117518 0.00664199 0.0220542 9.9991E-05 0.820177
0.205383 0.059743 9.9991E-05 0.0717113 0.048839 0.614223
0.0742905 0.104982 9.9982E-05 9.9982E-05 0.135842 0.684686
0.138221 9.9973E-05 9.9973E-05 9.9973E-05 0.0689707 0.792508
0.0826645 0.0135023 9.9991E-05 0.0249443 0.0244193 0.85437
0.262948 9.9991E-05 0.138219 0.0362143 0.0439431 0.518576
0.117928 0.00067624 0.0671214 0.0809752 0.106204 0.627095
0.20774 9.9991E-05 0.163011 0.081317 0.0340822 0.513751
0.0207556 0.0677751 0.0746614 9.9991E-05 0.0368468 0.799861
0.1981 0.0702233 0.0364143 9.9991E-05 0.0477332 0.647429
0.0815266 0.0661589 0.0626609 0.0184775 9.9991E-05 0.771076
0.102386 0.0369053 9.9982E-05 9.9982E-05 0.0676553 0.792853
0.132223 0.0637392 9.9991E-05 0.11802 0.013532 0.672385
0.184968 0.0517725 9.9991E-05 0.114591 0.0113378 0.637231
0.326306 0.0395686 0.0479143 0.0180921 9.9991E-05 0.568019
0.0187034 0.0548621 0.0510967 9.9991E-05 0.195743 0.679494
0.261069 0.0346705 0.0528223 0.0788934 9.9991E-05 0.572445
0.163953 0.00396434 0.0255591 9.9982E-05 9.9982E-05 0.806323
0.159758 9.9973E-05 0.113651 9.9973E-05 9.9973E-05 0.726292
0.105163 9.9982E-05 0.155288 0.0519911 9.9982E-05 0.687357
0.185203 9.9982E-05 0.0222933 0.0690076 9.9982E-05 0.723296
0.190582 9.9973E-05 9.9973E-05 0.0435454 9.9973E-05 0.765573
0.106999 9.9982E-05 0.210413 0.0962328 9.9982E-05 0.586155
0.107736 0.051134 0.0845227 0.0312842 0.0157658 0.709557
0.0585925 0.00729478 0.17635 0.0553373 9.9991E-05 0.702325
0.140939 9.9982E-05 0.0218928 0.010388 9.9982E-05 0.82658
0.172278 0.0150073 0.138025 9.9991E-05 0.0191387 0.655451
0.140401 0.0378029 0.111679 0.0459974 0.0801814 0.583938
0.203256 9.9991E-05 0.125873 0.0444158 0.0723376 0.554018
0.0328502 0.00558971 0.101295 0.0546218 9.9991E-05 0.805544
0.149119 0.00587725 0.0752084 9.9991E-05 0.0452705 0.724425
0.14091 0.0150764 9.9991E-05 0.0378099 0.0265509 0.779553
0.122462 0.000595053 0.0083205 0.00416643 0.0110346 0.853421
0.162321 0.0597934 0.00460014 0.0204764 9.9991E-05 0.752709
0.00807114 0.0356108 0.140535 0.0466329 9.9991E-05 0.76905
0.00303648 0.0669789 0.0833349 9.9982E-05 9.9982E-05 0.84645
9.9982E-05 0.00458291 9.9982E-05 0.0340328 0.0389873 0.922197
0.0622615 0.00795904 9.9973E-05 9.9973E-05 9.9973E-05 0.92948
0.0101265 9.9991E-05 0.0540533 0.123135 0.0174992 0.795086
0.188454 9.9964E-05 9.9964E-05 9.9964E-05 9.9964E-05 0.811147
0.07359 0.0408111 9.9982E-05 0.148022 9.9982E-05 0.737377
9.9982E-05 0.0711493 0.111514 0.10987 9.9982E-05 0.707267
0.219235 0.0381657 0.026628 9.9991E-05 0.0130196 0.702852
0.106446 0.00813548 0.104099 9.9982E-05 9.9982E-05 0.78112
0.0332557 0.0663804 0.0323478 0.0306222 0.0964836 0.74091
0.0140296 0.0461473 0.0262299 0.0977399 0.0687462 0.747107
0.0570378 9.9991E-05 0.0398008 0.0769692 0.0483839 0.777708
0.00858125 0.0850548 0.0539943 9.9982E-05 9.9982E-05 0.85217
0.0419371 0.06982 0.130044 0.114009 0.00234402 0.641846
0.168136 0.00765504 0.0461136 0.0557301 9.9991E-05 0.722265
0.2397 0.0417624 0.171372 0.00316002 0.0609116 0.483093
0.372946 9.9991E-05 0.0588087 0.0478793 0.0475451 0.472721
0.205719 0.038143 0.0551161 0.0888737 0.0610392 0.551109
0.340379 0.0194174 0.0208221 0.0942696 0.038567 0.486544
0.0249854 0.013712 0.961003 9.9973E-05 9.9973E-05 9.9973E-05
9.996E-05 9.996E-05 0.9995 9.996E-05 9.996E-05 9.996E-05
9.9964E-05 0.0040556 0.995545 9.9964E-05 9.9964E-05 9.9964E-05
9.996E-05 9.996E-05 0.9995 9.996E-05 9.996E-05 9.996E-05
0.183284 9.9973E-05 0.756301 9.9973E-05 9.9973E-05 0.0601153
9.996E-05 9.996E-05 0.9995 9.996E-05 9.996E-05 9.996E-05
9.996E-05 9.996E-05 0.9995 9.996E-05 9.996E-05 9.996E-05
9.9964E-05 0.00425234 0.995348 9.9964E-05 9.9964E-05 9.9964E-05
9.996E-05 9.996E-05 0.9995 9.996E-05 9.996E-05 9.996E-05
9.996E-05 9.996E-05 0.9995 9.996E-05 9.996E-05 9.996E-05
9.996E-05 9.996E-05 0.9995 9.996E-05 9.996E-05 9.996E-05
9.996E-05 9.996E-05 0.9995 9.996E-05 9.996E-05 9.996E-05
9.996E-05 9.996E-05 0.9995 9.996E-05 9.996E-05 9.996E-05
9.996E-05 9.996E-05 0.9995 9.996E-05 9.996E-05 9.996E-05
9.996E-05 9.996E-05 0.9995 9.996E-05 9.996E-05 9.996E-05
0.225127 9.9973E-05 0.561443 9.9973E-05 9.9973E-05 0.21313
9.9973E-05 0.0031674 0.993923 9.9973E-05 0.00261001 9.9973E-05
9.996E-05 9.996E-05 0.9995 9.996E-05 9.996E-05 9.996E-05
0.48805 0.00178639 0.19631 0.0531115 0.00484016 0.255902
0.319811 9.9991E-05 0.0957157 0.108573 0.03671 0.439091
0.38382 9.9991E-05 0.0752301 0.105864 0.00510047 0.429886
0.293862 9.9991E-05 0.161929 0.0868712 0.058963 0.398275
0.324643 9.9991E-05 0.167783 0.156307 0.0227105 0.328456
0.375817 0.0327584 0.0787406 9.9991E-05 0.00742829 0.505156
0.321272 0.0530907 0.188556 9.9991E-05 0.0469738 0.390008
0.314474 9.9991E-05 0.103506 0.112017 0.060544 0.409359
0.429914 9.9991E-05 0.127635 0.0270011 0.0439889 0.371361
0.347 9.9991E-05 0.103502 0.198033 0.0173892 0.333976
0.565352 9.9991E-05 0.0214281 0.0463288 0.0498164 0.316975
0.586124 9.9982E-05 9.9982E-05 0.00125247 0.0502637 0.36216
0.423374 9.9982E-05 0.248721 9.9982E-05 0.0138785 0.313827
0.353755 0.0452488 0.122978 0.177045 9.9991E-05 0.300873
0.284741 0.142899 0.11114 0.159548 0.0255135 0.276159
0.380717 9.9991E-05 0.0853567 0.0610011 0.0899812 0.382844
0.401575 0.0638544 0.110363 9.9991E-05 0.0972834 0.326824
0.314391 0.0641585 0.0527977 0.121689 0.0937969 0.353166
0.533177 0.0588245 0.136949 0.0325894 9.9991E-05 0.238359
0.289197 0.102835 0.230864 0.110942 0.00702196 0.259141
0.539353 0.0217287 0.0851802 0.0243346 0.0810104 0.248393
0.607677 0.0200819 0.0310204 9.9982E-05 9.9982E-05 0.341021
0.371712 9.9991E-05 0.206559 0.0876636 0.0709405 0.263025
0.478506 0.000453274 0.125184 0.103487 0.0593597 0.23301
0.636757 9.9982E-05 0.158367 0.0740081 9.9982E-05 0.130668
0.468518 0.00250654 0.0895825 0.00373886 0.190606 0.245048
0.329013 9.9982E-05 0.25506 0.0714681 9.9982E-05 0.34426
0.524314 9.9991E-05 0.200251 0.0206928 0.0560395 0.198603
0.475595 0.0246896 0.136011 0.00103987 9.9991E-05 0.362564
0.536401 9.9982E-05 0.168251 9.9982E-05 0.0738267 0.221321
0.49895 9.9982E-05 0.0695564 0.0376092 9.9982E-05 0.393684
0.455032 9.9982E-05 0.16786 0.151062 9.9982E-05 0.225845
0.670323 9.9991E-05 0.022392 0.0554569 0.0268426 0.224885
0.533864 9.9991E-05 0.165574 0.024818 0.0412667 0.234377
0.535435 9.9982E-05 0.2007 9.9982E-05 0.0747263 0.188939
0.6525 9.9982E-05 0.073616 9.9982E-05 0.0753643 0.19832
0.477111 9.9991E-05 0.127928 0.0123382 0.0329654 0.349558
0.792942 9.9982E-05 0.0607082 0.0122924 9.9982E-05 0.133857
0.576784 0.0347277 0.223586 9.9982E-05 9.9982E-05 0.164703
0.678642 9.9973E-05 0.101483 9.9973E-05 9.9973E-05 0.219576
0.595998 0.020148 0.209729 9.9982E-05 9.9982E-05 0.173925
0.269933 0.0440062 0.143873 0.0728037 0.106019 0.363365
0.466888 0.0777603 0.187087 0.0331583 0.100229 0.134877
0.436832 0.101015 0.222569 9.9991E-05 0.105854 0.13363
0.372811 0.0892559 0.210917 0.0174185 0.0988246 0.210773
0.74322 0.0124721 0.132052 0.0441985 9.9991E-05 0.0679569
0.564598 0.0611288 0.173562 0.078311 0.0359837 0.0864165
0.413907 0.0736305 0.237057 0.00179367 0.128246 0.145366
0.399133 0.0696955 0.208464 0.0159222 0.118763 0.188023
0.586107 9.9982E-05 0.0800482 9.9982E-05 0.0988413 0.234804
0.510331 0.068797 0.138113 9.9991E-05 0.0660138 0.216645
0.558685 9.9982E-05 0.0625258 9.9982E-05 0.0250172 0.353572
0.597224 9.9973E-05 0.109106 9.9973E-05 9.9973E-05 0.29337
0.624307 9.9973E-05 0.134198 9.9973E-05 9.9973E-05 0.241195
0.402139 0.030738 0.229516 0.0434343 0.0388154 0.255357
0.527175 0.0534637 0.111654 9.9991E-05 0.0837421 0.223865
0.507796 9.9982E-05 0.128164 0.137625 9.9982E-05 0.226215
0.611112 9.9991E-05 0.0383977 0.0320829 0.107806 0.210502
0.560538 9.9991E-05 0.0644898 0.0750462 0.11538 0.184446
0.421172 9.9991E-05 0.0895997 0.103249 0.0772186 0.308661
0.514917 9.9982E-05 0.0868374 0.0197004 9.9982E-05 0.378345
0.426927 9.9982E-05 0.115722 9.9982E-05 0.0902727 0.366879
0.442908 9.9991E-05 0.211674 0.00895533 0.0986981 0.237665
0.384656 9.9991E-05 0.242869 0.00501932 0.0883115 0.279044
0.47227 9.9991E-05 0.229838 0.0226246 0.0727613 0.202406
0.301588 0.0941571 0.185753 0.105327 9.9991E-05 0.313075
0.492978 0.0623148 0.133343 0.0306761 0.0376774 0.243011
0.461353 0.0422515 0.143932 0.039602 0.0558007 0.257061
0.481334 0.0336652 0.174399 9.9991E-05 0.0792061 0.231296
0.61625 0.076111 0.0477648 9.9991E-05 0.0842113 0.175563
0.427587 9.9982E-05 0.137793 9.9982E-05 0.0649495 0.369471
0.487264 0.0367312 0.0849452 0.174614 0.037982 0.178464
0.618462 9.9982E-05 0.0918248 0.074363 9.9982E-05 0.21515
0.597146 9.9982E-05 0.0372309 9.9982E-05 0.175895 0.189529
0.491492 9.9991E-05 0.0719049 0.0530047 0.0608399 0.322659
0.695645 0.0982291 0.0210242 0.093649 9.9991E-05 0.0913524
0.654073 0.121887 0.0268879 0.100484 9.9991E-05 0.0965684
0.645806 0.150467 0.0307356 0.0873089 9.9991E-05 0.0855818
0.761186 0.105602 0.0203201 0.0502614 9.9991E-05 0.0625311
0.666798 0.186137 9.9982E-05 0.0847036 9.9982E-05 0.0621615
0.713768 0.135674 0.0355045 0.0618715 9.9991E-05 0.0530821
0.657133 0.00988275 0.0933589 0.0322392 0.117898 0.0894885
0.681268 0.139303 0.0283924 0.0778368 9.9991E-05 0.0731004
0.755777 9.9982E-05 0.0717127 9.9982E-05 0.120113 0.0521977
0.64949 0.130002 0.121703 9.9991E-05 0.0479293 0.0507752
0.585284 9.9991E-05 0.117492 0.0210794 0.213522 0.0625229
0.586091 9.9982E-05 0.100853 9.9982E-05 0.234245 0.0786111
0.704135 0.117527 0.0411115 9.9991E-05 0.0149847 0.122142
0.725807 0.0447807 0.0556047 9.9991E-05 0.0988342 0.0748731
0.574829 0.0804054 0.0533696 0.0975085 0.0626353 0.131253
0.681827 0.0730916 0.0731342 0.0211987 0.0522908 0.0984573
0.651692 0.0917061 0.0663502 0.00658963 0.117497 0.0661647
0.81093 0.0266406 0.0656176 0.00392848 0.00298044 0.0899027
0.764656 9.9973E-05 0.0980745 9.9973E-05 9.9973E-05 0.13697
0.79021 9.9982E-05 0.0702008 9.9982E-05 0.0281611 0.111228
0.708839 0.0245384 0.0741534 0.0167648 0.0525883 0.123116
0.686427 0.0535408 0.0995684 0.022501 0.0935764 0.0443862
0.755056 0.0424021 0.0437821 9.9991E-05 0.0713594 0.0873007
0.829762 0.00340003 0.0512979 0.0197284 0.0608431 0.0349684
0.800849 0.0386372 0.0412818 0.0167267 0.101286 0.00121952
0.806838 0.0247356 0.0613816 0.0242839 0.0734201 0.00934098
0.478221 9.9991E-05 0.0553799 0.116875 0.0211436 0.328281
0.679424 9.9982E-05 0.12266 0.0194694 9.9982E-05 0.178247
0.731066 0.0362137 0.0929 0.0342804 0.00828406 0.0972562
0.7223 0.0373201 0.0185774 0.103357 0.0365525 0.0818931
0.686656 0.106238 0.0166238 0.0435997 0.0839466 0.0629358
0.734809 0.0872757 0.0487543 0.0384555 0.0700667 0.0206385
0.568681 0.0727038 0.0263361 0.087885 0.000632372 0.243761
0.600915 0.00756128 0.116294 0.114678 9.9991E-05 0.160452
0.67591 9.9982E-05 0.0741432 0.0669471 9.9982E-05 0.1828
0.758916 0.0180606 0.0301909 0.0634854 0.0697423 0.0596049
0.64366 0.0166625 0.0503209 0.0853744 0.0451713 0.158811
0.617967 0.0401305 0.0557953 0.0754537 0.0457496 0.164904
0.843338 0.0223435 0.0476677 9.9991E-05 0.0192801 0.0672703
0.801419 0.0195662 0.0697666 0.0609524 0.0317195 0.0165766
0.823658 0.0175314 0.0728338 9.9991E-05 0.0444028 0.0414739
0.678438 0.100547 0.0267804 0.165384 0.0203436 0.0085073
0.717187 0.097748 0.0311497 0.0838278 0.0339589 0.0361282
0.781843 0.0894654 0.00410132 0.0666354 0.0245073 0.0334473
0.819405 0.0358943 0.0202174 0.0928181 0.00490034 0.0267648
0.769975 0.0513039 0.00726345 0.105908 0.0168683 0.048681
0.802839 0.0648112 0.0157686 0.0768662 0.0396149 9.9991E-05
0.832141 9.9991E-05 0.101517 0.00409429 0.0183176 0.04383
0.758484 0.0612597 0.0126317 0.0687978 0.0151094 0.0837171
0.784935 0.0693262 0.00871236 0.0635584 0.0176244 0.0558433
0.823166 0.107157 0.00542625 0.0640506 9.9982E-05 9.9982E-05
0.762539 9.9982E-05 0.102253 0.0761492 9.9982E-05 0.0588582
0.748065 9.9982E-05 0.10711 0.0691676 9.9982E-05 0.0754568
0.813999 0.00480476 0.0842431 0.084233 9.9991E-05 0.01262
0.738543 9.9982E-05 0.090199 0.0535374 9.9982E-05 0.11752
0.74701 9.9982E-05 0.100839 0.0995584 9.9982E-05 0.0523921
0.701618 9.9982E-05 0.120336 0.144859 9.9982E-05 0.0329864
0.743515 9.9982E-05 0.093859 0.089683 9.9982E-05 0.0727432
0.866734 0.050755 0.000933037 0.00880849 9.9991E-05 0.0726693
0.974078 9.9973E-05 0.0250839 9.9973E-05 0.000538343 9.9973E-05
0.945896 9.9973E-05 9.9973E-05 0.0256775 0.0281266 9.9973E-05
0.899426 0.00658895 9.9982E-05 0.0387637 0.0550212 9.9982E-05
0.866852 9.9973E-05 9.9973E-05 0.0953854 0.037463 9.9973E-05
0.894562 0.00730399 0.019391 0.0394884 0.0313652 0.00788933
0.865509 0.134091 9.9964E-05 9.9964E-05 9.9964E-05 9.9964E-05
0.611157 9.9991E-05 0.0611915 0.227862 0.0598592 0.0398301
0.680456 9.9991E-05 0.0656253 0.156135 0.057076 0.0406079
0.622787 9.9991E-05 0.0727086 0.158948 0.0605006 0.0849554
0.842028 0.0200978 0.00763494 9.99882E-05 0.130039 9.99882E-05
0.936034 0.0219952 9.9982E-05 9.9982E-05 0.0382941 0.00347638
0.959538 0.0130455 9.9982E-05 0.0226179 0.00459828 9.9982E-05
0.845458 0.0481428 0.01944 0.0381586 0.0277136 0.0210871
0.845934 0.0184473 0.0224078 9.9991E-05 0.107559 0.00555243
0.811553 9.9991E-05 0.0213841 0.0340933 0.0941081 0.0387614
0.941375 9.9964E-05 9.9964E-05 9.9964E-05 0.058225 9.9964E-05
0.989815 0.00978517 9.9964E-05 9.9964E-05 9.9964E-05 9.9964E-05
0.487249 9.9982E-05 0.0449709 9.9982E-05 0.320894 0.146686
0.477584 9.9982E-05 0.0465573 9.9982E-05 0.343735 0.131924
0.431014 9.9982E-05 0.0609699 9.9982E-05 0.36052 0.147297
0.468762 9.9982E-05 0.04939 9.9982E-05 0.333458 0.14819
0.483582 9.9982E-05 0.0723477 9.9982E-05 0.31133 0.13254
0.495118 0.0112359 0.0475494 9.9991E-05 0.34089 0.105107
0.474512 9.9982E-05 0.0267218 9.9982E-05 0.353026 0.145541
0.518313 9.9982E-05 0.0362188 9.9982E-05 0.339488 0.10578
0.566799 0.0995289 0.0500979 0.113367 0.0219933 0.148214
0.619232 0.0542626 0.0283506 0.081014 0.0430117 0.174129
0.437492 9.9982E-05 0.0462624 9.9982E-05 0.334019 0.182027
0.398211 0.0266163 0.0818271 9.9991E-05 0.289259 0.203987
0.43734 0.0152909 0.0190049 9.9991E-05 0.394121 0.134143
0.475173 0.00134239 0.0520812 9.9991E-05 0.340984 0.130319
0.558449 9.9982E-05 0.027975 9.9982E-05 0.299277 0.114099
0.448548 9.9982E-05 0.04797 9.9982E-05 0.370735 0.132546
0.48037 9.9982E-05 0.0506538 9.9982E-05 0.328103 0.140673
0.833138 9.9991E-05 0.0628448 0.0146506 0.0414713 0.0477949
0.681276 0.103964 0.0576448 0.0257487 0.0877544 0.0436115
0.884263 9.9991E-05 0.0334527 0.0458036 0.0313977 0.00498306
0.864665 9.9982E-05 0.0735436 9.9982E-05 0.0360327 0.025559
0.698688 0.0926086 9.9982E-05 9.9982E-05 0.121889 0.0866141
0.891833 9.9982E-05 0.0438328 9.9982E-05 0.0176072 0.0465273
0.708816 0.0952833 0.0502942 0.0666698 0.0465881 0.0323484
0.838105 9.9991E-05 0.0439485 0.0171804 0.0406179 0.0600484
0.786235 9.9991E-05 0.0485387 0.0813955 0.0407154 0.043015
0.996635 9.9964E-05 9.9964E-05 0.002965 9.9964E-05 9.9964E-05
0.994388 0.00521217 9.9964E-05 9.9964E-05 9.9964E-05 9.9964E-05
0.9995 9.996E-05 9.996E-05 9.996E-05 9.996E-05 9.996E-05
0.99792 0.00168051 9.9964E-05 9.9964E-05 9.9964E-05 9.9964E-05
0.9995 9.996E-05 9.996E-05 9.996E-05 9.996E-05 9.996E-05
0.985928 0.013672 9.9964E-05 9.9964E-05 9.9964E-05 9.9964E-05
0.9995 9.996E-05 9.996E-05 9.996E-05 9.996E-05 9.996E-05
0.9995 9.996E-05 9.996E-05 9.996E-05 9.996E-05 9.996E-05
0.9995 9.996E-05 9.996E-05 9.996E-05 9.996E-05 9.996E-05
0.9995 9.996E-05 9.996E-05 9.996E-05 9.996E-05 9.996E-05
0.9995 9.996E-05 9.996E-05 9.996E-05 9.996E-05 9.996E-05
0.9995 9.996E-05 9.996E-05 9.996E-05 9.996E-05 9.996E-05
0.9995 9.996E-05 9.996E-05 9.996E-05 9.996E-05 9.996E-05
0.966809 0.0120377 9.9973E-05 9.9973E-05 9.9973E-05 0.0208538
0.994036 0.0055646 9.9964E-05 9.9964E-05 9.9964E-05 9.9964E-05
0.957727 0.0418729 9.9964E-05 9.9964E-05 9.9964E-05 9.9964E-05
0.9995 9.996E-05 9.996E-05 9.996E-05 9.996E-05 9.996E-05
0.97852 0.00449535 9.9973E-05 0.0166847 9.9973E-05 9.9973E-05
0.9995 9.996E-05 9.996E-05 9.996E-05 9.996E-05 9.996E-05
0.9995 9.996E-05 9.996E-05 9.996E-05 9.996E-05 9.996E-05
0.713448 9.9982E-05 0.0745476 0.0927854 9.9982E-05 0.119019
0.710474 9.9982E-05 0.0307139 0.0783454 9.9982E-05 0.180267
0.719246 9.9991E-05 0.0653044 0.0833742 0.00688604 0.125089
0.744014 0.00963365 0.088012 0.0229536 0.0123641 0.123023
0.855034 9.9973E-05 0.0707174 9.9973E-05 9.9973E-05 0.0739487
0.709943 0.0112412 0.0246932 0.131733 0.0571393 0.0652507
0.718068 9.9991E-05 0.0592492 0.110801 0.00568315 0.106099
0.763277 0.0394138 0.0335055 0.0342312 0.0736426 0.0559299
0.739957 9.9991E-05 0.0819453 0.0440969 0.0102832 0.123618
0.823383 9.9982E-05 0.0498794 9.9982E-05 0.0316844 0.0948537
0.824983 0.00657559 0.0528019 9.9982E-05 9.9982E-05 0.11544
0.757165 0.0339151 0.015752 0.0868517 0.0580027 0.0483133
0.731826 0.0545364 0.0918935 9.9991E-05 0.010476 0.111168
0.730273 0.0034601 0.0651969 0.077318 9.9991E-05 0.123652
0.726983 0.0661641 0.0150122 0.105346 0.051532 0.0349627
0.718798 0.0636649 0.0294865 0.103206 0.084745 9.9991E-05
0.679453 9.9991E-05 0.0347454 0.132945 0.00894643 0.14381
0.737572 0.0181967 0.0804217 9.9991E-05 0.0106867 0.153023
0.678761 9.9991E-05 0.0553642 0.0980054 0.0122151 0.155555
0.632768 0.0478971 0.0443529 0.062134 0.0791325 0.133715
0.358713 0.587853 9.9982E-05 9.9982E-05 0.0516553 0.00157926
0.378312 0.514772 9.9982E-05 9.9982E-05 0.0628518 0.0438644
0.322018 0.505654 9.9982E-05 9.9982E-05 0.113458 0.0586695
0.384834 0.558851 9.9973E-05 9.9973E-05 0.0560153 9.9973E-05
0.345368 0.546562 9.9982E-05 9.9982E-05 0.0970559 0.0108134
0.373449 0.574915 9.9973E-05 9.9973E-05 0.0513358 9.9973E-05
0.366841 0.570129 9.9973E-05 9.9973E-05 0.0627294 9.9973E-05
0.272266 0.499497 0.0447166 9.9991E-05 0.0844697 0.0989513
0.410938 0.533822 9.9973E-05 9.9973E-05 0.0549404 9.9973E-05
0.402026 0.518644 9.9973E-05 9.9973E-05 0.0790304 9.9973E-05
0.339169 0.590242 9.9973E-05 9.9973E-05 0.0702883 9.9973E-05
0.740602 0.0702059 0.0127931 9.9991E-05 0.124421 0.0518781
0.308861 0.54071 9.9982E-05 9.9982E-05 0.135134 0.0150947
0.348657 0.597236 9.9973E-05 9.9973E-05 0.0538076 9.9973E-05
0.360764 0.535316 9.9982E-05 9.9982E-05 0.10355 0.000169946
0.91179 9.9973E-05 9.9973E-05 0.0830139 0.0048962 9.9973E-05
0.879279 9.9973E-05 9.9973E-05 0.108008 0.0124133 9.9973E-05
0.913007 9.9964E-05 9.9964E-05 0.0865935 9.9964E-05 9.9964E-05
0.878987 9.9982E-05 0.0216506 0.0879195 0.0112433 9.9982E-05
0.890371 9.9973E-05 9.9973E-05 0.0947917 0.0145377 9.9973E-05
0.945335 9.9964E-05 0.0542649 9.9964E-05 9.9964E-05 9.9964E-05
0.969285 9.9964E-05 0.0303154 9.9964E-05 9.9964E-05 9.9964E-05
0.969745 9.9964E-05 0.0298552 9.9964E-05 9.9964E-05 9.9964E-05
0.913159 0.0154934 0.0703769 9.9982E-05 0.000771153 9.9982E-05
0.945527 9.9973E-05 0.0475863 9.9973E-05 0.00658678 9.9973E-05
0.929284 9.9964E-05 0.0703162 9.9964E-05 9.9964E-05 9.9964E-05
0.943092 9.9964E-05 0.0565082 9.9964E-05 9.9964E-05 9.9964E-05
0.955113 9.9964E-05 0.0444869 9.9964E-05 9.9964E-05 9.9964E-05
0.940012 9.9964E-05 0.0595885 9.9964E-05 9.9964E-05 9.9964E-05
0.938103 9.9964E-05 0.0614973 9.9964E-05 9.9964E-05 9.9964E-05
0.952611 9.9973E-05 0.0428025 9.9973E-05 0.00428702 9.9973E-05
0.914602 9.9973E-05 0.0694882 9.9973E-05 0.0156097 9.9973E-05
0.944413 9.9964E-05 0.0551873 9.9964E-05 9.9964E-05 9.9964E-05
0.949263 9.9964E-05 0.0503373 9.9964E-05 9.9964E-05 9.9964E-05
0.937279 9.9964E-05 0.0623216 9.9964E-05 9.9964E-05 9.9964E-05
0.855724 0.0187712 9.9973E-05 0.125205 9.9973E-05 9.9973E-05
0.895754 0.0127016 9.9973E-05 0.0912448 9.9973E-05 9.9973E-05
0.855703 0.0368296 0.00508765 0.102179 9.9982E-05 9.9982E-05
0.831524 0.0685411 9.9973E-05 0.0996351 9.9973E-05 9.9973E-05
0.768051 0.0112179 9.9991E-05 0.0942246 0.0831423 0.043264
0.92599 0.0121702 9.9982E-05 0.050961 0.0106787 9.9982E-05
0.704797 0.193384 9.9982E-05 0.0988229 0.00279568 9.9982E-05
0.677002 0.193211 9.9982E-05 0.114812 9.9982E-05 0.0147753
0.949424 9.9973E-05 9.9973E-05 0.0432302 9.9973E-05 0.00704592
0.69558 0.153165 9.9982E-05 0.0715288 0.0795258 9.9982E-05
0.854789 0.0786697 9.9982E-05 0.000669784 0.0656711 9.9982E-05
0.968092 0.0155092 9.9973E-05 0.0160993 9.9973E-05 9.9973E-05
0.791161 0.0566213 0.029995 0.119035 9.9991E-05 0.00308791
0.78057 0.0493973 0.0945879 0.0752445 9.9982E-05 9.9982E-05
0.773112 0.019932 0.0655463 0.14121 9.9982E-05 9.9982E-05
0.766093 0.13095 9.9973E-05 9.9973E-05 0.102656 9.9973E-05
0.937446 0.0168001 0.0047656 0.0407881 9.9982E-05 9.9982E-05
0.807469 0.0537565 0.00606595 0.0755665 0.0570417 9.9991E-05
0.836828 9.9982E-05 9.9982E-05 0.0898295 0.0401971 0.0329457
0.894753 9.9982E-05 0.0154005 0.0117556 0.0778905 9.9982E-05
0.930448 9.9982E-05 0.00698222 0.00704477 0.0553248 9.9982E-05
0.878385 0.0293503 0.0370959 9.9982E-05 0.0549691 9.9982E-05
0.794757 0.167778 9.9973E-05 9.9973E-05 0.0371653 9.9973E-05
0.898096 9.9973E-05 0.0308938 9.9973E-05 0.0707103 9.9973E-05
0.863649 0.0165586 0.0226802 0.0813765 0.0156356 9.9991E-05
0.870932 0.0682631 9.9973E-05 9.9973E-05 0.0605048 9.9973E-05
0.947892 9.9964E-05 9.9964E-05 9.9964E-05 0.0517086 9.9964E-05
0.832752 0.0693449 0.0163392 0.0187808 0.0626828 9.9991E-05
0.960999 0.0386008 9.9964E-05 9.9964E-05 9.9964E-05 9.9964E-05
0.833715 0.0647216 9.9982E-05 0.0319864 0.069377 9.9982E-05
0.905744 0.0706776 9.9982E-05 0.012472 0.0109067 9.9982E-05
0.767776 0.0830784 9.9991E-05 0.0181038 0.0536434 0.0772988
0.90981 0.0897905 9.9964E-05 9.9964E-05 9.9964E-05 9.9964E-05
0.923511 0.0513059 9.9973E-05 9.9973E-05 9.9973E-05 0.0248833
0.913396 0.00482258 0.00786484 0.047818 0.0130982 0.0130006
0.965216 0.025303 9.9973E-05 0.00918103 9.9973E-05 9.9973E-05
0.648401 0.055346 0.00289427 0.132207 9.9991E-05 0.161051
0.940001 0.0577336 9.9973E-05 9.9973E-05 0.00196525 9.9973E-05
0.8251 9.9982E-05 0.0324443 0.100194 0.042062 9.9982E-05
0.953832 9.9973E-05 0.0174941 0.0283737 9.9973E-05 9.9973E-05
0.909967 9.9973E-05 9.9973E-05 0.0229346 0.0667982 9.9973E-05
0.940196 9.9973E-05 9.9973E-05 0.0421318 0.017372 9.9973E-05
0.825641 9.9982E-05 0.043825 0.0570091 0.0733248 9.9982E-05
0.954214 9.9964E-05 9.9964E-05 0.0453861 9.9964E-05 9.9964E-05
0.907234 0.0599866 9.9973E-05 0.0324792 9.9973E-05 9.9973E-05
0.983061 0.0165391 9.9964E-05 9.9964E-05 9.9964E-05 9.9964E-05
0.960051 0.0395488 9.9964E-05 9.9964E-05 9.9964E-05 9.9964E-05
0.933476 0.0661239 9.9964E-05 9.9964E-05 9.9964E-05 9.9964E-05
0.980324 0.019276 9.9964E-05 9.9964E-05 9.9964E-05 9.9964E-05
0.939373 0.0424355 9.9973E-05 0.0178918 9.9973E-05 9.9973E-05
0.963363 0.0362373 9.9964E-05 9.9964E-05 9.9964E-05 9.9964E-05
0.846795 0.0942319 0.0185444 0.0118261 9.9991E-05 0.0285026
0.908311 0.0912892 9.9964E-05 9.9964E-05 9.9964E-05 9.9964E-05
0.946212 0.0533886 9.9964E-05 9.9964E-05 9.9964E-05 9.9964E-05
0.718838 0.10404 0.0212127 0.0790753 0.0373583 0.0394762
0.883255 9.9982E-05 9.9982E-05 0.0393173 0.0680365 0.0091911
0.959101 9.9973E-05 9.9973E-05 0.0396741 9.9973E-05 0.0009254
0.905713 9.9982E-05 9.9982E-05 0.0118914 0.0789564 0.00323961
0.917131 0.00995768 9.9991E-05 0.00886579 0.0059655 0.0579803
0.677747 0.15654 9.9991E-05 0.0859358 0.0450407 0.0346362
0.556599 0.221893 9.9982E-05 9.9982E-05 0.131176 0.0901322
0.64454 0.149156 9.9991E-05 0.0263088 0.0266805 0.153215
0.744794 0.0837247 9.9982E-05 9.9982E-05 0.0553681 0.115914
0.863603 0.0543824 9.9982E-05 0.0368945 0.0449197 9.9982E-05
0.752761 0.120251 9.9982E-05 9.9982E-05 0.0600982 0.0666902
0.730071 0.124842 9.9982E-05 9.9982E-05 0.0724688 0.0724183
0.827768 0.0331858 9.9991E-05 0.0499168 0.0678812 0.0211483
0.707256 0.111557 9.9982E-05 9.9982E-05 0.111612 0.0693744
0.833415 0.06439 0.0299443 0.0610269 0.0111242 9.9991E-05
0.839044 0.0734976 9.9982E-05 0.0580724 0.0291856 9.9982E-05
0.712166 0.110063 9.9982E-05 9.9982E-05 0.102201 0.0753695
0.924631 0.0304837 9.9973E-05 0.0445856 9.9973E-05 9.9973E-05
0.903955 0.03861 0.0217243 0.0355105 9.9982E-05 9.9982E-05
0.797385 9.9982E-05 0.0861315 0.0359917 0.0802919 9.9982E-05
0.974008 0.0181788 9.9982E-05 0.00127939 0.0063334 9.9982E-05
0.678324 0.00322084 0.0923667 0.0467216 0.136403 0.0429643
0.994414 0.00518654 9.9964E-05 9.9964E-05 9.9964E-05 9.9964E-05
0.974347 0.025253 9.9964E-05 9.9964E-05 9.9964E-05 9.9964E-05
0.949711 0.0181509 9.9982E-05 0.000980443 0.0309576 9.9982E-05
0.9995 9.996E-05 9.996E-05 9.996E-05 9.996E-05 9.996E-05
0.994555 9.9964E-05 9.9964E-05 0.00504546 9.9964E-05 9.9964E-05
0.9995 9.996E-05 9.996E-05 9.996E-05 9.996E-05 9.996E-05
0.9995 9.996E-05 9.996E-05 9.996E-05 9.996E-05 9.996E-05
0.986373 0.000892994 0.0124346 9.9973E-05 9.9973E-05 9.9973E-05
0.799945 9.9991E-05 0.033998 0.0261657 0.112118 0.0276729
0.960555 0.0390452 9.9964E-05 9.9964E-05 9.9964E-05 9.9964E-05
0.941145 0.046802 9.9973E-05 0.0117531 9.9973E-05 9.9973E-05
0.706099 0.126508 0.109429 9.9982E-05 0.0577641 9.9982E-05
0.969441 0.0301592 9.9964E-05 9.9964E-05 9.9964E-05 9.9964E-05
0.839489 9.9982E-05 0.0959651 0.00447705 0.0598694 9.9982E-05
0.692452 9.9982E-05 9.9982E-05 0.0368806 0.0754765 0.194991
0.813946 0.0959134 9.9991E-05 0.00171097 0.0233163 0.0650138
0.793276 9.9991E-05 0.0105357 0.00327624 0.0502619 0.14255
0.733693 9.9982E-05 0.0380904 9.9982E-05 0.0774891 0.150528
0.558969 9.9973E-05 9.9973E-05 9.9973E-05 0.200377 0.240354
0.660285 9.9991E-05 0.0107632 0.0592439 0.0730477 0.196561
0.771184 9.9973E-05 9.9973E-05 9.9973E-05 0.079172 0.149344
0.664265 9.9982E-05 0.051201 9.9982E-05 0.176119 0.108215
0.699818 9.9982E-05 0.0286806 9.9982E-05 0.131914 0.139388
0.698351 0.00481402 0.0207584 0.0327266 0.0339724 0.209378
0.66909 0.00768481 9.9982E-05 9.9982E-05 0.118379 0.204646
0.696732 9.9982E-05 0.0336854 9.9982E-05 0.0587644 0.210618
0.639612 9.9982E-05 0.0268937 9.9982E-05 0.167068 0.166226
0.740943 0.00953027 9.9991E-05 0.00770195 0.0847856 0.156939
0.674831 9.9982E-05 0.0156245 9.9982E-05 0.123182 0.186163
0.716505 9.9982E-05 0.0348871 9.9982E-05 0.099698 0.14871
0.602596 0.0373476 0.0444309 0.0471428 0.128947 0.139535
0.619642 0.0476693 0.0311619 0.0551832 0.0747368 0.171607
0.730707 9.9991E-05 0.0138957 0.0289523 0.0762103 0.150134
9.996E-05 0.9995 9.996E-05 9.996E-05 9.996E-05 9.996E-05
9.9973E-05 0.969443 0.0128661 0.0173905 9.9973E-05 9.9973E-05
9.996E-05 0.9995 9.996E-05 9.996E-05 9.996E-05 9.996E-05
9.9964E-05 0.995481 0.00411919 9.9964E-05 9.9964E-05 9.9964E-05
9.996E-05 0.9995 9.996E-05 9.996E-05 9.996E-05 9.996E-05
9.996E-05 0.9995 9.996E-05 9.996E-05 9.996E-05 9.996E-05
9.996E-05 0.9995 9.996E-05 9.996E-05 9.996E-05 9.996E-05
9.996E-05 0.9995 9.996E-05 9.996E-05 9.996E-05 9.996E-05
0.668946 9.9991E-05 0.0444582 0.118498 0.00453594 0.163462
9.996E-05 0.9995 9.996E-05 9.996E-05 9.996E-05 9.996E-05
9.996E-05 0.9995 9.996E-05 9.996E-05 9.996E-05 9.996E-05
9.9982E-05 0.974173 0.00377514 0.0137819 0.0080703 9.9982E-05
9.9964E-05 0.993848 9.9964E-05 0.00575182 9.9964E-05 9.9964E-05
9.996E-05 0.9995 9.996E-05 9.996E-05 9.996E-05 9.996E-05
9.996E-05 0.9995 9.996E-05 9.996E-05 9.996E-05 9.996E-05
9.996E-05 0.9995 9.996E-05 9.996E-05 9.996E-05 9.996E-05
9.996E-05 0.9995 9.996E-05 9.996E-05 9.996E-05 9.996E-05
9.996E-05 0.9995 9.996E-05 9.996E-05 9.996E-05 9.996E-05
9.996E-05 0.9995 9.996E-05 9.996E-05 9.996E-05 9.996E-05
9.996E-05 0.9995 9.996E-05 9.996E-05 9.996E-05 9.996E-05
0.0858567 0.112954 0.129053 0.400668 0.191669 0.0797999
0.238775 0.0672661 0.133417 0.338746 0.198867 0.0229291
0.167748 0.0960225 0.121228 0.377828 0.212067 0.0251059
0.195911 0.0923995 0.137297 0.366884 0.187009 0.0204994
0.171896 0.0938033 0.128248 0.369758 0.214442 0.0218528
0.327441 0.0269034 0.129698 0.274133 0.209739 0.0320855
0.152642 0.130729 0.1094 0.351811 0.238677 0.0167404
0.133521 0.0358648 0.136091 0.377248 0.237453 0.0798217
0.182048 0.0703378 0.131984 0.338912 0.208233 0.0684847
0.00199367 0.106049 9.9982E-05 9.9982E-05 0.861979 0.0297782
9.996E-05 9.996E-05 9.996E-05 9.996E-05 0.9995 9.996E-05
0.00642454 0.0705116 9.9973E-05 9.9973E-05 0.922764 9.9973E-05
9.9964E-05 0.0321486 9.9964E-05 9.9964E-05 0.967451 9.9964E-05
0.0120375 9.9964E-05 9.9964E-05 9.9964E-05 0.987563 9.9964E-05
9.996E-05 9.996E-05 9.996E-05 9.996E-05 0.9995 9.996E-05
9.9964E-05 0.030321 9.9964E-05 9.9964E-05 0.969279 9.9964E-05
9.9964E-05 0.0358038 9.9964E-05 9.9964E-05 0.963796 9.9964E-05
9.9964E-05 0.0114198 9.9964E-05 9.9964E-05 0.98818 9.9964E-05
0.177326 0.0499619 9.9973E-05 9.9973E-05 0.772412 9.9973E-05
0.0908143 0.0166675 9.9982E-05 9.9982E-05 0.847351 0.0449675
9.996E-05 9.996E-05 9.996E-05 9.996E-05 0.9995 9.996E-05
9.996E-05 9.996E-05 9.996E-05 9.996E-05 0.9995 9.996E-05
9.996E-05 9.996E-05 9.996E-05 9.996E-05 0.9995 9.996E-05
9.9964E-05 0.0307348 9.9964E-05 9.9964E-05 0.968865 9.9964E-05
9.9964E-05 0.00387036 9.9964E-05 9.9964E-05 0.99573 9.9964E-05
9.9964E-05 0.0336628 9.9964E-05 9.9964E-05 0.965937 9.9964E-05
9.9964E-05 9.9964E-05 9.9964E-05 0.108398 0.891202 9.9964E-05
9.9964E-05 9.9964E-05 9.9964E-05 0.137791 0.861809 9.9964E-05
9.9973E-05 9.9973E-05 9.9973E-05 0.124385 0.875215 9.9973E-05
9.9964E-05 9.9964E-05 9.9964E-05 0.111597 0.888003 9.9964E-05
9.9964E-05 9.9964E-05 9.9964E-05 0.108644 0.890957 9.9964E-05
9.9964E-05 9.9964E-05 9.9964E-05 0.0854823 0.914118 9.9964E-05
9.9964E-05 9.9964E-05 9.9964E-05 0.0838575 0.915743 9.9964E-05
9.9964E-05 9.9964E-05 9.9964E-05 0.121295 0.878305 9.9964E-05
9.9964E-05 9.9964E-05 9.9964E-05 0.0921187 0.907481 9.9964E-05
9.9964E-05 9.9964E-05 9.9964E-05 0.118785 0.880815 9.9964E-05
9.9964E-05 9.9964E-05 9.9964E-05 0.0944653 0.905135 9.9964E-05
9.9964E-05 9.9964E-05 9.9964E-05 0.0771457 0.922454 9.9964E-05
9.9964E-05 9.9964E-05 9.9964E-05 0.0921104 0.90749 9.9964E-05
9.9964E-05 9.9964E-05 9.9964E-05 0.079457 0.920143 9.9964E-05
9.9964E-05 9.9964E-05 9.9964E-05 0.113225 0.886376 9.9964E-05
0.851323 0.00929246 0.0163235 0.0584228 0.0324482 0.03219
0.934017 9.9991E-05 0.00414587 0.0202453 0.00113994 0.0403519
0.954066 9.9973E-05 9.9973E-05 0.0249031 9.9973E-05 0.0207307
0.90923 0.0125651 9.9982E-05 0.0213679 9.9982E-05 0.0566367
0.895136 9.9982E-05 9.9982E-05 0.0115481 0.00484748 0.0882688
9.9973E-05 9.9973E-05 0.00338741 0.988454 0.00785836 9.9973E-05
9.9964E-05 9.9964E-05 0.000726687 0.998873 9.9964E-05 9.9964E-05
9.9964E-05 9.9964E-05 9.9964E-05 0.985815 0.0137852 9.9964E-05
9.9964E-05 9.9964E-05 0.0045392 0.995061 9.9964E-05 9.9964E-05
9.9964E-05 9.9964E-05 0.00313491 0.996465 9.9964E-05 9.9964E-05
9.9964E-05 0.0211324 9.9964E-05 0.978468 9.9964E-05 9.9964E-05
9.9964E-05 9.9964E-05 0.00829718 0.991303 9.9964E-05 9.9964E-05
9.996E-05 9.996E-05 9.996E-05 0.9995 9.996E-05 9.996E-05
9.9973E-05 9.9973E-05 9.9973E-05 0.856314 0.0814751 0.0619106
9.996E-05 9.996E-05 9.996E-05 0.9995 9.996E-05 9.996E-05
9.9964E-05 9.9964E-05 0.0146818 0.984918 9.9964E-05 9.9964E-05
9.996E-05 9.996E-05 9.996E-05 0.9995 9.996E-05 9.996E-05
9.9982E-05 9.9982E-05 0.00256143 0.95734 0.0256637 0.0142353
9.9973E-05 9.9973E-05 0.037727 0.948285 0.0136877 9.9973E-05
9.9964E-05 9.9964E-05 0.00851379 0.991086 9.9964E-05 9.9964E-05
9.9964E-05 9.9964E-05 0.0147226 0.984877 9.9964E-05 9.9964E-05
9.9964E-05 9.9964E-05 0.0310675 0.968533 9.9964E-05 9.9964E-05
9.9964E-05 9.9964E-05 9.9964E-05 0.957956 0.0416446 9.9964E-05
9.996E-05 9.996E-05 9.996E-05 0.9995 9.996E-05 9.996E-05
0.470936 0.207664 0.0355619 0.274109 9.9991E-05 0.011629
0.536578 0.14212 0.00504567 0.121759 0.0398676 0.15463
0.408592 0.204061 0.0450323 0.189091 0.0146965 0.138527
0.524821 0.138778 0.0213324 0.213217 9.9991E-05 0.101753
0.505603 0.162406 0.017067 0.208077 9.9991E-05 0.106747
0.603571 0.161827 0.0330895 0.116308 0.0211855 0.0640194
0.511416 0.135903 0.0432666 0.231259 0.0315167 0.0466378
0.510819 0.159111 0.0194413 0.267132 0.0278586 0.0156386
0.452571 0.193951 0.0564341 0.250036 9.9991E-05 0.0469083
0.638651 0.12118 9.9982E-05 0.118182 9.9982E-05 0.121787
0.499235 0.194434 0.0362067 0.257361 9.9991E-05 0.0126636
0.551407 0.151782 9.9982E-05 0.257382 9.9982E-05 0.0392284
0.541182 0.135812 0.0228935 0.269114 9.9991E-05 0.0308988
0.51795 0.14403 0.0143487 0.221235 0.0225763 0.0798607
0.352035 0.144583 0.0933349 0.211726 0.0890834 0.109238
0.518432 0.137312 0.0336425 0.207698 0.00811303 0.0948019
0.489905 0.248961 0.0243593 0.195557 0.0127908 0.0284264
0.493747 0.148104 9.9991E-05 0.18681 0.0257517 0.145486
0.50192 0.162536 0.0618263 0.268486 9.9991E-05 0.00513125
0.470009 0.177138 0.0353517 0.259597 0.0152063 0.0426974
0.669877 9.9982E-05 0.0167632 0.188537 0.124623 9.9982E-05
0.700542 9.9991E-05 0.0209821 0.139924 0.0937352 0.0447167
0.651561 9.9982E-05 0.0156349 0.233339 0.099265 9.9982E-05
0.589512 9.9991E-05 0.0593611 0.139071 0.0915406 0.120416
0.620178 0.00321583 0.010194 0.237843 0.128469 9.9991E-05
0.63525 9.9991E-05 0.018203 0.237898 0.059381 0.0491677
0.602746 9.9991E-05 0.0501617 0.141563 0.159286 0.0461437
0.421183 0.102582 0.0284617 0.229906 0.102672 0.115195
0.615538 0.0392294 0.0613828 0.151058 0.132692 9.9991E-05
0.5832 9.9991E-05 0.0444337 0.181779 0.13101 0.0594776
0.517742 0.00890858 9.9991E-05 0.224446 0.105205 0.143598
0.503567 0.0558548 0.00186765 0.336321 0.100996 0.00139357
0.500227 0.075879 0.00514325 0.303195 0.115456 9.9991E-05
0.48803 0.0481424 0.0492 0.28517 0.129357 9.9991E-05
0.502408 0.109454 0.106241 0.146448 0.119365 0.016084
0.352469 0.0799243 0.0409826 0.234756 0.162458 0.12941
0.469325 0.0496938 0.0800229 0.20902 0.114149 0.0777893
0.440256 0.0977736 0.0892595 0.237042 0.117354 0.0183147
0.433808 0.104366 0.0669306 0.193342 0.164705 0.0368477
0.0805132 9.9964E-05 9.9964E-05 0.919087 9.9964E-05 9.9964E-05
0.127443 9.9964E-05 9.9964E-05 0.872158 9.9964E-05 9.9964E-05
0.147474 9.9964E-05 9.9964E-05 0.852126 9.9964E-05 9.9964E-05
0.133803 9.9964E-05 9.9964E-05 0.865797 9.9964E-05 9.9964E-05
0.196865 0.00233842 9.9982E-05 0.786961 0.013635 9.9982E-05
0.200844 9.9964E-05 9.9964E-05 0.798756 9.9964E-05 9.9964E-05
0.112035 9.9973E-05 9.9973E-05 0.88647 9.9973E-05 0.00119501
0.0761189 9.9964E-05 9.9964E-05 0.923481 9.9964E-05 9.9964E-05
0.0574235 9.9964E-05 9.9964E-05 0.942177 9.9964E-05 9.9964E-05
0.125568 9.9964E-05 9.9964E-05 0.874032 9.9964E-05 9.9964E-05
0.126867 9.9964E-05 9.9964E-05 0.872733 9.9964E-05 9.9964E-05
0.162418 9.9964E-05 9.9964E-05 0.837182 9.9964E-05 9.9964E-05
0.156828 9.9964E-05 9.9964E-05 0.842772 9.9964E-05 9.9964E-05
0.240293 0.0175326 9.9973E-05 0.741874 9.9973E-05 9.9973E-05
0.137939 9.9964E-05 9.9964E-05 0.861661 9.9964E-05 9.9964E-05
