0.00865241 9.98472E-05 0.0436906 0.0915655 0.0795541 0.0549988 9.98472E-05 9.98472E-05 0.0088872 9.98472E-05 9.98472E-05 9.98472E-05 0.00607899 9.98472E-05 9.98472E-05 9.98472E-05 9.98472E-05 9.98472E-05 0.0371613 9.98472E-05 0.0190025 9.98472E-05 0.0368383 9.98472E-05 0.181653 9.98472E-05 9.98472E-05 0.43022 9.98472E-05
0.112761 9.98382E-05 0.028575 9.98382E-05 0.0346502 9.98382E-05 9.98382E-05 9.98382E-05 9.98382E-05 9.98382E-05 9.98382E-05 0.0210586 0.0536361 9.98382E-05 9.98382E-05 9.98382E-05 9.98382E-05 9.98382E-05 0.0548462 0.0297097 9.98382E-05 0.00138133 9.98382E-05 0.0027779 0.179819 9.98382E-05 9.98382E-05 0.478988 9.98382E-05
9.98651E-05 0.0536961 9.98651E-05 0.00880756 0.0230176 0.0492413 0.0161225 0.00667266 0.0393991 0.00574076 9.98651E-05 9.98651E-05 9.98651E-05 9.98651E-05 9.98651E-05 9.98651E-05 0.069323 9.98651E-05 9.98651E-05 9.98651E-05 0.0226478 9.98651E-05 0.0642732 9.98651E-05 0.0113115 9.98651E-05 0.0457822 0.582467 9.98651E-05
9.97934E-05 9.97934E-05 9.97934E-05 0.0013599 9.97934E-05 9.97934E-05 9.97934E-05 9.97934E-05 9.97934E-05 9.97934E-05 9.97934E-05 9.97934E-05 0.0121826 9.97934E-05 9.97934E-05 9.97934E-05 9.97934E-05 9.97934E-05 0.0247115 9.97934E-05 9.97934E-05 9.97934E-05 9.97934E-05 9.97934E-05 9.97934E-05 9.97934E-05 0.0034415 0.922468 0.0335416
0.0998481 0.0386381 9.98741E-05 0.0458843 0.0111624 0.0457716 9.98741E-05 9.98741E-05 9.98741E-05 0.0263708 0.10502 9.98741E-05 9.98741E-05 0.014982 0.0269191 0.0116335 9.98741E-05 0.011385 9.98741E-05 9.98741E-05 0.0180881 9.98741E-05 0.0428573 9.98741E-05 0.0142369 9.98741E-05 9.98741E-05 0.485805 9.98741E-05
9.97755E-05 9.97755E-05 9.97755E-05 9.97755E-05 9.97755E-05 9.97755E-05 0.000306064 9.97755E-05 9.97755E-05 9.97755E-05 9.97755E-05 9.97755E-05 9.97755E-05 9.97755E-05 9.97755E-05 9.97755E-05 9.97755E-05 9.97755E-05 0.0416702 9.97755E-05 9.97755E-05 9.97755E-05 9.97755E-05 9.97755E-05 0.0192612 9.97755E-05 9.97755E-05 0.936268 9.97755E-05
9.97665E-05 9.97665E-05 9.97665E-05 9.97665E-05 9.97665E-05 9.97665E-05 9.97665E-05 9.97665E-05 9.97665E-05 9.97665E-05 9.97665E-05 9.97665E-05 9.97665E-05 9.97665E-05 9.97665E-05 9.97665E-05 9.97665E-05 9.97665E-05 0.00869154 9.97665E-05 9.97665E-05 9.97665E-05 9.97665E-05 9.97665E-05 0.0350448 9.97665E-05 9.97665E-05 0.95367 9.97665E-05
0.0230452 9.98742E-05 9.98742E-05 9.98742E-05 0.0177124 0.0215051 9.98742E-05 9.98742E-05 9.98742E-05 0.0436555 0.118362 9.98742E-05 9.98742E-05 0.0244728 0.0408282 9.98742E-05 0.0512026 9.98742E-05 9.98742E-05 0.100432 0.0518042 0.0120894 0.00617377 9.98742E-05 0.0857275 9.98742E-05 9.98742E-05 0.392184 0.00940748
0.0273421 9.98113E-05 9.98113E-05 9.98113E-05 9.98113E-05 9.98113E-05 9.98113E-05 9.98113E-05 9.98113E-05 9.98113E-05 0.138099 9.98113E-05 9.98113E-05 9.98113E-05 9.98113E-05 9.98113E-05 9.98113E-05 0.0391065 0.0397966 9.98113E-05 9.98113E-05 9.98113E-05 0.00453065 0.0302698 0.147927 9.98113E-05 9.98113E-05 0.570832 9.98113E-05
9.98298E-05 9.98298E-05 0.00218087 9.98298E-05 9.98298E-05 0.0901348 9.98298E-05 9.98298E-05 9.98298E-05 9.98298E-05 0.107408 9.98298E-05 9.98298E-05 9.98298E-05 9.98298E-05 9.98298E-05 9.98298E-05 0.0492517 0.0452283 9.98298E-05 0.0554532 9.98298E-05 0.0484212 9.98298E-05 0.158526 9.98298E-05 9.98298E-05 0.395617 0.0458817
9.98203E-05 9.98203E-05 9.98203E-05 9.98203E-05 0.0113203 9.98203E-05 9.98203E-05 9.98203E-05 9.98203E-05 9.98203E-05 9.98203E-05 9.98203E-05 0.0127342 9.98203E-05 9.98203E-05 9.98203E-05 0.00296253 0.0319059 9.98203E-05 9.98203E-05 9.98203E-05 9.98203E-05 0.0561027 0.0700868 0.0156745 0.0598292 9.98203E-05 0.737387 9.98203E-05
0.108468 9.98472E-05 0.0415836 0.0592854 9.98472E-05 0.0402817 9.98472E-05 9.98472E-05 9.98472E-05 9.98472E-05 0.0824047 0.00506122 0.00260586 9.98472E-05 9.98472E-05 9.98472E-05 0.03246 9.98472E-05 0.0524789 9.98472E-05 9.98472E-05 9.98472E-05 0.00871758 9.98472E-05 0.0171282 9.98472E-05 9.98472E-05 0.547827 9.98472E-05
9.97575E-05 9.97575E-05 9.97575E-05 9.97575E-05 9.97575E-05 9.97575E-05 9.97575E-05 9.97575E-05 9.97575E-05 9.97575E-05 9.97575E-05 9.97575E-05 9.97575E-05 9.97575E-05 0.00756484 9.97575E-05 9.97575E-05 9.97575E-05 9.97575E-05 9.97575E-05 9.97575E-05 9.97575E-05 9.97575E-05 9.97575E-05 9.97575E-05 9.97575E-05 9.97575E-05 0.989742 9.97575E-05
9.97575E-05 9.97575E-05 9.97575E-05 9.97575E-05 9.97575E-05 9.97575E-05 9.97575E-05 9.97575E-05 9.97575E-05 9.97575E-05 9.97575E-05 9.97575E-05 9.97575E-05 9.97575E-05 0.000385877 9.97575E-05 9.97575E-05 9.97575E-05 9.97575E-05 9.97575E-05 9.97575E-05 9.97575E-05 9.97575E-05 9.97575E-05 9.97575E-05 9.97575E-05 9.97575E-05 0.996921 9.97575E-05
9.97755E-05 9.97755E-05 9.97755E-05 9.97755E-05 0.00189815 9.97755E-05 9.97755E-05 9.97755E-05 9.97755E-05 9.97755E-05 9.97755E-05 9.97755E-05 9.97755E-05 9.97755E-05 0.012781 9.97755E-05 9.97755E-05 9.97755E-05 9.97755E-05 0.0157365 9.97755E-05 9.97755E-05 9.97755E-05 9.97755E-05 9.97755E-05 9.97755E-05 9.97755E-05 0.96709 9.97755E-05
9.97755E-05 9.97755E-05 9.97755E-05 9.97755E-05 9.97755E-05 9.97755E-05 0.0252968 9.97755E-05 9.97755E-05 0.0144191 9.97755E-05 9.97755E-05 9.97755E-05 9.97755E-05 9.97755E-05 9.97755E-05 9.97755E-05 9.97755E-05 9.97755E-05 0.017009 9.97755E-05 9.97755E-05 9.97755E-05 9.97755E-05 9.97755E-05 9.97755E-05 9.97755E-05 0.940781 9.97755E-05
9.98562E-05 0.00636056 9.98562E-05 0.0179482 9.98562E-05 0.0472932 9.98562E-05 0.103395 0.0323681 0.0809602 9.98562E-05 9.98562E-05 9.98562E-05 9.98562E-05 9.98562E-05 9.98562E-05 0.00577487 9.98562E-05 0.0339026 0.0052028 0.00546636 9.98562E-05 0.00643081 9.98562E-05 0.0202603 9.98562E-05 9.98562E-05 0.633039 9.98562E-05
9.98472E-05 9.98472E-05 9.98472E-05 0.00179281 9.98472E-05 0.0962016 9.98472E-05 0.0861041 0.0198202 0.0614365 9.98472E-05 9.98472E-05 9.98472E-05 0.00568907 9.98472E-05 9.98472E-05 9.98472E-05 9.98472E-05 9.98472E-05 0.000810363 9.98472E-05 0.0140313 0.0196489 9.98472E-05 0.0263227 9.98472E-05 0.00855026 0.657895 9.98472E-05
9.98382E-05 9.98382E-05 9.98382E-05 9.98382E-05 9.98382E-05 0.120202 9.98382E-05 0.0458778 0.00914935 0.0162431 9.98382E-05 9.98382E-05 9.98382E-05 9.98382E-05 0.00921189 9.98382E-05 0.0461575 9.98382E-05 0.00691886 9.98382E-05 0.0269211 9.98382E-05 0.0122289 9.98382E-05 0.00116594 9.98382E-05 9.98382E-05 0.704127 9.98382E-05
9.97486E-05 9.97486E-05 9.97486E-05 9.97486E-05 9.97486E-05 9.97486E-05 9.97486E-05 9.97486E-05 9.97486E-05 9.97486E-05 9.97486E-05 9.97486E-05 9.97486E-05 9.97486E-05 9.97486E-05 9.97486E-05 9.97486E-05 9.97486E-05 9.97486E-05 9.97486E-05 9.97486E-05 9.97486E-05 0.997207 9.97486E-05 9.97486E-05 9.97486E-05 9.97486E-05 9.97486E-05 9.97486E-05
0.165269 0.264434 9.98382E-05 9.98382E-05 0.0200938 9.98382E-05 9.98382E-05 9.98382E-05 9.98382E-05 0.00620057 9.98382E-05 9.98382E-05 0.0357758 9.98382E-05 9.98382E-05 9.98382E-05 9.98382E-05 9.98382E-05 9.98382E-05 0.0267229 9.98382E-05 0.0278483 0.255246 9.98382E-05 0.0949078 9.98382E-05 0.0614433 0.0402619 9.98382E-05
0.145443 0.0378862 9.98472E-05 9.98472E-05 0.0339085 9.98472E-05 9.98472E-05 9.98472E-05 9.98472E-05 9.98472E-05 9.98472E-05 9.98472E-05 0.0647659 9.98472E-05 9.98472E-05 9.98472E-05 9.98472E-05 9.98472E-05 0.0636152 0.020418 0.00417626 0.0125325 0.224695 0.0329468 0.274739 9.98472E-05 9.98472E-05 0.0831763 9.98472E-05
0.0390767 0.0702434 0.0330599 9.98293E-05 9.98293E-05 9.98293E-05 0.023478 9.98293E-05 9.98293E-05 0.201917 9.98293E-05 9.98293E-05 9.98293E-05 9.98293E-05 9.98293E-05 9.98293E-05 9.98293E-05 9.98293E-05 0.137559 9.98293E-05 9.98293E-05 0.0120629 0.201052 9.98293E-05 0.111644 9.98293E-05 9.98293E-05 0.16801 9.98293E-05
9.98831E-05 0.018793 9.98831E-05 9.98831E-05 0.0280609 9.98831E-05 0.0143947 0.00683708 9.98831E-05 0.102351 0.0905196 0.0509406 9.98831E-05 0.0135658 0.00300997 9.98831E-05 9.98831E-05 9.98831E-05 0.086806 9.98831E-05 0.0194823 9.98831E-05 0.157028 9.98831E-05 0.191806 9.98831E-05 0.076419 0.131859 0.00682915
0.102024 0.303363 9.98652E-05 0.0271895 9.98652E-05 9.98652E-05 9.98652E-05 9.98652E-05 9.98652E-05 9.98652E-05 0.149175 9.98652E-05 0.0136198 9.98652E-05 0.0354401 9.98652E-05 9.98652E-05 0.0246796 0.0761998 0.0366533 9.98652E-05 9.98652E-05 0.103428 0.00626997 9.98652E-05 9.98652E-05 0.0531759 0.0570162 0.010269
9.98113E-05 0.202373 9.98113E-05 9.98113E-05 9.98113E-05 9.98113E-05 9.98113E-05 9.98113E-05 9.98113E-05 9.98113E-05 0.0600236 9.98113E-05 9.98113E-05 9.98113E-05 0.0683253 9.98113E-05 9.98113E-05 9.98113E-05 0.0269559 9.98113E-05 0.00670497 9.98113E-05 0.279214 9.98113E-05 0.17953 9.98113E-05 9.98113E-05 0.174777 9.98113E-05
0.31345 0.141126 9.98293E-05 9.98293E-05 9.98293E-05 9.98293E-05 9.98293E-05 9.98293E-05 9.98293E-05 9.98293E-05 9.98293E-05 9.98293E-05 9.98293E-05 9.98293E-05 0.00519714 9.98293E-05 9.98293E-05 0.0622239 0.0982697 0.0238015 9.98293E-05 0.00723673 0.255379 0.0698207 9.98293E-05 9.98293E-05 9.98293E-05 0.0215981 9.98293E-05
0.199303 0.280358 9.98472E-05 9.98472E-05 9.98472E-05 9.98472E-05 9.98472E-05 9.98472E-05 0.00310758 9.98472E-05 0.0753716 9.98472E-05 0.0401898 9.98472E-05 9.98472E-05 9.98472E-05 9.98472E-05 9.98472E-05 9.98472E-05 9.98472E-05 0.0280023 9.98472E-05 0.121955 0.0274599 0.0266169 0.00250943 0.0394659 0.153964 9.98472E-05
0.167711 0.324235 9.98472E-05 9.98472E-05 0.0127634 9.98472E-05 9.98472E-05 0.00447114 9.98472E-05 9.98472E-05 0.115289 9.98472E-05 0.00520933 9.98472E-05 9.98472E-05 9.98472E-05 9.98472E-05 9.98472E-05 9.98472E-05 9.98472E-05 9.98472E-05 9.98472E-05 0.13307 0.0152022 0.0149887 0.028823 0.0244671 0.152073 9.98472E-05
9.97486E-05 9.97486E-05 9.97486E-05 9.97486E-05 9.97486E-05 9.97486E-05 9.97486E-05 9.97486E-05 9.97486E-05 9.97486E-05 9.97486E-05 9.97486E-05 9.97486E-05 9.97486E-05 9.97486E-05 9.97486E-05 9.97486E-05 9.97486E-05 9.97486E-05 9.97486E-05 9.97486E-05 9.97486E-05 0.997207 9.97486E-05 9.97486E-05 9.97486E-05 9.97486E-05 9.97486E-05 9.97486E-05
9.97665E-05 9.97665E-05 9.97665E-05 9.97665E-05 9.97665E-05 9.97665E-05 9.97665E-05 9.97665E-05 9.97665E-05 9.97665E-05 9.97665E-05 9.97665E-05 9.97665E-05 9.97665E-05 9.97665E-05 9.97665E-05 9.97665E-05 0.012996 9.97665E-05 9.97665E-05 9.97665E-05 9.97665E-05 0.976766 0.00764406 9.97665E-05 9.97665E-05 9.97665E-05 9.97665E-05 9.97665E-05
9.97576E-05 9.97576E-05 9.97576E-05 9.97576E-05 9.97576E-05 9.97576E-05 9.97576E-05 9.97576E-05 9.97576E-05 9.97576E-05 9.97576E-05 9.97576E-05 9.97576E-05 9.97576E-05 9.97576E-05 9.97576E-05 9.97576E-05 9.97576E-05 9.97576E-05 9.97576E-05 9.97576E-05 9.97576E-05 0.970634 9.97576E-05 9.97576E-05 9.97576E-05 0.0266729 9.97576E-05 9.97576E-05
9.97486E-05 9.97486E-05 9.97486E-05 9.97486E-05 9.97486E-05 9.97486E-05 9.97486E-05 9.97486E-05 9.97486E-05 9.97486E-05 9.97486E-05 9.97486E-05 9.97486E-05 9.97486E-05 9.97486E-05 9.97486E-05 9.97486E-05 9.97486E-05 9.97486E-05 9.97486E-05 9.97486E-05 9.97486E-05 0.997207 9.97486E-05 9.97486E-05 9.97486E-05 9.97486E-05 9.97486E-05 9.97486E-05
0.0195755 9.97845E-05 9.97845E-05 9.97845E-05 0.0234596 9.97845E-05 9.97845E-05 9.97845E-05 9.97845E-05 9.97845E-05 9.97845E-05 0.0211053 9.97845E-05 9.97845E-05 9.97845E-05 9.97845E-05 9.97845E-05 9.97845E-05 9.97845E-05 9.97845E-05 9.97845E-05 9.97845E-05 0.902277 0.0311877 9.97845E-05 9.97845E-05 9.97845E-05 9.97845E-05 9.97845E-05
9.97755E-05 9.97755E-05 9.97755E-05 0.0146276 9.97755E-05 9.97755E-05 9.97755E-05 9.97755E-05 9.97755E-05 0.00823539 9.97755E-05 9.97755E-05 9.97755E-05 9.97755E-05 9.97755E-05 9.97755E-05 9.97755E-05 9.97755E-05 9.97755E-05 9.97755E-05 9.97755E-05 9.97755E-05 0.952887 9.97755E-05 9.97755E-05 9.97755E-05 9.97755E-05 0.021756 9.97755E-05
0.105755 0.210668 9.98741E-05 0.0400403 0.00315477 9.98741E-05 9.98741E-05 0.0395053 9.98741E-05 0.12483 0.0612846 0.0630603 9.98741E-05 9.98741E-05 0.0107178 9.98741E-05 0.0141997 9.98741E-05 0.118596 0.018066 0.0135337 9.98741E-05 0.155639 9.98741E-05 0.0195515 9.98741E-05 9.98741E-05 9.98741E-05 9.98741E-05
0.10256 0.15529 0.043332 9.98652E-05 0.00722551 9.98652E-05 0.0866279 0.0360695 9.98652E-05 0.0890888 9.98652E-05 0.0381409 9.98652E-05 9.98652E-05 9.98652E-05 9.98652E-05 0.0341546 9.98652E-05 0.00652214 9.98652E-05 9.98652E-05 0.138782 0.159466 0.00563397 9.98652E-05 9.98652E-05 9.98652E-05 0.0956079 9.98652E-05
0.0852419 9.98382E-05 9.98382E-05 0.0146093 9.98382E-05 9.98382E-05 0.00618659 9.98382E-05 9.98382E-05 0.211347 9.98382E-05 9.98382E-05 9.98382E-05 9.98382E-05 0.00554753 9.98382E-05 9.98382E-05 9.98382E-05 0.139139 9.98382E-05 9.98382E-05 0.0510566 0.156281 9.98382E-05 0.137426 9.98382E-05 0.000716324 0.190652 9.98382E-05
0.0906999 0.706707 9.98292E-05 0.0311411 9.98292E-05 9.98292E-05 0.0576301 9.98292E-05 9.98292E-05 9.98292E-05 9.98292E-05 9.98292E-05 9.98292E-05 0.0322551 0.00725419 9.98292E-05 0.000912992 9.98292E-05 0.0364348 9.98292E-05 9.98292E-05 9.98292E-05 9.98292E-05 9.98292E-05 0.0225299 9.98292E-05 9.98292E-05 0.0125385 9.98292E-05
9.98292E-05 0.818751 9.98292E-05 9.98292E-05 9.98292E-05 9.98292E-05 0.029501 9.98292E-05 9.98292E-05 9.98292E-05 0.0242083 9.98292E-05 9.98292E-05 0.00347756 0.0422022 0.0100242 9.98292E-05 0.0143857 9.98292E-05 9.98292E-05 0.00474372 9.98292E-05 9.98292E-05 0.0346132 9.98292E-05 9.98292E-05 0.0161961 9.98292E-05 9.98292E-05
9.98023E-05 0.905658 9.98023E-05 9.98023E-05 9.98023E-05 9.98023E-05 9.98023E-05 9.98023E-05 9.98023E-05 9.98023E-05 0.018105 0.00261311 9.98023E-05 0.00128478 0.0612892 9.98023E-05 9.98023E-05 9.98023E-05 9.98023E-05 0.00045959 9.98023E-05 9.98023E-05 9.98023E-05 0.00839468 9.98023E-05 9.98023E-05 9.98023E-05 9.98023E-05 9.98023E-05
0.0232847 0.692582 0.041498 9.98382E-05 9.98382E-05 0.0331938 9.98382E-05 0.00700531 9.98382E-05 9.98382E-05 9.98382E-05 9.98382E-05 9.98382E-05 9.98382E-05 9.98382E-05 0.0327227 9.98382E-05 9.98382E-05 9.98382E-05 9.98382E-05 0.0100708 0.0665649 0.0191765 0.00530922 9.98382E-05 9.98382E-05 9.98382E-05 0.0667952 9.98382E-05
9.98293E-05 0.824508 9.98293E-05 0.0602734 9.98293E-05 9.98293E-05 9.98293E-05 9.98293E-05 0.00507803 0.0184207 9.98293E-05 0.0114503 9.98293E-05 0.0473057 0.0122021 9.98293E-05 9.98293E-05 9.98293E-05 9.98293E-05 9.98293E-05 9.98293E-05 0.00642575 9.98293E-05 9.98293E-05 0.00339409 9.98293E-05 9.98293E-05 9.98293E-05 0.0090456
0.00751659 0.581538 9.98472E-05 0.00759204 9.98472E-05 9.98472E-05 9.98472E-05 0.0830956 9.98472E-05 0.0108432 0.0905633 0.0153962 9.98472E-05 0.0114866 0.00839428 9.98472E-05 0.0475603 9.98472E-05 9.98472E-05 9.98472E-05 9.98472E-05 9.98472E-05 9.98472E-05 9.98472E-05 0.09833 9.98472E-05 0.035986 9.98472E-05 9.98472E-05
0.0206726 0.454515 9.98831E-05 0.00196111 0.0283176 0.0830088 0.0292105 0.0934192 9.98831E-05 0.00934291 9.98831E-05 9.98831E-05 0.0101792 0.0187694 9.98831E-05 9.98831E-05 9.98831E-05 9.98831E-05 9.98831E-05 0.04157 0.00846374 9.98831E-05 0.0574196 9.98831E-05 0.120511 0.00140959 9.98831E-05 0.0199323 9.98831E-05
9.97844E-05 0.819352 9.97844E-05 0.0526804 9.97844E-05 0.112852 9.97844E-05 0.00533458 9.97844E-05 9.97844E-05 9.97844E-05 9.97844E-05 9.97844E-05 9.97844E-05 9.97844E-05 9.97844E-05 9.97844E-05 9.97844E-05 9.97844E-05 9.97844E-05 9.97844E-05 9.97844E-05 0.00738698 9.97844E-05 9.97844E-05 9.97844E-05 9.97844E-05 9.97844E-05 9.97844E-05
9.98446E-05 0.765961 0.00231973 0.00478465 9.98446E-05 9.98446E-05 9.98446E-05 9.98446E-05 0.0209785 9.98446E-05 9.98446E-05 9.98446E-05 9.98446E-05 9.98446E-05 0.0172843 9.98446E-05 9.98446E-05 0.0617582 9.98446E-05 9.98446E-05 0.00798229 9.98446E-05 0.017872 9.98446E-05 0.0440192 9.98446E-05 0.0436628 9.98446E-05 0.0115803
9.98023E-05 0.81211 0.0129432 0.0154878 9.98023E-05 9.98023E-05 9.98023E-05 9.98023E-05 9.98023E-05 0.0669287 0.0611698 9.98023E-05 9.98023E-05 9.98023E-05 9.98023E-05 9.98023E-05 9.98023E-05 0.0276806 9.98023E-05 9.98023E-05 9.98023E-05 9.98023E-05 9.98023E-05 9.98023E-05 9.98023E-05 9.98023E-05 9.98023E-05 9.98023E-05 0.00148382
9.97576E-05 9.97576E-05 9.97576E-05 9.97576E-05 9.97576E-05 9.97576E-05 9.97576E-05 9.97576E-05 9.97576E-05 9.97576E-05 9.97576E-05 9.97576E-05 9.97576E-05 9.97576E-05 0.98937 9.97576E-05 9.97576E-05 9.97576E-05 0.00793616 9.97576E-05 9.97576E-05 9.97576E-05 9.97576E-05 9.97576E-05 9.97576E-05 9.97576E-05 9.97576E-05 9.97576E-05 9.97576E-05
0.0300984 9.97934E-05 0.000787679 9.97934E-05 9.97934E-05 9.97934E-05 9.97934E-05 0.0134065 9.97934E-05 9.97934E-05 9.97934E-05 0.00338786 9.97934E-05 9.97934E-05 0.934041 9.97934E-05 9.97934E-05 9.97934E-05 9.97934E-05 9.97934E-05 9.97934E-05 9.97934E-05 9.97934E-05 9.97934E-05 9.97934E-05 9.97934E-05 9.97934E-05 0.015983 9.97934E-05
9.97487E-05 9.97487E-05 9.97487E-05 9.97487E-05 9.97487E-05 9.97487E-05 9.97487E-05 9.97487E-05 9.97487E-05 9.97487E-05 9.97487E-05 9.97487E-05 9.97487E-05 9.97487E-05 0.997207 9.97487E-05 9.97487E-05 9.97487E-05 9.97487E-05 9.97487E-05 9.97487E-05 9.97487E-05 9.97487E-05 9.97487E-05 9.97487E-05 9.97487E-05 9.97487E-05 9.97487E-05 9.97487E-05
9.97486E-05 9.97486E-05 9.97486E-05 9.97486E-05 9.97486E-05 9.97486E-05 9.97486E-05 9.97486E-05 9.97486E-05 9.97486E-05 9.97486E-05 9.97486E-05 9.97486E-05 9.97486E-05 0.997207 9.97486E-05 9.97486E-05 9.97486E-05 9.97486E-05 9.97486E-05 9.97486E-05 9.97486E-05 9.97486E-05 9.97486E-05 9.97486E-05 9.97486E-05 9.97486E-05 9.97486E-05 9.97486E-05
9.97576E-05 9.97576E-05 9.97576E-05 9.97576E-05 9.97576E-05 9.97576E-05 9.97576E-05 9.97576E-05 0.00837545 9.97576E-05 9.97576E-05 9.97576E-05 9.97576E-05 9.97576E-05 0.988931 9.97576E-05 9.97576E-05 9.97576E-05 9.97576E-05 9.97576E-05 9.97576E-05 9.97576E-05 9.97576E-05 9.97576E-05 9.97576E-05 9.97576E-05 9.97576E-05 9.97576E-05 9.97576E-05
9.97486E-05 9.97486E-05 9.97486E-05 9.97486E-05 9.97486E-05 9.97486E-05 9.97486E-05 9.97486E-05 9.97486E-05 9.97486E-05 9.97486E-05 9.97486E-05 9.97486E-05 9.97486E-05 0.997207 9.97486E-05 9.97486E-05 9.97486E-05 9.97486E-05 9.97486E-05 9.97486E-05 9.97486E-05 9.97486E-05 9.97486E-05 9.97486E-05 9.97486E-05 9.97486E-05 9.97486E-05 9.97486E-05
9.97934E-05 9.97934E-05 9.97934E-05 0.00880233 0.00583192 9.97934E-05 9.97934E-05 0.00274056 9.97934E-05 9.97934E-05 9.97934E-05 9.97934E-05 0.00987294 9.97934E-05 0.944853 9.97934E-05 9.97934E-05 9.97934E-05 9.97934E-05 0.0256043 9.97934E-05 9.97934E-05 9.97934E-05 9.97934E-05 9.97934E-05 9.97934E-05 9.97934E-05 9.97934E-05 9.97934E-05
9.97666E-05 9.97666E-05 9.97666E-05 9.97666E-05 9.97666E-05 9.97666E-05 9.97666E-05 9.97666E-05 9.97666E-05 9.97666E-05 9.97666E-05 9.97666E-05 9.97666E-05 9.97666E-05 0.983585 9.97666E-05 9.97666E-05 9.97666E-05 9.97666E-05 9.97666E-05 9.97666E-05 9.97666E-05 0.005666 9.97666E-05 0.00815517 9.97666E-05 9.97666E-05 9.97666E-05 9.97666E-05
9.97576E-05 9.97576E-05 0.00135732 9.97576E-05 9.97576E-05 9.97576E-05 9.97576E-05 9.97576E-05 9.97576E-05 9.97576E-05 9.97576E-05 9.97576E-05 9.97576E-05 9.97576E-05 0.995949 9.97576E-05 9.97576E-05 9.97576E-05 9.97576E-05 9.97576E-05 9.97576E-05 9.97576E-05 9.97576E-05 9.97576E-05 9.97576E-05 9.97576E-05 9.97576E-05 9.97576E-05 9.97576E-05
0.294303 0.0752355 9.98024E-05 9.98024E-05 9.98024E-05 9.98024E-05 9.98024E-05 9.98024E-05 9.98024E-05 9.98024E-05 9.98024E-05 9.98024E-05 9.98024E-05 9.98024E-05 0.159396 9.98024E-05 9.98024E-05 9.98024E-05 0.0236033 9.98024E-05 9.98024E-05 9.98024E-05 9.98024E-05 9.98024E-05 0.326454 0.00998504 9.98024E-05 0.108828 9.98024E-05
9.98562E-05 0.357305 0.174998 9.98562E-05 9.98562E-05 9.98562E-05 9.98562E-05 9.98562E-05 0.00499715 9.98562E-05 9.98562E-05 0.0113518 0.0230977 9.98562E-05 0.0161519 9.98562E-05 0.0344608 0.039567 0.215769 0.00283042 9.98562E-05 9.98562E-05 9.98562E-05 9.98562E-05 0.00279028 9.98562E-05 9.98562E-05 0.0441615 0.0709216
0.266303 0.277292 9.98293E-05 9.98293E-05 0.0163918 0.0199914 9.98293E-05 9.98293E-05 9.98293E-05 9.98293E-05 0.12855 9.98293E-05 0.0309333 9.98293E-05 0.0275977 9.98293E-05 9.98293E-05 9.98293E-05 0.202415 0.00140204 0.0272277 9.98293E-05 9.98293E-05 9.98293E-05 9.98293E-05 9.98293E-05 9.98293E-05 9.98293E-05 9.98293E-05
0.101573 0.336451 9.98293E-05 9.98293E-05 9.98293E-05 9.98293E-05 9.98293E-05 9.98293E-05 9.98293E-05 0.00134391 0.00551437 0.0668439 9.98293E-05 9.98293E-05 9.98293E-05 9.98293E-05 0.0762688 0.0916092 0.217841 9.98293E-05 9.98293E-05 9.98293E-05 9.98293E-05 0.0257549 9.98293E-05 9.98293E-05 9.98293E-05 0.0749025 9.98293E-05
0.454825 0.0770132 0.00177278 0.0346426 0.0148565 0.0634265 0.0457289 9.98472E-05 9.98472E-05 9.98472E-05 9.98472E-05 9.98472E-05 0.0131946 9.98472E-05 9.98472E-05 0.0185372 0.0104943 9.98472E-05 0.200531 9.98472E-05 9.98472E-05 9.98472E-05 0.0632794 9.98472E-05 9.98472E-05 9.98472E-05 9.98472E-05 9.98472E-05 9.98472E-05
0.0448759 0.408363 9.98382E-05 9.98382E-05 0.0771642 9.98382E-05 9.98382E-05 9.98382E-05 9.98382E-05 0.00343005 0.105878 9.98382E-05 9.98382E-05 9.98382E-05 9.98382E-05 9.98382E-05 9.98382E-05 9.98382E-05 0.159299 9.98382E-05 0.000625122 0.0195062 0.0383952 9.98382E-05 0.0424849 9.98382E-05 9.98382E-05 0.0981816 9.98382E-05
0.110088 0.352727 9.98562E-05 9.98562E-05 0.0609476 9.98562E-05 9.98562E-05 9.98562E-05 9.98562E-05 0.0233568 0.0341142 0.0772628 9.98562E-05 9.98562E-05 0.0206355 0.0579624 9.98562E-05 9.98562E-05 0.0327331 9.98562E-05 9.98562E-05 9.98562E-05 0.0830072 0.0375153 9.98562E-05 0.00882677 9.98562E-05 9.98562E-05 0.0992261
0.143108 9.97666E-05 9.97666E-05 9.97666E-05 9.97666E-05 9.97666E-05 9.97666E-05 9.97666E-05 9.97666E-05 9.97666E-05 9.97666E-05 9.97666E-05 9.97666E-05 9.97666E-05 9.97666E-05 9.97666E-05 9.97666E-05 9.97666E-05 0.833269 9.97666E-05 9.97666E-05 9.97666E-05 0.0210291 9.97666E-05 9.97666E-05 9.97666E-05 9.97666E-05 9.97666E-05 9.97666E-05
0.168752 9.98293E-05 9.98293E-05 9.98293E-05 9.98293E-05 9.98293E-05 9.98293E-05 0.0106544 9.98293E-05 0.0230545 0.00729223 9.98293E-05 9.98293E-05 9.98293E-05 9.98293E-05 9.98293E-05 9.98293E-05 9.98293E-05 0.61338 9.98293E-05 9.98293E-05 9.98293E-05 0.0303923 0.0120829 0.00170032 9.98293E-05 9.98293E-05 0.102564 0.0282299
9.98382E-05 0.362217 0.144433 9.98382E-05 9.98382E-05 9.98382E-05 9.98382E-05 9.98382E-05 9.98382E-05 9.98382E-05 9.98382E-05 0.037649 0.0369964 9.98382E-05 0.00933515 9.98382E-05 9.98382E-05 0.0131919 0.248748 9.98382E-05 9.98382E-05 9.98382E-05 9.98382E-05 9.98382E-05 0.0497243 0.00487225 9.98382E-05 0.0313204 0.0597154
0.174206 0.0125214 9.98293E-05 9.98293E-05 9.98293E-05 9.98293E-05 9.98293E-05 0.00821988 9.98293E-05 0.00680778 9.98293E-05 9.98293E-05 9.98293E-05 9.98293E-05 9.98293E-05 9.98293E-05 9.98293E-05 0.0324562 0.540548 9.98293E-05 9.98293E-05 9.98293E-05 0.0460485 9.98293E-05 0.00838255 9.98293E-05 9.98293E-05 0.134908 0.0340043
0.267124 0.221736 0.0511486 9.98203E-05 9.98203E-05 9.98203E-05 9.98203E-05 0.0937463 9.98203E-05 0.013175 9.98203E-05 9.98203E-05 9.98203E-05 9.98203E-05 0.00414568 9.98203E-05 9.98203E-05 0.00381304 0.329926 9.98203E-05 9.98203E-05 9.98203E-05 9.98203E-05 9.98203E-05 0.0131894 9.98203E-05 9.98203E-05 9.98203E-05 9.98203E-05
0.243154 0.240734 0.0758848 9.98382E-05 9.98382E-05 9.98382E-05 9.98382E-05 0.0424527 0.00659267 0.00237824 9.98382E-05 9.98382E-05 9.98382E-05 9.98382E-05 9.98382E-05 9.98382E-05 0.022813 0.00979012 0.338813 9.98382E-05 9.98382E-05 9.98382E-05 0.0014298 9.98382E-05 9.98382E-05 9.98382E-05 9.98382E-05 0.014161 9.98382E-05
0.302238 0.20327 0.0370771 9.98203E-05 9.98203E-05 9.98203E-05 9.98203E-05 0.0884402 0.0365239 9.98203E-05 9.98203E-05 9.98203E-05 9.98203E-05 9.98203E-05 0.0106591 9.98203E-05 9.98203E-05 0.0023599 0.305896 9.98203E-05 9.98203E-05 9.98203E-05 9.98203E-05 9.98203E-05 0.0115396 9.98203E-05 9.98203E-05 9.98203E-05 9.98203E-05
0.112952 0.209149 0.0286812 9.98203E-05 9.98203E-05 9.98203E-05 9.98203E-05 9.98203E-05 9.98203E-05 9.98203E-05 0.0716175 0.00944374 9.98203E-05 9.98203E-05 9.98203E-05 9.98203E-05 9.98203E-05 9.98203E-05 0.460345 9.98203E-05 9.98203E-05 9.98203E-05 9.98203E-05 9.98203E-05 0.0678886 9.98203E-05 0.0184299 0.0194968 9.98203E-05
0.232037 0.171879 0.00872566 9.98652E-05 9.98652E-05 9.98652E-05 0.0322984 0.0388821 9.98652E-05 9.98652E-05 9.98652E-05 9.98652E-05 9.98652E-05 9.98652E-05 0.030106 9.98652E-05 0.0813311 0.0024339 0.183731 9.98652E-05 0.00297071 9.98652E-05 0.0865661 9.98652E-05 0.0404932 0.0239829 9.98652E-05 0.0630653 9.98652E-05
0.0625883 0.470703 9.98292E-05 9.98292E-05 0.0398182 9.98292E-05 9.98292E-05 9.98292E-05 9.98292E-05 9.98292E-05 9.98292E-05 9.98292E-05 9.98292E-05 9.98292E-05 0.00802479 9.98292E-05 9.98292E-05 0.0594112 0.175253 9.98292E-05 0.0113636 9.98292E-05 0.0685123 9.98292E-05 0.0850171 9.98292E-05 9.98292E-05 0.0174117 9.98292E-05
9.97664E-05 9.97664E-05 9.97664E-05 9.97664E-05 9.97664E-05 9.97664E-05 9.97664E-05 9.97664E-05 9.97664E-05 9.97664E-05 9.97664E-05 9.97664E-05 9.97664E-05 9.97664E-05 0.00813887 9.97664E-05 9.97664E-05 9.97664E-05 0.978924 9.97664E-05 9.97664E-05 9.97664E-05 9.97664E-05 9.97664E-05 9.97664E-05 0.0103436 9.97664E-05 9.97664E-05 9.97664E-05
9.97754E-05 9.97754E-05 9.97754E-05 9.97754E-05 9.97754E-05 0.00981516 9.97754E-05 9.97754E-05 9.97754E-05 9.97754E-05 9.97754E-05 9.97754E-05 9.97754E-05 0.000614859 9.97754E-05 9.97754E-05 0.00873743 9.97754E-05 0.978338 9.97754E-05 9.97754E-05 9.97754E-05 9.97754E-05 9.97754E-05 9.97754E-05 9.97754E-05 9.97754E-05 9.97754E-05 9.97754E-05
9.98382E-05 9.98382E-05 9.98382E-05 0.0157747 0.00508665 0.042506 9.98382E-05 9.98382E-05 9.98382E-05 9.98382E-05 9.98382E-05 9.98382E-05 9.98382E-05 0.0152655 0.0178038 0.00416729 9.98382E-05 9.98382E-05 0.837953 0.0301653 0.0175773 0.00808796 9.98382E-05 9.98382E-05 9.98382E-05 9.98382E-05 0.00381583 9.98382E-05 9.98382E-05
9.97843E-05 9.97843E-05 9.97843E-05 9.97843E-05 9.97843E-05 0.0116194 9.97843E-05 9.97843E-05 0.0322724 9.97843E-05 9.97843E-05 9.97843E-05 9.97843E-05 9.97843E-05 9.97843E-05 9.97843E-05 9.97843E-05 9.97843E-05 0.941731 9.97843E-05 0.0102767 0.00170588 9.97843E-05 9.97843E-05 9.97843E-05 9.97843E-05 9.97843E-05 9.97843E-05 9.97843E-05
0.527202 0.200428 9.98292E-05 9.98292E-05 9.98292E-05 9.98292E-05 0.00846387 0.0297985 0.000367135 9.98292E-05 9.98292E-05 9.98292E-05 9.98292E-05 0.0523183 0.0576978 0.00315473 9.98292E-05 9.98292E-05 0.0214365 0.0972365 9.98292E-05 9.98292E-05 9.98292E-05 9.98292E-05 9.98292E-05 9.98292E-05 9.98292E-05 9.98292E-05 9.98292E-05
0.411623 0.0162925 9.98024E-05 9.98024E-05 9.98024E-05 9.98024E-05 9.98024E-05 9.98024E-05 9.98024E-05 9.98024E-05 0.238239 0.0550065 9.98024E-05 9.98024E-05 0.0831704 9.98024E-05 9.98024E-05 0.0137482 9.98024E-05 9.98024E-05 9.98024E-05 9.98024E-05 9.98024E-05 9.98024E-05 0.179725 9.98024E-05 9.98024E-05 9.98024E-05 9.98024E-05
0.300241 0.0794696 0.0162947 9.98652E-05 0.0146556 9.98652E-05 0.0300604 9.98652E-05 9.98652E-05 9.98652E-05 9.98652E-05 0.0287966 9.98652E-05 0.09002 0.00914879 9.98652E-05 9.98652E-05 9.98652E-05 0.0499573 9.98652E-05 9.98652E-05 9.98652E-05 0.0489097 0.00776967 0.17463 9.98652E-05 0.010741 0.137808 9.98652E-05
0.938535 9.97934E-05 0.00935509 9.97934E-05 9.97934E-05 9.97934E-05 9.97934E-05 9.97934E-05 9.97934E-05 9.97934E-05 9.97934E-05 9.97934E-05 9.97934E-05 9.97934E-05 0.00845769 9.97934E-05 9.97934E-05 9.97934E-05 9.97934E-05 9.97934E-05 9.97934E-05 9.97934E-05 9.97934E-05 9.97934E-05 0.0132153 0.0191403 9.97934E-05 0.00900158 9.97934E-05
0.888781 9.97934E-05 0.0199688 9.97934E-05 9.97934E-05 9.97934E-05 9.97934E-05 9.97934E-05 9.97934E-05 9.97934E-05 9.97934E-05 9.97934E-05 0.0065342 9.97934E-05 0.000161223 9.97934E-05 9.97934E-05 9.97934E-05 9.97934E-05 9.97934E-05 9.97934E-05 9.97934E-05 0.0338935 9.97934E-05 9.97934E-05 0.0483659 9.97934E-05 9.97934E-05 9.97934E-05
0.65776 0.0893975 9.98472E-05 9.98472E-05 9.98472E-05 9.98472E-05 0.0258253 9.98472E-05 0.0173785 0.0270435 0.0148395 9.98472E-05 9.98472E-05 0.00437493 9.98472E-05 9.98472E-05 0.011277 9.98472E-05 0.094332 9.98472E-05 9.98472E-05 0.00287188 9.98472E-05 9.98472E-05 9.98472E-05 9.98472E-05 9.98472E-05 0.0488678 0.00433491
0.436091 0.00507379 0.0180487 0.00664486 9.98562E-05 9.98562E-05 9.98562E-05 9.98562E-05 9.98562E-05 0.0219294 0.088786 0.00173891 9.98562E-05 9.98562E-05 0.0407223 9.98562E-05 9.98562E-05 9.98562E-05 0.0653307 0.0184431 0.00771131 9.98562E-05 9.98562E-05 0.00848431 0.279398 9.98562E-05 9.98562E-05 9.98562E-05 9.98562E-05
0.704802 0.0676582 0.0460233 9.98113E-05 9.98113E-05 0.0908042 9.98113E-05 9.98113E-05 0.0322663 9.98113E-05 9.98113E-05 9.98113E-05 9.98113E-05 9.98113E-05 0.00293687 9.98113E-05 0.0382079 9.98113E-05 0.0152048 9.98113E-05 9.98113E-05 9.98113E-05 9.98113E-05 9.98113E-05 9.98113E-05 9.98113E-05 9.98113E-05 9.98113E-05 9.98113E-05
0.906282 0.0147212 9.97934E-05 9.97934E-05 9.97934E-05 9.97934E-05 0.0220336 9.97934E-05 9.97934E-05 9.97934E-05 9.97934E-05 9.97934E-05 9.97934E-05 9.97934E-05 0.00100057 9.97934E-05 9.97934E-05 0.0110518 0.0426154 9.97934E-05 9.97934E-05 9.97934E-05 9.97934E-05 9.97934E-05 9.97934E-05 9.97934E-05 9.97934E-05 9.97934E-05 9.97934E-05
0.235481 0.291651 0.0451047 9.98652E-05 9.98652E-05 0.0306394 0.0188182 9.98652E-05 9.98652E-05 9.98652E-05 9.98652E-05 9.98652E-05 0.0558398 9.98652E-05 9.98652E-05 9.98652E-05 9.98652E-05 0.0152936 0.0221666 9.98652E-05 0.0180764 9.98652E-05 0.00382482 9.98652E-05 0.129942 9.98652E-05 0.0843366 0.00117702 0.0461508
0.786859 9.98292E-05 0.0213793 9.98292E-05 0.00294322 9.98292E-05 0.0157124 0.00913074 9.98292E-05 9.98292E-05 9.98292E-05 0.0253976 9.98292E-05 9.98292E-05 9.98292E-05 9.98292E-05 0.0489362 9.98292E-05 9.98292E-05 9.98292E-05 9.98292E-05 0.0230126 0.028317 9.98292E-05 9.98292E-05 9.98292E-05 9.98292E-05 0.0364151 9.98292E-05
0.737533 0.0295232 9.98113E-05 0.00239299 9.98113E-05 9.98113E-05 9.98113E-05 0.0605473 9.98113E-05 9.98113E-05 9.98113E-05 0.0156798 9.98113E-05 9.98113E-05 9.98113E-05 9.98113E-05 0.00230949 9.98113E-05 9.98113E-05 9.98113E-05 9.98113E-05 0.0667678 9.98113E-05 9.98113E-05 9.98113E-05 9.98113E-05 9.98113E-05 0.0831502 9.98113E-05
0.768264 9.98113E-05 9.98113E-05 9.98113E-05 0.0721562 0.0465636 9.98113E-05 9.98113E-05 9.98113E-05 0.0536767 9.98113E-05 9.98113E-05 9.98113E-05 9.98113E-05 0.0083294 9.98113E-05 9.98113E-05 9.98113E-05 9.98113E-05 9.98113E-05 0.026561 9.98113E-05 0.00266475 9.98113E-05 9.98113E-05 9.98113E-05 0.0196879 9.98113E-05 9.98113E-05
0.800233 9.98113E-05 9.98113E-05 9.98113E-05 0.0644009 0.0321112 9.98113E-05 9.98113E-05 9.98113E-05 0.0541624 9.98113E-05 9.98113E-05 9.98113E-05 9.98113E-05 0.00408894 9.98113E-05 9.98113E-05 9.98113E-05 9.98113E-05 9.98113E-05 0.0179266 9.98113E-05 0.0102801 9.98113E-05 9.98113E-05 9.98113E-05 0.0147013 9.98113E-05 9.98113E-05
0.367508 0.0751455 9.98293E-05 9.98293E-05 0.0133292 9.98293E-05 9.98293E-05 0.0317518 9.98293E-05 0.0488827 0.0649927 9.98293E-05 0.00742106 9.98293E-05 9.98293E-05 9.98293E-05 9.98293E-05 9.98293E-05 0.0599001 9.98293E-05 9.98293E-05 9.98293E-05 9.98293E-05 9.98293E-05 0.23665 9.98293E-05 9.98293E-05 9.98293E-05 0.092522
0.525487 0.306665 9.98023E-05 9.98023E-05 0.0606764 9.98023E-05 9.98023E-05 9.98023E-05 9.98023E-05 0.0132904 9.98023E-05 9.98023E-05 9.98023E-05 9.98023E-05 9.98023E-05 9.98023E-05 9.98023E-05 0.0847135 9.98023E-05 9.98023E-05 9.98023E-05 9.98023E-05 9.98023E-05 0.0061462 9.98023E-05 9.98023E-05 9.98023E-05 9.98023E-05 0.000826001
0.378182 0.123659 9.98382E-05 9.98382E-05 9.98382E-05 9.98382E-05 9.98382E-05 9.98382E-05 9.98382E-05 9.98382E-05 0.0368001 0.0206872 9.98382E-05 9.98382E-05 0.0164014 9.98382E-05 9.98382E-05 9.98382E-05 0.07456 9.98382E-05 9.98382E-05 9.98382E-05 0.0344397 0.0421773 0.21271 9.98382E-05 9.98382E-05 0.0385335 0.0200519
0.686565 0.102515 9.98203E-05 9.98203E-05 9.98203E-05 9.98203E-05 9.98203E-05 0.060773 9.98203E-05 9.98203E-05 9.98203E-05 9.98203E-05 0.0118536 9.98203E-05 9.98203E-05 9.98203E-05 9.98203E-05 0.0342559 0.0152737 9.98203E-05 9.98203E-05 9.98203E-05 9.98203E-05 0.0102353 9.98203E-05 9.98203E-05 9.98203E-05 0.0703217 0.00621047
0.762412 9.98203E-05 9.98203E-05 0.0249566 9.98203E-05 9.98203E-05 9.98203E-05 0.000488905 9.98203E-05 9.98203E-05 9.98203E-05 9.98203E-05 9.98203E-05 9.98203E-05 9.98203E-05 0.0272319 9.98203E-05 9.98203E-05 0.0587405 0.0292184 9.98203E-05 0.00769197 0.0385333 0.0487299 9.98203E-05 9.98203E-05 9.98203E-05 9.98203E-05 9.98203E-05
0.380694 0.182252 9.98473E-05 9.98473E-05 0.0497269 9.98473E-05 9.98473E-05 0.0536711 9.98473E-05 0.00201506 9.98473E-05 9.98473E-05 9.98473E-05 9.98473E-05 0.0244971 9.98473E-05 9.98473E-05 0.0127568 0.0849085 0.0035523 9.98473E-05 9.98473E-05 9.98473E-05 9.98473E-05 0.156404 0.0335895 9.98473E-05 0.0142362 9.98473E-05
9.98023E-05 0.329481 9.98023E-05 9.98023E-05 0.0145432 9.98023E-05 9.98023E-05 9.98023E-05 9.98023E-05 9.98023E-05 0.0288612 9.98023E-05 9.98023E-05 9.98023E-05 0.0456198 9.98023E-05 0.0164704 0.128261 9.98023E-05 9.98023E-05 9.98023E-05 9.98023E-05 9.98023E-05 9.98023E-05 0.434568 9.98023E-05 9.98023E-05 9.98023E-05 9.98023E-05
0.017882 0.1394 9.98203E-05 9.98203E-05 0.0420244 9.98203E-05 9.98203E-05 9.98203E-05 9.98203E-05 9.98203E-05 0.154823 0.00449887 9.98203E-05 9.98203E-05 9.98203E-05 9.98203E-05 9.98203E-05 9.98203E-05 9.98203E-05 9.98203E-05 0.0276374 0.0427464 9.98203E-05 0.0183377 0.550654 9.98203E-05 9.98203E-05 9.98203E-05 9.98203E-05
0.114366 0.284739 9.98382E-05 9.98382E-05 9.98382E-05 0.0484271 9.98382E-05 9.98382E-05 9.98382E-05 9.98382E-05 9.98382E-05 9.98382E-05 0.000694643 9.98382E-05 9.98382E-05 9.98382E-05 9.98382E-05 0.0719301 0.020156 0.00586821 9.98382E-05 0.0427353 0.00321281 9.98382E-05 0.346885 9.98382E-05 9.98382E-05 0.0591895 9.98382E-05
0.0246198 0.079892 9.98652E-05 9.98652E-05 9.98652E-05 9.98652E-05 0.0440475 9.98652E-05 0.0497021 9.98652E-05 0.100244 0.0342744 9.98652E-05 9.98652E-05 9.98652E-05 9.98652E-05 9.98652E-05 0.00113233 9.98652E-05 0.00796767 9.98652E-05 0.0425027 0.017055 0.07002 0.491122 9.98652E-05 9.98652E-05 0.0356288 0.000293936
9.98472E-05 0.326725 9.98472E-05 9.98472E-05 0.0327622 9.98472E-05 9.98472E-05 9.98472E-05 9.98472E-05 9.98472E-05 9.98472E-05 0.0495923 9.98472E-05 9.98472E-05 0.0469314 9.98472E-05 9.98472E-05 0.0133523 0.0328008 0.0355115 0.0205579 0.0732064 9.98472E-05 0.055542 0.294937 9.98472E-05 9.98472E-05 9.98472E-05 0.0163839
0.0511837 0.109638 9.98113E-05 9.98113E-05 9.98113E-05 9.98113E-05 9.98113E-05 9.98113E-05 0.0538589 9.98113E-05 9.98113E-05 0.0351906 9.98113E-05 9.98113E-05 0.0788002 9.98113E-05 0.0798344 9.98113E-05 0.0135833 9.98113E-05 9.98113E-05 9.98113E-05 9.98113E-05 9.98113E-05 0.575815 9.98113E-05 9.98113E-05 9.98113E-05 9.98113E-05
0.0456907 0.215916 9.98293E-05 9.98293E-05 9.98293E-05 0.00539262 9.98293E-05 0.000495882 9.98293E-05 9.98293E-05 0.0755317 0.00877517 0.00678968 0.00612825 9.98293E-05 9.98293E-05 9.98293E-05 9.98293E-05 9.98293E-05 9.98293E-05 9.98293E-05 9.98293E-05 9.98293E-05 9.98293E-05 0.629833 9.98293E-05 9.98293E-05 0.00354963 9.98293E-05
9.98472E-05 9.98472E-05 9.98472E-05 0.00469298 9.98472E-05 0.0185692 9.98472E-05 0.0305417 0.0358475 0.0557355 0.133822 9.98472E-05 9.98472E-05 0.000674287 9.98472E-05 9.98472E-05 9.98472E-05 9.98472E-05 9.98472E-05 9.98472E-05 0.0296835 9.98472E-05 9.98472E-05 0.0154314 0.629235 9.98472E-05 0.0298836 0.0141859 9.98472E-05
9.98382E-05 0.138839 9.98382E-05 9.98382E-05 0.00457031 0.0133938 9.98382E-05 0.00458015 9.98382E-05 9.98382E-05 0.110703 0.0622582 9.98382E-05 0.0109578 9.98382E-05 9.98382E-05 9.98382E-05 9.98382E-05 0.0217299 9.98382E-05 0.00242493 9.98382E-05 9.98382E-05 0.147421 0.481325 9.98382E-05 9.98382E-05 9.98382E-05 9.98382E-05
9.98114E-05 9.98114E-05 9.98114E-05 9.98114E-05 9.98114E-05 9.98114E-05 9.98114E-05 9.98114E-05 0.0252732 0.0658513 0.150186 9.98114E-05 9.98114E-05 9.98114E-05 9.98114E-05 9.98114E-05 9.98114E-05 9.98114E-05 9.98114E-05 0.0372728 0.0485287 0.0100628 9.98114E-05 9.98114E-05 0.646726 9.98114E-05 0.0140031 9.98114E-05 9.98114E-05
9.98024E-05 0.189975 9.98024E-05 9.98024E-05 9.98024E-05 9.98024E-05 9.98024E-05 9.98024E-05 9.98024E-05 0.0261463 0.166844 9.98024E-05 9.98024E-05 9.98024E-05 9.98024E-05 9.98024E-05 9.98024E-05 9.98024E-05 0.0124075 9.98024E-05 9.98024E-05 9.98024E-05 9.98024E-05 0.00871784 0.572275 9.98024E-05 9.98024E-05 0.0214391 9.98024E-05
9.98562E-05 0.0199382 0.013138 9.98562E-05 9.98562E-05 0.043589 9.98562E-05 9.98562E-05 9.98562E-05 9.98562E-05 0.179753 0.0173633 9.98562E-05 0.00105358 9.98562E-05 9.98562E-05 9.98562E-05 9.98562E-05 0.033823 0.0444896 0.00974766 0.0208989 0.0532349 9.98562E-05 0.557985 9.98562E-05 9.98562E-05 0.00338863 9.98562E-05
0.0153252 0.13499 9.98383E-05 0.100496 9.98383E-05 9.98383E-05 9.98383E-05 9.98383E-05 9.98383E-05 9.98383E-05 9.98383E-05 9.98383E-05 9.98383E-05 9.98383E-05 0.127019 9.98383E-05 0.0360075 9.98383E-05 9.98383E-05 9.98383E-05 9.98383E-05 9.98383E-05 0.0230778 9.98383E-05 0.441921 0.00425861 0.0465662 0.0658543 0.002688
0.108713 0.0901419 9.98293E-05 9.98293E-05 9.98293E-05 9.98293E-05 9.98293E-05 9.98293E-05 9.98293E-05 9.98293E-05 9.98293E-05 0.0451748 9.98293E-05 9.98293E-05 0.0346319 9.98293E-05 0.0262991 9.98293E-05 9.98293E-05 0.0100652 9.98293E-05 9.98293E-05 0.0171241 9.98293E-05 0.621773 9.98293E-05 9.98293E-05 0.0267646 0.0174154
0.0683429 0.21387 9.98383E-05 9.98383E-05 9.98383E-05 9.98383E-05 9.98383E-05 0.0681994 9.98383E-05 9.98383E-05 0.0446208 9.98383E-05 0.0434332 9.98383E-05 9.98383E-05 0.00523704 9.98383E-05 0.0276126 0.0239211 0.105151 9.98383E-05 9.98383E-05 9.98383E-05 9.98383E-05 0.397587 9.98383E-05 0.000227189 9.98383E-05 9.98383E-05
0.0258303 9.98652E-05 9.98652E-05 9.98652E-05 9.98652E-05 9.98652E-05 0.0565289 9.98652E-05 9.98652E-05 9.98652E-05 0.0676998 0.00793428 0.0329111 9.98652E-05 0.0453278 9.98652E-05 0.00165041 0.0147667 9.98652E-05 0.0139424 0.00223858 9.98652E-05 0.0252728 0.0546194 0.588628 9.98652E-05 0.0611513 9.98652E-05 9.98652E-05
0.201399 9.98651E-05 9.98651E-05 9.98651E-05 9.98651E-05 9.98651E-05 0.00304568 9.98651E-05 0.0173867 0.0312417 9.98651E-05 9.98651E-05 9.98651E-05 0.0287875 9.98651E-05 0.00807831 9.98651E-05 0.123814 0.011566 0.0132887 9.98651E-05 0.0535144 0.0404626 0.0278022 0.356161 9.98651E-05 9.98651E-05 9.98651E-05 0.0819546
9.98382E-05 0.264914 9.98382E-05 9.98382E-05 0.0214071 9.98382E-05 9.98382E-05 9.98382E-05 9.98382E-05 0.0264253 9.98382E-05 0.0584161 9.98382E-05 9.98382E-05 0.04143 9.98382E-05 9.98382E-05 0.00181552 9.98382E-05 0.126399 0.025302 0.00738882 9.98382E-05 0.0803352 0.34437 9.98382E-05 9.98382E-05 9.98382E-05 9.98382E-05
0.207642 9.98561E-05 9.98561E-05 9.98561E-05 9.98561E-05 9.98561E-05 0.0127735 9.98561E-05 0.0147764 0.0239424 9.98561E-05 9.98561E-05 9.98561E-05 0.0432972 9.98561E-05 9.98561E-05 9.98561E-05 0.113804 9.98561E-05 0.00151904 9.98561E-05 0.0592295 0.0318578 0.00923477 0.374436 9.98561E-05 0.0101256 9.98561E-05 0.0957644
0.0206425 0.229767 9.98472E-05 0.0766489 9.98472E-05 9.98472E-05 9.98472E-05 9.98472E-05 0.0116616 9.98472E-05 9.98472E-05 0.0189902 9.98472E-05 9.98472E-05 0.0835049 9.98472E-05 0.030293 9.98472E-05 9.98472E-05 0.0202306 9.98472E-05 9.98472E-05 0.0380332 9.98472E-05 0.378994 0.0499188 9.98472E-05 0.0396178 9.98472E-05
9.97844E-05 9.97844E-05 0.0576315 9.97844E-05 9.97844E-05 9.97844E-05 9.97844E-05 9.97844E-05 9.97844E-05 0.0602665 9.97844E-05 9.97844E-05 9.97844E-05 9.97844E-05 9.97844E-05 9.97844E-05 9.97844E-05 9.97844E-05 9.97844E-05 9.97844E-05 9.97844E-05 9.97844E-05 0.00324714 9.97844E-05 0.854776 9.97844E-05 9.97844E-05 0.0216837 9.97844E-05
9.97755E-05 9.97755E-05 0.0644322 9.97755E-05 9.97755E-05 9.97755E-05 9.97755E-05 9.97755E-05 9.97755E-05 0.061139 9.97755E-05 9.97755E-05 9.97755E-05 9.97755E-05 9.97755E-05 9.97755E-05 9.97755E-05 9.97755E-05 9.97755E-05 9.97755E-05 9.97755E-05 9.97755E-05 9.97755E-05 9.97755E-05 0.817389 9.97755E-05 9.97755E-05 0.0545454 9.97755E-05
0.112579 0.00376504 9.98114E-05 9.98114E-05 0.0402868 9.98114E-05 9.98114E-05 9.98114E-05 9.98114E-05 9.98114E-05 9.98114E-05 9.98114E-05 9.98114E-05 9.98114E-05 9.98114E-05 0.0402792 9.98114E-05 9.98114E-05 9.98114E-05 9.98114E-05 9.98114E-05 9.98114E-05 0.0429155 0.0049888 0.641713 9.98114E-05 9.98114E-05 9.98114E-05 0.111377
