0.341006 0.580628 0.0783654
0.298901 0.670046 0.0310527
0.335458 0.616507 0.0480348
0.384144 0.585246 0.0306095
0.369319 0.630581 9.9991E-05
0.18312 0.784762 0.0321177
0.22717 0.737225 0.0356054
0.474251 0.50026 0.0254891
0.328263 0.671637 9.9991E-05
0.233676 0.597027 0.169297
0.443053 0.556847 9.9991E-05
0.376012 0.591629 0.0323584
0.399432 0.600468 9.9991E-05
0.397825 0.602075 9.9991E-05
0.33826 0.626413 0.0353269
0.406849 0.593051 9.9991E-05
0.38038 0.56401 0.0556103
0.417879 0.554191 0.0279306
0.418889 0.526043 0.0550685
9.999E-05 0.9998 9.999E-05
0.0977879 0.902112 9.9991E-05
0.162278 0.821994 0.015728
0.179991 0.819909 9.9991E-05
0.151283 0.708372 0.140345
0.153523 0.820023 0.0264545
9.999E-05 0.9998 9.999E-05
0.0684859 0.931414 9.9991E-05
0.206831 0.778795 0.0143731
0.11614 0.85722 0.0266403
9.999E-05 0.9998 9.999E-05
9.9991E-05 0.994558 0.00534249
9.999E-05 0.9998 9.999E-05
9.999E-05 0.9998 9.999E-05
9.9991E-05 0.953966 0.0459344
9.999E-05 0.9998 9.999E-05
0.106552 0.777323 0.116126
0.242774 0.626197 0.131029
0.241268 0.758632 9.9991E-05
0.0653918 0.934508 9.9991E-05
0.012931 0.931484 0.0555845
9.999E-05 0.9998 9.999E-05
0.115074 0.805173 0.0797526
0.135596 0.84197 0.0224338
0.123411 0.759126 0.117464
0.190326 0.711378 0.0982966
0.142859 0.808509 0.0486324
0.0947824 0.905118 9.9991E-05
0.128836 0.871064 9.9991E-05
9.999E-05 0.9998 9.999E-05
9.999E-05 0.9998 9.999E-05
9.999E-05 0.9998 9.999E-05
9.999E-05 0.9998 9.999E-05
9.999E-05 0.9998 9.999E-05
9.999E-05 0.9998 9.999E-05
0.0159687 0.983931 9.9991E-05
9.999E-05 0.9998 9.999E-05
9.999E-05 0.9998 9.999E-05
9.999E-05 0.9998 9.999E-05
0.349243 0.650657 9.9991E-05
0.045667 0.918247 0.0360865
0.18462 0.763902 0.0514777
0.132395 0.867505 9.9991E-05
0.0739781 0.925922 9.9991E-05
0.220115 0.673258 0.106626
9.999E-05 0.9998 9.999E-05
0.0510414 0.948859 9.9991E-05
0.315396 0.684504 9.9991E-05
0.0666407 0.929197 0.00416258
0.0058861 0.950657 0.0434565
0.0344727 0.911541 0.0539861
0.0347877 0.949673 0.0155396
0.0294818 0.895296 0.0752221
0.108719 0.81846 0.0728207
9.9991E-05 0.987732 0.0121678
0.159182 0.837268 0.00355005
0.202842 0.797058 9.9991E-05
0.206369 0.793531 9.9991E-05
0.177428 0.822472 9.9991E-05
0.154066 0.845834 9.9991E-05
9.9991E-05 0.881673 0.118227
0.0958887 0.865361 0.0387502
9.999E-05 0.9998 9.999E-05
0.0494902 0.95041 9.9991E-05
0.0565255 0.943375 9.9991E-05
0.0681586 0.888849 0.0429928
0.127531 0.872369 9.9991E-05
9.999E-05 0.9998 9.999E-05
0.283087 0.716813 9.9991E-05
9.9991E-05 0.916204 0.0836964
9.9991E-05 0.910169 0.0897311
0.10017 0.864986 0.0348449
0.0706945 0.899691 0.0296149
0.101694 0.836696 0.0616105
9.9991E-05 0.967793 0.0321072
0.0245978 0.944536 0.0308657
9.999E-05 0.9998 9.999E-05
0.0408795 0.959021 9.9991E-05
0.11239 0.878734 0.00887586
0.0988037 0.815772 0.0854242
0.142911 0.737935 0.119154
0.133605 0.866295 9.9991E-05
0.27075 0.62822 0.10103
0.205827 0.705272 0.0889018
0.135827 0.848532 0.0156409
0.0682427 0.886999 0.0447584
0.343856 0.568305 0.0878387
0.16939 0.696831 0.133779
0.272797 0.617494 0.109709
0.12364 0.87626 9.9991E-05
0.276497 0.670081 0.0534223
0.221733 0.778167 9.9991E-05
0.091053 0.838903 0.0700438
0.231375 0.725638 0.0429867
0.254942 0.649788 0.0952703
0.397942 0.601958 9.9991E-05
0.202099 0.713429 0.0844725
0.39637 0.580371 0.0232589
0.210777 0.786076 0.00314624
0.18561 0.81429 9.9991E-05
0.219842 0.780058 9.9991E-05
0.17726 0.776949 0.0457909
0.218935 0.765318 0.0157472
0.315646 0.684254 9.9991E-05
0.190969 0.792805 0.0162257
0.231212 0.768688 9.9991E-05
0.136379 0.863521 9.9991E-05
0.264358 0.727561 0.00808073
0.228674 0.677407 0.0939193
0.266334 0.639703 0.093963
0.140378 0.856378 0.00324399
0.262995 0.736906 9.9991E-05
0.166191 0.80783 0.025979
0.110658 0.883214 0.00612814
0.140085 0.814484 0.0454307
0.128374 0.871526 9.9991E-05
0.074579 0.925321 9.9991E-05
9.9991E-05 0.971893 0.0280071
0.0223688 0.977531 9.9991E-05
0.0666577 0.852622 0.0807208
0.128223 0.871677 9.9991E-05
0.215591 0.758456 0.0259534
0.207461 0.790591 0.0019474
0.255932 0.731415 0.0126529
0.149721 0.83856 0.0117186
0.0555101 0.823635 0.120855
0.0211845 0.793811 0.185005
0.104276 0.819631 0.0760927
0.105148 0.894752 9.9991E-05
0.24777 0.730868 0.0213628
0.267526 0.732374 9.9991E-05
0.409834 0.554206 0.0359597
0.378407 0.520015 0.101578
0.259208 0.58465 0.156141
0.421504 0.48374 0.094756
0.709075 0.290094 0.000831107
0.627863 0.372037 9.9991E-05
0.6145 0.3854 9.9991E-05
0.636393 0.363507 9.9991E-05
0.579124 0.371589 0.0492867
0.649713 0.350187 9.9991E-05
0.617555 0.360699 0.021746
0.669932 0.329968 9.9991E-05
0.635862 0.364038 9.9991E-05
0.631017 0.368883 9.9991E-05
0.651662 0.348238 9.9991E-05
0.65144 0.34846 9.9991E-05
0.611978 0.370746 0.0172753
0.608873 0.391027 9.9991E-05
0.66052 0.33938 9.9991E-05
0.548872 0.451028 9.9991E-05
0.618593 0.381307 9.9991E-05
0.605863 0.394037 9.9991E-05
0.585008 0.358195 0.0567968
0.413263 0.500723 0.0860138
0.459731 0.485555 0.054714
0.404945 0.506812 0.088243
0.515469 0.442893 0.0416382
0.456683 0.543217 9.9991E-05
0.49954 0.482666 0.0177943
0.39836 0.504735 0.0969053
0.50124 0.449849 0.0489108
0.513656 0.382869 0.103475
0.592214 0.368604 0.0391825
0.604929 0.349019 0.0460513
0.580307 0.419593 9.9991E-05
0.496499 0.392836 0.110666
0.602777 0.338808 0.0584148
0.509992 0.392678 0.0973302
0.510082 0.369282 0.120636
0.429486 0.370769 0.199745
0.669919 0.329981 9.9991E-05
0.49509 0.39225 0.11266
0.632684 0.292919 0.0743974
0.638741 0.361159 9.9991E-05
0.564118 0.340061 0.0958212
0.600026 0.307952 0.0920217
0.7872 0.2127 9.9991E-05
0.587947 0.282414 0.129639
0.443998 0.466779 0.0892225
0.632566 0.305492 0.0619417
0.598087 0.401813 9.9991E-05
0.637975 0.301483 0.0605427
0.527568 0.425385 0.0470471
0.582453 0.352284 0.0652624
0.733108 0.230331 0.0365602
0.652619 0.328575 0.0188065
0.610539 0.323474 0.0659872
0.748711 0.251189 9.9991E-05
0.529298 0.409417 0.0612854
0.812072 0.174466 0.0134623
0.756322 0.243578 9.9991E-05
0.748192 0.251708 9.9991E-05
0.742957 0.256943 9.9991E-05
0.45257 0.430757 0.116673
0.697142 0.187926 0.114932
0.696451 0.194366 0.109183
0.612734 0.263431 0.123835
0.883567 0.116333 9.9991E-05
0.816593 0.130419 0.0529887
0.628149 0.253679 0.118172
0.628127 0.261518 0.110355
0.667286 0.280925 0.0517887
0.72546 0.263624 0.0109163
0.662616 0.337284 9.9991E-05
0.685248 0.314652 9.9991E-05
0.7273 0.2726 9.9991E-05
0.505177 0.422404 0.0724195
0.7258 0.2741 9.9991E-05
0.622856 0.318317 0.0588269
0.660091 0.238799 0.10111
0.651644 0.222871 0.125485
0.608877 0.302746 0.0883767
0.569928 0.42308 0.00699247
0.526604 0.432477 0.0409185
0.586076 0.301145 0.112779
0.532313 0.367396 0.10029
0.527981 0.362948 0.109071
0.603521 0.388784 0.00769516
0.653807 0.311233 0.0349606
0.643034 0.295399 0.0615675
0.61716 0.295131 0.0877092
0.766695 0.217271 0.0160333
0.507268 0.442657 0.0500747
0.619239 0.218432 0.16233
0.70668 0.29322 9.9991E-05
0.656936 0.187017 0.156048
0.537048 0.343529 0.119422
0.881226 0.118674 9.9991E-05
0.888845 0.104637 0.00651872
0.853414 0.0874102 0.0591758
0.92355 0.07635 9.9991E-05
0.941449 0.0584512 9.9991E-05
0.918076 0.0811822 0.000741745
0.735406 0.141049 0.123544
0.897513 0.0799436 0.0225429
0.812155 0.112699 0.0751465
0.889852 0.104664 0.0054843
0.665043 0.107652 0.227304
0.695636 0.0818444 0.222519
0.85252 0.140516 0.00696365
0.760575 0.118484 0.12094
0.714357 0.176083 0.109561
0.786349 0.128239 0.0854117
0.706438 0.131701 0.161861
0.883732 0.116168 9.9991E-05
0.811978 0.187922 9.9991E-05
0.827192 0.172708 9.9991E-05
0.696151 0.158623 0.145226
0.894948 0.0549478 0.0501041
0.893518 0.0597786 0.0467029
0.895391 0.0603917 0.0442168
0.875568 0.0195361 0.104896
0.927164 0.00323127 0.069605
0.569329 0.346575 0.0840959
0.733807 0.231812 0.0343808
0.865346 0.125586 0.00906848
0.918107 0.081793 9.9991E-05
0.862858 0.0477358 0.0894063
0.898214 0.0351957 0.0665908
0.68 0.295208 0.0247921
0.749481 0.248259 0.00226005
0.765812 0.223295 0.0108925
0.801922 0.0927505 0.105327
0.713934 0.182547 0.103518
0.713153 0.180608 0.106238
0.927319 0.072581 9.9991E-05
0.87731 0.0720443 0.050646
0.960419 0.0377142 0.00186631
0.970991 9.9991E-05 0.0289087
0.943276 0.0456441 0.01108
0.888949 0.0713944 0.039657
0.96684 0.0178146 0.0153454
0.938867 9.9991E-05 0.0610334
0.934883 9.9991E-05 0.0650167
0.932221 0.0374698 0.0303091
0.929569 0.0703305 9.9991E-05
0.957397 0.0183266 0.0242761
0.966301 9.9991E-05 0.0335991
0.915746 0.0841539 9.9991E-05
0.929717 0.0701826 9.9991E-05
0.910997 0.0889031 9.9991E-05
0.898542 0.101358 9.9991E-05
0.902188 0.0906232 0.00718844
0.906555 0.0933452 9.9991E-05
0.898349 0.101551 9.9991E-05
0.953255 0.0466447 9.9991E-05
0.9998 9.999E-05 9.999E-05
0.9998 9.999E-05 9.999E-05
0.979988 9.9991E-05 0.0199118
0.914951 0.00620232 0.0788469
0.9998 9.999E-05 9.999E-05
0.9998 9.999E-05 9.999E-05
0.7386 0.0846188 0.176781
0.759605 0.0891062 0.151289
0.749952 0.123501 0.126546
0.895535 0.0352833 0.0691819
0.965791 0.00128096 0.0329276
0.964787 0.011442 0.0237715
0.972528 0.0244563 0.00301545
0.91344 0.013447 0.0731132
0.806936 0.082939 0.110125
0.9998 9.999E-05 9.999E-05
0.9998 9.999E-05 9.999E-05
0.763051 0.169401 0.0675486
0.672819 0.19247 0.134711
0.68166 0.19306 0.125281
0.692761 0.218707 0.0885323
0.704017 0.182225 0.113758
0.747512 0.15987 0.0926176
0.721483 0.163783 0.114734
0.701978 0.179116 0.118905
0.720311 0.198358 0.0813317
0.715312 0.204325 0.0803632
0.618586 0.22238 0.159033
0.630312 0.261258 0.108429
0.664212 0.179184 0.156604
0.704213 0.177489 0.118298
0.735746 0.141025 0.12323
0.681911 0.162063 0.156027
0.69327 0.176585 0.130146
0.904285 0.0956147 9.9991E-05
0.87201 0.0961132 0.0318771
0.936601 0.0273805 0.0360185
0.943193 0.0567072 9.9991E-05
0.801669 0.0997284 0.0986027
0.92649 0.0508445 0.0226652
0.874637 0.0357793 0.089584
0.87843 0.0608508 0.0607188
0.707883 0.21895 0.0731676
0.9998 9.999E-05 9.999E-05
0.9998 9.999E-05 9.999E-05
0.9998 9.999E-05 9.999E-05
0.9998 9.999E-05 9.999E-05
0.9998 9.999E-05 9.999E-05
0.9998 9.999E-05 9.999E-05
0.9998 9.999E-05 9.999E-05
0.9998 9.999E-05 9.999E-05
0.9998 9.999E-05 9.999E-05
0.9998 9.999E-05 9.999E-05
0.9998 9.999E-05 9.999E-05
0.9998 9.999E-05 9.999E-05
0.9998 9.999E-05 9.999E-05
0.9998 9.999E-05 9.999E-05
0.9998 9.999E-05 9.999E-05
0.9998 9.999E-05 9.999E-05
0.9998 9.999E-05 9.999E-05
0.9998 9.999E-05 9.999E-05
0.9998 9.999E-05 9.999E-05
0.9998 9.999E-05 9.999E-05
0.827144 0.157583 0.0152732
0.813791 0.167316 0.018893
0.806838 0.159702 0.0334602
0.87229 0.12761 9.9991E-05
0.889783 0.110117 9.9991E-05
0.872699 0.0509407 0.0763605
0.791028 0.149156 0.0598165
0.895309 0.0342992 0.0703923
0.829568 0.145034 0.025398
0.879111 0.120789 9.9991E-05
0.890897 0.109003 9.9991E-05
0.889777 0.0454278 0.0647955
0.880951 0.118949 9.9991E-05
0.86821 0.13169 9.9991E-05
0.847583 0.0161931 0.136224
0.901432 0.0144906 0.0840774
0.652931 0.223226 0.123843
0.85737 0.118065 0.0245652
0.746423 0.184164 0.0694128
0.785277 0.123438 0.0912848
0.9998 9.999E-05 9.999E-05
0.859962 0.0633543 0.0766841
0.9403 0.02032 0.0393803
0.9998 9.999E-05 9.999E-05
0.989562 9.9991E-05 0.0103376
0.9998 9.999E-05 9.999E-05
0.998949 9.9991E-05 0.000951385
0.891405 0.0517382 0.0568566
0.947289 9.9991E-05 0.0526115
0.964214 9.9991E-05 0.0356856
0.977225 9.9991E-05 0.0226755
0.832843 0.0479989 0.119158
0.958937 0.0189196 0.022143
0.9998 9.999E-05 9.999E-05
0.929552 9.9991E-05 0.0703479
0.954057 9.9991E-05 0.045843
0.935706 9.9991E-05 0.0641942
0.96743 9.9991E-05 0.0324705
0.979186 9.9991E-05 0.0207137
0.955224 9.9991E-05 0.0446763
0.9998 9.999E-05 9.999E-05
0.9998 9.999E-05 9.999E-05
0.9998 9.999E-05 9.999E-05
0.9998 9.999E-05 9.999E-05
0.9998 9.999E-05 9.999E-05
0.9998 9.999E-05 9.999E-05
0.9998 9.999E-05 9.999E-05
0.9998 9.999E-05 9.999E-05
0.9998 9.999E-05 9.999E-05
0.9998 9.999E-05 9.999E-05
0.9998 9.999E-05 9.999E-05
0.971531 9.9991E-05 0.0283689
0.9998 9.999E-05 9.999E-05
0.9998 9.999E-05 9.999E-05
0.9998 9.999E-05 9.999E-05
0.973869 9.9991E-05 0.0260313
0.9998 9.999E-05 9.999E-05
0.989155 9.9991E-05 0.0107454
0.975145 9.9991E-05 0.0247552
0.903883 0.00398012 0.092137
0.9998 9.999E-05 9.999E-05
0.966742 9.9991E-05 0.0331585
0.959823 9.9991E-05 0.0400774
0.993359 0.00654108 9.9991E-05
0.901803 0.00160471 0.0965922
0.9998 9.999E-05 9.999E-05
0.965237 9.9991E-05 0.0346629
0.9998 9.999E-05 9.999E-05
0.999743 0.000156945 9.9991E-05
0.9998 9.999E-05 9.999E-05
0.943817 9.9991E-05 0.0560827
0.99701 9.9991E-05 0.00289025
0.947568 9.9991E-05 0.0523323
0.91785 0.0150703 0.0670801
0.940178 9.9991E-05 0.0597219
0.938612 9.9991E-05 0.0612883
0.947955 9.9991E-05 0.0519446
0.9998 9.999E-05 9.999E-05
0.954016 9.9991E-05 0.045884
0.920189 9.9991E-05 0.079711
0.9998 9.999E-05 9.999E-05
0.984718 9.9991E-05 0.0151825
0.971131 9.9991E-05 0.0287693
0.9998 9.999E-05 9.999E-05
0.959516 9.9991E-05 0.040384
0.9998 9.999E-05 9.999E-05
0.919724 0.0295774 0.0506986
0.9998 9.999E-05 9.999E-05
0.9998 9.999E-05 9.999E-05
0.954752 0.0301868 0.0150612
0.9998 9.999E-05 9.999E-05
0.807432 0.192468 9.9991E-05
0.9998 9.999E-05 9.999E-05
0.903147 0.0302588 0.0665944
0.9998 9.999E-05 9.999E-05
0.939432 0.00251018 0.0580574
0.944053 9.9991E-05 0.0558468
0.846729 0.0105535 0.142718
0.9998 9.999E-05 9.999E-05
0.991449 9.9991E-05 0.00845062
0.930811 0.0313282 0.0378609
0.9998 9.999E-05 9.999E-05
0.9998 9.999E-05 9.999E-05
0.9998 9.999E-05 9.999E-05
0.9998 9.999E-05 9.999E-05
0.9998 9.999E-05 9.999E-05
0.969793 0.0301069 9.9991E-05
0.991471 9.9991E-05 0.00842906
0.972844 0.0270562 9.9991E-05
0.865724 0.0431331 0.0911431
0.923815 9.9991E-05 0.076085
0.970817 0.00809385 0.0210893
0.93864 0.00893585 0.0524244
0.974198 0.0257025 9.9991E-05
0.930101 0.00298243 0.066917
0.791218 0.0956837 0.113099
0.791462 0.0709116 0.137626
0.852358 0.0984403 0.0492022
0.974287 9.9991E-05 0.0256129
0.915261 0.0764974 0.00824127
0.902941 0.0466634 0.0503953
0.922983 0.00680748 0.0702092
0.844186 0.064253 0.0915606
0.9998 9.999E-05 9.999E-05
0.904273 0.015572 0.0801553
0.914691 0.0598041 0.0255047
0.9998 9.999E-05 9.999E-05
0.9998 9.999E-05 9.999E-05
0.764639 0.0993305 0.13603
0.9998 9.999E-05 9.999E-05
0.822585 0.0770336 0.100382
0.9998 9.999E-05 9.999E-05
0.9998 9.999E-05 9.999E-05
0.9998 9.999E-05 9.999E-05
0.9998 9.999E-05 9.999E-05
0.9998 9.999E-05 9.999E-05
0.9998 9.999E-05 9.999E-05
0.9998 9.999E-05 9.999E-05
0.9998 9.999E-05 9.999E-05
0.908224 0.00951298 0.0822633
0.9998 9.999E-05 9.999E-05
0.9998 9.999E-05 9.999E-05
0.958684 9.9991E-05 0.0412157
0.9998 9.999E-05 9.999E-05
0.958158 9.9991E-05 0.0417416
0.79525 0.180632 0.0241182
0.900111 0.0849224 0.0149665
0.805375 0.134571 0.0600539
0.77951 0.172937 0.0475529
0.598992 0.251729 0.14928
0.715615 0.27045 0.0139354
0.781316 0.20476 0.013924
0.729406 0.170686 0.0999072
0.765813 0.176847 0.0573401
0.743672 0.207086 0.0492419
0.66815 0.226119 0.105731
0.755003 0.244897 9.9991E-05
0.710589 0.199486 0.0899251
0.751157 0.2122 0.036643
0.655407 0.211641 0.132952
0.727778 0.183629 0.0885933
0.64368 0.170531 0.185789
0.722004 0.160891 0.117105
0.779065 0.201234 0.0197008
0.963237 9.9991E-05 0.0366626
0.991089 9.9991E-05 0.0088106
0.994769 9.9991E-05 0.00513137
0.960021 9.9991E-05 0.0398788
0.963385 9.9991E-05 0.0365152
0.9998 9.999E-05 9.999E-05
0.940148 9.9991E-05 0.0597518
0.991114 9.9991E-05 0.0087856
0.752568 0.199687 0.0477445
0.972714 9.9991E-05 0.0271857
0.980271 9.9991E-05 0.0196288
0.939979 9.9991E-05 0.059921
0.995833 9.9991E-05 0.00406652
0.9998 9.999E-05 9.999E-05
0.92732 9.9991E-05 0.0725802
0.965404 9.9991E-05 0.0344956
0.968739 9.9991E-05 0.0311612
0.9998 9.999E-05 9.999E-05
0.970648 9.9991E-05 0.029252
0.974679 9.9991E-05 0.0252214
0.451187 0.132923 0.415891
0.484102 0.117898 0.397999
0.486826 0.071259 0.441915
0.569558 0.0298636 0.400579
0.432709 0.110517 0.456774
0.475547 0.141311 0.383142
0.512647 0.0344822 0.452871
0.403701 0.148026 0.448273
0.427177 0.127279 0.445544
0.161031 9.9991E-05 0.838869
9.999E-05 9.999E-05 0.9998
0.0386793 9.9991E-05 0.961221
9.999E-05 9.999E-05 0.9998
9.999E-05 9.999E-05 0.9998
9.999E-05 9.999E-05 0.9998
0.00540614 9.9991E-05 0.994494
0.0820132 9.9991E-05 0.917887
9.999E-05 9.999E-05 0.9998
0.235656 0.0409766 0.723367
0.0486949 0.0943074 0.856998
9.999E-05 9.999E-05 0.9998
9.999E-05 9.999E-05 0.9998
9.999E-05 9.999E-05 0.9998
0.0291927 9.9991E-05 0.970707
9.999E-05 9.999E-05 0.9998
0.00534199 9.9991E-05 0.994558
9.999E-05 9.999E-05 0.9998
9.999E-05 9.999E-05 0.9998
9.999E-05 9.999E-05 0.9998
9.999E-05 9.999E-05 0.9998
9.999E-05 9.999E-05 0.9998
9.999E-05 9.999E-05 0.9998
9.999E-05 9.999E-05 0.9998
9.999E-05 9.999E-05 0.9998
9.999E-05 9.999E-05 0.9998
9.999E-05 9.999E-05 0.9998
9.999E-05 9.999E-05 0.9998
9.999E-05 9.999E-05 0.9998
9.999E-05 9.999E-05 0.9998
9.999E-05 9.999E-05 0.9998
9.999E-05 9.999E-05 0.9998
0.898954 0.0461485 0.0548974
0.961471 0.0202319 0.0182967
0.981858 0.0179899 0.000151834
0.957018 0.042882 9.9991E-05
0.960372 0.034349 0.00527908
0.247145 0.0600255 0.692829
0.247038 0.0387599 0.714202
0.176224 0.0847034 0.739072
0.225953 0.0659169 0.70813
0.221959 0.0369353 0.741106
0.295726 0.0149565 0.689318
0.19066 0.0682086 0.741131
0.240838 0.048903 0.710259
0.207004 0.147665 0.645331
0.208196 0.0524535 0.73935
0.232506 0.0490254 0.718468
0.191472 0.0528812 0.755647
0.206976 0.0785888 0.714436
0.225076 0.0816241 0.6933
0.185463 0.061178 0.753359
0.299718 0.0253695 0.674913
0.241062 0.0619681 0.69697
0.241413 0.0549408 0.703646
0.184948 0.0915497 0.723502
0.8577 0.0163632 0.125937
0.76162 0.153126 0.0852543
0.750641 0.167882 0.0814771
0.859465 0.0833512 0.0571841
0.79841 0.113006 0.0885843
0.842131 0.108396 0.0494733
0.811767 0.0836549 0.104578
0.787216 0.0254681 0.187316
0.825131 0.0484767 0.126392
0.85363 0.14211 0.00426024
0.781627 0.0772752 0.141098
0.860897 0.0475352 0.0915674
0.83704 0.0473502 0.11561
0.821783 0.085693 0.0925245
0.721366 0.12068 0.157954
0.842754 0.0595316 0.0977144
0.863447 0.027083 0.10947
0.752158 0.107933 0.139909
0.80697 0.0394636 0.153567
0.748333 0.08354 0.168127
0.786576 0.00389461 0.209529
0.669175 0.0701513 0.260674
0.818009 9.9991E-05 0.181891
0.730829 0.119256 0.149914
0.714798 0.0199695 0.265233
0.730662 0.0191927 0.250146
0.724665 0.0560213 0.219314
0.695472 0.121054 0.183474
0.794826 0.0157588 0.189415
0.72346 0.0852648 0.191275
0.615969 0.183944 0.200087
0.655348 0.0375415 0.307111
0.684053 0.0415435 0.274404
0.7232 9.9991E-05 0.2767
0.624841 0.0753334 0.299825
0.563862 0.145237 0.290901
0.689115 0.101076 0.209809
0.701681 0.106257 0.192062
0.684991 0.0611609 0.253849
0.468225 0.032833 0.498942
0.581843 9.9991E-05 0.418057
0.596637 9.9991E-05 0.403263
0.567819 0.00493823 0.427243
0.589135 9.9991E-05 0.410765
0.62644 0.00195945 0.3716
0.552326 0.0617813 0.385892
0.551129 0.00513397 0.443737
0.510827 9.9991E-05 0.489073
0.55951 9.9991E-05 0.44039
0.564112 0.0187817 0.417106
0.60944 9.9991E-05 0.39046
0.60297 9.9991E-05 0.39693
0.688037 9.9991E-05 0.311863
0.539979 9.9991E-05 0.459921
0.557895 0.0143456 0.427759
0.57616 0.0492927 0.374547
0.570068 9.9991E-05 0.429832
0.681459 9.9991E-05 0.318441
0.736742 0.0391896 0.224068
0.827294 0.0283184 0.144388
0.833176 9.9991E-05 0.166724
0.851829 0.021411 0.12676
0.794482 0.0328061 0.172712
0.768993 0.0849405 0.146066
0.7368 0.115722 0.147477
0.782676 0.084999 0.132325
0.844278 0.0199848 0.135738
0.78414 0.0722696 0.143591
0.835237 0.025847 0.138916
0.701453 9.9991E-05 0.298447
0.699857 0.026281 0.273862
0.853049 0.0269801 0.119971
0.743724 0.125688 0.130588
0.689466 0.0091204 0.301414
0.648764 0.0759545 0.275281
0.728223 0.0341498 0.237627
0.77102 0.096507 0.132473
0.648111 0.112202 0.239686
