0.457586 0.0205395 0.0195659 0.0551019 9.99011E-05 0.0860852 0.023966 9.99011E-05 9.99011E-05 9.99011E-05 0.00082461 9.99011E-05 9.99011E-05 0.096968 9.99011E-05 9.99011E-05 0.0329925 0.0299783 9.99011E-05 9.99011E-05 0.118202 9.99011E-05 0.0570914
0.49426 9.98921E-05 0.0162918 0.115006 9.98921E-05 0.0546866 9.98921E-05 9.98921E-05 9.98921E-05 9.98921E-05 9.98921E-05 0.0212057 9.98921E-05 0.0727951 9.98921E-05 0.00863843 9.98921E-05 9.98921E-05 0.0117285 9.98921E-05 0.161429 0.0263575 0.0164024
0.589613 0.0170771 9.99011E-05 9.99011E-05 0.00511578 9.99011E-05 9.99011E-05 9.99011E-05 9.99011E-05 0.0740459 0.0819553 9.99011E-05 0.00244715 0.0498709 9.99011E-05 0.00057369 0.0910425 9.99011E-05 0.0308651 9.99011E-05 0.0226422 9.99011E-05 0.0336523
0.909611 9.98293E-05 9.98293E-05 0.040707 9.98293E-05 0.0363516 9.98293E-05 9.98293E-05 9.98293E-05 9.98293E-05 9.98293E-05 9.98293E-05 9.98293E-05 9.98293E-05 9.98293E-05 9.98293E-05 9.98293E-05 9.98293E-05 0.0114333 9.98293E-05 9.98293E-05 9.98293E-05 9.98293E-05
0.486296 9.99011E-05 9.99011E-05 9.99011E-05 0.0269897 9.99011E-05 0.114078 0.000814702 9.99011E-05 0.0297819 9.99011E-05 9.99011E-05 9.99011E-05 0.0203666 9.99011E-05 0.0467219 0.0395042 0.0161012 9.99011E-05 0.0276066 0.16263 9.99011E-05 0.028011
0.922921 9.98203E-05 9.98203E-05 0.0705304 9.98203E-05 9.98203E-05 9.98203E-05 9.98203E-05 9.98203E-05 9.98203E-05 9.98203E-05 9.98203E-05 0.00455228 9.98203E-05 9.98203E-05 9.98203E-05 9.98203E-05 9.98203E-05 9.98203E-05 9.98203E-05 9.98203E-05 9.98203E-05 9.98203E-05
0.971071 9.98114E-05 9.98114E-05 0.0268333 9.98114E-05 9.98114E-05 9.98114E-05 9.98114E-05 9.98114E-05 9.98114E-05 9.98114E-05 9.98114E-05 9.98114E-05 9.98114E-05 9.98114E-05 9.98114E-05 9.98114E-05 9.98114E-05 9.98114E-05 9.98114E-05 9.98114E-05 9.98114E-05 9.98114E-05
0.422328 9.99191E-05 0.0572675 0.00577447 0.0419467 9.99191E-05 0.134955 0.00244717 9.99191E-05 0.0631881 9.99191E-05 9.99191E-05 9.99191E-05 0.0368251 9.99191E-05 0.0430335 0.00139075 0.0335431 0.0886964 9.99191E-05 0.0363969 9.99191E-05 0.0313085
0.540179 9.98562E-05 9.98562E-05 0.0646079 9.98562E-05 9.98562E-05 0.169927 0.038198 0.0107906 9.98562E-05 9.98562E-05 0.0325028 9.98562E-05 9.98562E-05 9.98562E-05 9.98562E-05 9.98562E-05 9.98562E-05 9.98562E-05 9.98562E-05 0.142197 9.98562E-05 9.98562E-05
0.436213 0.0262111 9.99011E-05 0.0742993 9.99011E-05 0.015142 0.120217 0.031841 0.0471381 9.99011E-05 9.99011E-05 9.99011E-05 9.99011E-05 9.99011E-05 9.99011E-05 9.99011E-05 0.0173642 9.99011E-05 0.0223183 9.99011E-05 0.0436793 0.0278068 0.136671
0.728314 9.98652E-05 9.98652E-05 9.98652E-05 9.98652E-05 9.98652E-05 9.98652E-05 0.0361397 9.98652E-05 9.98652E-05 9.98652E-05 0.0840192 9.98652E-05 0.028563 9.98652E-05 0.0158047 0.0461717 9.98652E-05 9.98652E-05 0.0537443 9.98652E-05 0.00574513 9.98652E-05
0.583237 9.98652E-05 9.98652E-05 0.0630803 9.98652E-05 9.98652E-05 0.188394 9.98652E-05 0.00199391 0.0324068 9.98652E-05 9.98652E-05 9.98652E-05 9.98652E-05 9.98652E-05 9.98652E-05 0.00831521 9.98652E-05 9.98652E-05 9.98652E-05 0.066955 9.98652E-05 0.0541197
0.953908 0.01273 9.98382E-05 9.98382E-05 9.98382E-05 9.98382E-05 9.98382E-05 0.0080356 9.98382E-05 9.98382E-05 9.98382E-05 9.98382E-05 9.98382E-05 0.0166547 9.98382E-05 9.98382E-05 9.98382E-05 9.98382E-05 9.98382E-05 9.98382E-05 9.98382E-05 0.00687442 9.98382E-05
0.995872 9.98113E-05 9.98113E-05 9.98113E-05 0.00203246 9.98113E-05 9.98113E-05 9.98113E-05 9.98113E-05 9.98113E-05 9.98113E-05 9.98113E-05 9.98113E-05 9.98113E-05 9.98113E-05 9.98113E-05 9.98113E-05 9.98113E-05 9.98113E-05 9.98113E-05 9.98113E-05 9.98113E-05 9.98113E-05
0.992155 9.98203E-05 9.98203E-05 9.98203E-05 9.98203E-05 9.98203E-05 9.98203E-05 9.98203E-05 0.0014855 9.98203E-05 9.98203E-05 9.98203E-05 0.00436312 9.98203E-05 9.98203E-05 9.98203E-05 9.98203E-05 9.98203E-05 9.98203E-05 9.98203E-05 9.98203E-05 9.98203E-05 9.98203E-05
0.935694 9.98292E-05 0.0244747 9.98292E-05 9.98292E-05 9.98292E-05 9.98292E-05 0.00656392 9.98292E-05 9.98292E-05 9.98292E-05 9.98292E-05 0.0313708 9.98292E-05 9.98292E-05 9.98292E-05 9.98292E-05 9.98292E-05 9.98292E-05 9.98292E-05 9.98292E-05 9.98292E-05 9.98292E-05
0.665718 0.0706558 0.0117283 9.98562E-05 9.98562E-05 9.98562E-05 9.98562E-05 9.98562E-05 9.98562E-05 9.98562E-05 9.98562E-05 9.98562E-05 9.98562E-05 9.98562E-05 9.98562E-05 0.0622077 9.98562E-05 0.0347405 9.98562E-05 9.98562E-05 0.0445867 9.98562E-05 0.108765
0.649239 0.0790542 9.98831E-05 9.98831E-05 0.00774041 9.98831E-05 9.98831E-05 9.98831E-05 9.98831E-05 9.98831E-05 0.0159507 9.98831E-05 9.98831E-05 9.98831E-05 9.98831E-05 0.0584752 0.029118 0.0340277 9.98831E-05 9.98831E-05 0.0182426 0.00955363 0.0972999
0.726209 0.0477141 9.98831E-05 9.98831E-05 0.0195948 9.98831E-05 9.98831E-05 9.98831E-05 9.98831E-05 0.00464595 0.0033112 9.98831E-05 9.98831E-05 9.98831E-05 9.98831E-05 0.0256219 0.0117883 0.0121854 0.00972385 9.98831E-05 9.98831E-05 9.98831E-05 0.137907
9.98024E-05 9.98024E-05 9.98024E-05 9.98024E-05 9.98024E-05 9.98024E-05 9.98024E-05 9.98024E-05 9.98024E-05 9.98024E-05 9.98024E-05 9.98024E-05 9.98024E-05 9.98024E-05 9.98024E-05 9.98024E-05 0.997804 9.98024E-05 9.98024E-05 9.98024E-05 9.98024E-05 9.98024E-05 9.98024E-05
0.121101 9.98741E-05 0.0715091 0.0275181 9.98741E-05 0.0138223 9.98741E-05 9.98741E-05 9.98741E-05 9.98741E-05 0.0490722 9.98741E-05 9.98741E-05 0.0224819 9.98741E-05 9.98741E-05 0.264775 9.98741E-05 9.98741E-05 9.98741E-05 0.41453 0.0137925 9.98741E-05
0.0862851 9.98831E-05 0.0153832 0.0576736 9.98831E-05 0.0747226 9.98831E-05 9.98831E-05 9.98831E-05 9.98831E-05 0.00154206 0.0714918 9.98831E-05 0.030061 9.98831E-05 9.98831E-05 0.221271 9.98831E-05 0.00964766 9.98831E-05 0.430623 9.98831E-05 9.98831E-05
0.2014 9.98742E-05 9.98742E-05 0.22377 9.98742E-05 9.98742E-05 9.98742E-05 9.98742E-05 9.98742E-05 0.0146301 0.0176224 9.98742E-05 0.00922178 9.98742E-05 9.98742E-05 0.190674 0.18667 9.98742E-05 9.98742E-05 9.98742E-05 0.134612 0.0200002 9.98742E-05
0.162558 9.98831E-05 9.98831E-05 0.134406 9.98831E-05 9.98831E-05 0.105024 9.98831E-05 0.0650774 9.98831E-05 0.0469658 9.98831E-05 9.98831E-05 0.0476917 9.98831E-05 0.102632 0.129817 9.98831E-05 0.0615723 9.98831E-05 0.142958 9.98831E-05 9.98831E-05
0.0802043 9.99011E-05 0.00347776 0.242127 0.0468898 9.99011E-05 0.197608 0.0602928 9.99011E-05 9.99011E-05 0.0576462 9.99011E-05 9.99011E-05 9.99011E-05 9.99011E-05 0.0104713 0.121086 0.009769 0.0182803 9.99011E-05 0.15105 9.99011E-05 9.99011E-05
0.178076 9.98652E-05 9.98652E-05 0.0671062 0.0584949 9.98652E-05 0.0527455 9.98652E-05 9.98652E-05 9.98652E-05 9.98652E-05 9.98652E-05 9.98652E-05 9.98652E-05 9.98652E-05 0.00737013 0.255335 9.98652E-05 0.00316292 9.98652E-05 0.376212 9.98652E-05 9.98652E-05
0.0333124 9.98831E-05 0.0311666 0.222191 0.0276557 9.98831E-05 9.98831E-05 0.046009 9.98831E-05 9.98831E-05 9.98831E-05 0.0362534 9.98831E-05 9.98831E-05 9.98831E-05 0.00159227 0.259532 9.98831E-05 9.98831E-05 9.98831E-05 0.299015 0.0419744 9.98831E-05
0.123426 0.0167688 9.98831E-05 0.0789361 9.98831E-05 0.0423772 0.0925825 9.98831E-05 9.98831E-05 9.98831E-05 0.0531662 0.00537038 9.98831E-05 0.00777058 9.98831E-05 9.98831E-05 0.136129 9.98831E-05 9.98831E-05 9.98831E-05 0.442176 9.98831E-05 9.98831E-05
0.168601 9.98741E-05 9.98741E-05 0.0580626 9.98741E-05 0.00510645 0.0954052 9.98741E-05 9.98741E-05 9.98741E-05 0.0429254 0.00565008 9.98741E-05 0.0279491 9.98741E-05 9.98741E-05 0.156204 9.98741E-05 9.98741E-05 9.98741E-05 0.438698 9.98741E-05 9.98741E-05
9.98023E-05 9.98023E-05 9.98023E-05 9.98023E-05 9.98023E-05 9.98023E-05 9.98023E-05 9.98023E-05 9.98023E-05 9.98023E-05 9.98023E-05 9.98023E-05 9.98023E-05 9.98023E-05 9.98023E-05 9.98023E-05 0.997804 9.98023E-05 9.98023E-05 9.98023E-05 9.98023E-05 9.98023E-05 9.98023E-05
9.98203E-05 9.98203E-05 9.98203E-05 9.98203E-05 9.98203E-05 9.98203E-05 9.98203E-05 0.00939872 9.98203E-05 9.98203E-05 9.98203E-05 9.98203E-05 9.98203E-05 9.98203E-05 9.98203E-05 0.00345458 0.98515 9.98203E-05 9.98203E-05 9.98203E-05 9.98203E-05 9.98203E-05 9.98203E-05
9.98203E-05 9.98203E-05 9.98203E-05 9.98203E-05 9.98203E-05 9.98203E-05 9.98203E-05 9.98203E-05 9.98203E-05 9.98203E-05 0.00488125 9.98203E-05 9.98203E-05 9.98203E-05 9.98203E-05 9.98203E-05 0.988413 0.00470906 9.98203E-05 9.98203E-05 9.98203E-05 9.98203E-05 9.98203E-05
9.98024E-05 9.98024E-05 9.98024E-05 9.98024E-05 9.98024E-05 9.98024E-05 9.98024E-05 9.98024E-05 9.98024E-05 9.98024E-05 9.98024E-05 9.98024E-05 9.98024E-05 9.98024E-05 9.98024E-05 9.98024E-05 0.997804 9.98024E-05 9.98024E-05 9.98024E-05 9.98024E-05 9.98024E-05 9.98024E-05
9.98383E-05 9.98383E-05 9.98383E-05 9.98383E-05 0.00641551 9.98383E-05 9.98383E-05 9.98383E-05 0.0338334 9.98383E-05 9.98383E-05 9.98383E-05 9.98383E-05 0.0259121 9.98383E-05 9.98383E-05 0.905135 9.98383E-05 9.98383E-05 9.98383E-05 0.0269066 9.98383E-05 9.98383E-05
0.00760506 9.98383E-05 9.98383E-05 9.98383E-05 9.98383E-05 9.98383E-05 9.98383E-05 9.98383E-05 9.98383E-05 9.98383E-05 9.98383E-05 9.98383E-05 9.98383E-05 0.00647848 9.98383E-05 0.0119781 0.953244 9.98383E-05 9.98383E-05 0.0188968 9.98383E-05 9.98383E-05 9.98383E-05
0.00827715 0.0597221 9.99011E-05 0.167172 0.00527306 9.99011E-05 0.0759603 9.99011E-05 9.99011E-05 0.117757 9.99011E-05 9.99011E-05 9.99011E-05 0.0270518 9.99011E-05 0.117338 0.178687 9.99011E-05 0.0375541 0.0107156 0.193393 9.99011E-05 9.99011E-05
0.0860337 0.0318605 9.9928E-05 0.137481 0.0292566 0.0464855 0.0399219 9.9928E-05 9.9928E-05 0.0565176 0.0162909 0.0141336 0.0856499 0.0290324 9.9928E-05 9.9928E-05 0.167412 9.9928E-05 0.0224696 9.9928E-05 0.13018 0.106475 9.9928E-05
0.228541 9.98742E-05 9.98742E-05 0.207813 0.015711 9.98742E-05 9.98742E-05 9.98742E-05 9.98742E-05 0.0138362 0.0514815 9.98742E-05 9.98742E-05 9.98742E-05 9.98742E-05 0.226124 0.148903 9.98742E-05 9.98742E-05 9.98742E-05 0.0737113 0.0324808 9.98742E-05
0.0635815 9.98472E-05 9.98472E-05 0.101783 0.0120767 9.98472E-05 9.98472E-05 9.98472E-05 9.98472E-05 9.98472E-05 9.98472E-05 9.98472E-05 0.0619234 9.98472E-05 9.98472E-05 9.98472E-05 9.98472E-05 0.0579648 9.98472E-05 9.98472E-05 0.700974 9.98472E-05 9.98472E-05
0.115003 9.98921E-05 9.98921E-05 0.0903169 0.0803783 9.98921E-05 0.0811314 0.00902418 0.00225404 9.98921E-05 0.00351031 0.0252415 0.0646137 9.98921E-05 9.98921E-05 9.98921E-05 9.98921E-05 9.98921E-05 9.98921E-05 0.0112621 0.516066 9.98921E-05 9.98921E-05
0.0858116 9.98741E-05 9.98741E-05 0.127753 0.106439 9.98741E-05 0.0300882 9.98741E-05 0.0480671 9.98741E-05 9.98741E-05 0.00212291 0.00400328 9.98741E-05 9.98741E-05 9.98741E-05 0.0219518 9.98741E-05 9.98741E-05 9.98741E-05 0.572364 9.98741E-05 9.98741E-05
0.176032 0.00113663 9.98742E-05 0.00524731 9.98742E-05 9.98742E-05 9.98742E-05 9.98742E-05 9.98742E-05 9.98742E-05 9.98742E-05 9.98742E-05 9.98742E-05 9.98742E-05 9.98742E-05 9.98742E-05 0.0483267 9.98742E-05 0.0304709 0.0428338 0.56506 0.0886383 0.040856
0.0548357 9.99011E-05 9.99011E-05 9.99011E-05 0.0312146 9.99011E-05 9.99011E-05 9.99011E-05 0.0256974 0.0329514 0.00246179 9.99011E-05 0.0265036 0.0359671 9.99011E-05 0.00407065 0.00535821 0.0631752 9.99011E-05 9.99011E-05 0.69591 0.020756 9.99011E-05
9.98921E-05 0.079984 9.98921E-05 9.98921E-05 0.0129746 9.98921E-05 0.0572968 9.98921E-05 0.0100218 0.066352 0.0440489 9.98921E-05 0.000441092 9.98921E-05 9.98921E-05 0.0143986 9.98921E-05 0.0260003 0.0199131 9.98921E-05 0.66737 9.98921E-05 9.98921E-05
0.0383173 0.0938027 0.0149025 9.99101E-05 9.99101E-05 9.99101E-05 9.99101E-05 9.99101E-05 9.99101E-05 9.99101E-05 9.99101E-05 9.99101E-05 0.0336291 0.065797 0.00456256 0.00504644 0.0519118 0.0274489 0.0127486 9.99101E-05 0.549528 0.015834 0.0854716
0.0660514 9.98831E-05 9.98831E-05 9.98831E-05 0.0434993 9.98831E-05 9.98831E-05 9.98831E-05 9.98831E-05 9.98831E-05 0.012505 9.98831E-05 9.98831E-05 0.0201723 9.98831E-05 0.0255746 0.061533 0.0515058 0.00760654 9.98831E-05 0.576175 9.98831E-05 0.134079
0.0438841 9.98832E-05 9.98832E-05 0.030192 0.0306103 0.0287508 0.0399878 0.0216125 9.98832E-05 9.98832E-05 0.0528317 9.98832E-05 9.98832E-05 9.98832E-05 9.98832E-05 9.98832E-05 0.0252908 9.98832E-05 9.98832E-05 9.98832E-05 0.708621 0.0169207 9.98832E-05
0.0490768 9.98562E-05 9.98562E-05 9.98562E-05 9.98562E-05 9.98562E-05 0.159997 0.0162975 9.98562E-05 9.98562E-05 9.98562E-05 9.98562E-05 9.98562E-05 9.98562E-05 9.98562E-05 0.0893521 0.0337038 9.98562E-05 9.98562E-05 9.98562E-05 0.645628 0.0043474 9.98562E-05
9.98114E-05 9.98114E-05 9.98114E-05 9.98114E-05 0.992102 9.98114E-05 0.00580176 9.98114E-05 9.98114E-05 9.98114E-05 9.98114E-05 9.98114E-05 9.98114E-05 9.98114E-05 9.98114E-05 9.98114E-05 9.98114E-05 9.98114E-05 9.98114E-05 9.98114E-05 9.98114E-05 9.98114E-05 9.98114E-05
9.98472E-05 0.0021475 9.98472E-05 9.98472E-05 0.94321 9.98472E-05 9.98472E-05 9.98472E-05 9.98472E-05 9.98472E-05 0.0292003 9.98472E-05 9.98472E-05 0.00741286 9.98472E-05 0.000685419 9.98472E-05 9.98472E-05 9.98472E-05 9.98472E-05 0.0156461 9.98472E-05 9.98472E-05
9.98024E-05 9.98024E-05 9.98024E-05 9.98024E-05 0.997804 9.98024E-05 9.98024E-05 9.98024E-05 9.98024E-05 9.98024E-05 9.98024E-05 9.98024E-05 9.98024E-05 9.98024E-05 9.98024E-05 9.98024E-05 9.98024E-05 9.98024E-05 9.98024E-05 9.98024E-05 9.98024E-05 9.98024E-05 9.98024E-05
9.98024E-05 9.98024E-05 9.98024E-05 9.98024E-05 0.997804 9.98024E-05 9.98024E-05 9.98024E-05 9.98024E-05 9.98024E-05 9.98024E-05 9.98024E-05 9.98024E-05 9.98024E-05 9.98024E-05 9.98024E-05 9.98024E-05 9.98024E-05 9.98024E-05 9.98024E-05 9.98024E-05 9.98024E-05 9.98024E-05
9.98203E-05 9.98203E-05 9.98203E-05 9.98203E-05 0.991304 9.98203E-05 9.98203E-05 9.98203E-05 9.98203E-05 9.98203E-05 9.98203E-05 9.98203E-05 9.98203E-05 9.98203E-05 9.98203E-05 9.98203E-05 9.98203E-05 9.98203E-05 9.98203E-05 9.98203E-05 9.98203E-05 0.00238623 0.00431377
9.98024E-05 9.98024E-05 9.98024E-05 9.98024E-05 0.997804 9.98024E-05 9.98024E-05 9.98024E-05 9.98024E-05 9.98024E-05 9.98024E-05 9.98024E-05 9.98024E-05 9.98024E-05 9.98024E-05 9.98024E-05 9.98024E-05 9.98024E-05 9.98024E-05 9.98024E-05 9.98024E-05 9.98024E-05 9.98024E-05
9.98472E-05 0.0233857 9.98472E-05 9.98472E-05 0.945353 9.98472E-05 9.98472E-05 0.016356 0.00377094 9.98472E-05 9.98472E-05 9.98472E-05 9.98472E-05 9.98472E-05 9.98472E-05 9.98472E-05 9.98472E-05 0.000132742 9.98472E-05 9.98472E-05 9.98472E-05 9.98472E-05 0.00930455
9.98114E-05 9.98114E-05 9.98114E-05 9.98114E-05 0.990194 9.98114E-05 9.98114E-05 9.98114E-05 9.98114E-05 9.98114E-05 9.98114E-05 9.98114E-05 9.98114E-05 9.98114E-05 9.98114E-05 9.98114E-05 0.00771016 9.98114E-05 9.98114E-05 9.98114E-05 9.98114E-05 9.98114E-05 9.98114E-05
9.98024E-05 9.98024E-05 9.98024E-05 9.98024E-05 0.997804 9.98024E-05 9.98024E-05 9.98024E-05 9.98024E-05 9.98024E-05 9.98024E-05 9.98024E-05 9.98024E-05 9.98024E-05 9.98024E-05 9.98024E-05 9.98024E-05 9.98024E-05 9.98024E-05 9.98024E-05 9.98024E-05 9.98024E-05 9.98024E-05
0.104633 9.98383E-05 9.98383E-05 0.0949637 0.151982 9.98383E-05 9.98383E-05 9.98383E-05 9.98383E-05 9.98383E-05 9.98383E-05 9.98383E-05 9.98383E-05 9.98383E-05 9.98383E-05 9.98383E-05 9.98383E-05 9.98383E-05 0.0313467 9.98383E-05 0.615277 9.98383E-05 9.98383E-05
0.052682 9.98921E-05 0.00498483 0.319992 0.0249912 0.0690623 9.98921E-05 0.0671387 9.98921E-05 0.023329 9.98921E-05 9.98921E-05 9.98921E-05 9.98921E-05 0.11447 9.98921E-05 9.98921E-05 0.051374 9.98921E-05 0.00561492 0.265162 9.98921E-05 9.98921E-05
9.98832E-05 9.98832E-05 9.98832E-05 0.414143 0.0647919 0.0101437 0.157457 9.98832E-05 9.98832E-05 9.98832E-05 9.98832E-05 0.00116101 9.98832E-05 0.0422635 9.98832E-05 9.98832E-05 0.00512869 9.98832E-05 0.000800422 9.98832E-05 0.254612 9.98832E-05 0.0482004
0.106819 9.98742E-05 9.98742E-05 0.347572 9.98742E-05 9.98742E-05 0.0231946 0.0891819 0.0494136 0.0965678 9.98742E-05 0.00477303 0.0114527 9.98742E-05 9.98742E-05 9.98742E-05 9.98742E-05 9.98742E-05 9.98742E-05 9.98742E-05 0.269627 9.98742E-05 9.98742E-05
9.98831E-05 9.98831E-05 9.98831E-05 0.439314 0.019099 0.00482933 9.98831E-05 9.98831E-05 9.98831E-05 0.000486848 9.98831E-05 9.98831E-05 0.0484788 9.98831E-05 9.98831E-05 9.98831E-05 0.0786549 0.00630423 9.98831E-05 0.0294058 0.308132 9.98831E-05 0.0639972
0.103392 9.98741E-05 9.98741E-05 0.280012 0.00619442 9.98741E-05 0.0538082 9.98741E-05 9.98741E-05 9.98741E-05 9.98741E-05 9.98741E-05 9.98741E-05 0.0688403 9.98741E-05 0.0540495 0.0542569 9.98741E-05 9.98741E-05 9.98741E-05 0.369157 0.00889076 9.98741E-05
0.0478538 0.00885042 0.0180105 0.0778376 0.0205114 0.0182965 0.076482 0.0111606 0.0803126 9.9946E-05 0.0193246 0.0300197 0.00260838 0.0795819 9.9946E-05 0.0279253 0.102289 9.9946E-05 9.9946E-05 0.0430799 0.335256 9.9946E-05 9.9946E-05
9.98114E-05 9.98114E-05 9.98114E-05 0.984594 9.98114E-05 9.98114E-05 9.98114E-05 9.98114E-05 9.98114E-05 9.98114E-05 9.98114E-05 9.98114E-05 9.98114E-05 9.98114E-05 9.98114E-05 9.98114E-05 0.01331 9.98114E-05 9.98114E-05 9.98114E-05 9.98114E-05 9.98114E-05 9.98114E-05
0.0564671 0.0179635 9.98741E-05 0.841654 9.98741E-05 9.98741E-05 0.0162941 9.98741E-05 9.98741E-05 9.98741E-05 9.98741E-05 0.0236525 9.98741E-05 9.98741E-05 9.98741E-05 0.0256638 0.00867422 0.00350903 9.98741E-05 0.00472381 9.98741E-05 9.98741E-05 9.98741E-05
0.0298837 9.99011E-05 0.00858535 0.344887 0.0208728 0.0638381 9.99011E-05 0.0373465 0.0452949 9.99011E-05 0.00216429 9.99011E-05 9.99011E-05 9.99011E-05 0.0670046 9.99011E-05 9.99011E-05 0.0545208 9.99011E-05 0.0129735 0.31153 9.99011E-05 9.99011E-05
0.0720548 0.00972877 9.98831E-05 0.793323 9.98831E-05 9.98831E-05 0.023906 0.0308195 9.98831E-05 9.98831E-05 9.98831E-05 0.00103007 9.98831E-05 9.98831E-05 9.98831E-05 0.018254 0.011048 9.98831E-05 9.98831E-05 9.98831E-05 0.0257809 9.98831E-05 0.0127565
0.0178933 0.0824595 9.98653E-05 0.683156 0.0213486 9.98653E-05 9.98653E-05 0.031203 9.98653E-05 0.00423655 9.98653E-05 0.0064271 9.98653E-05 9.98653E-05 9.98653E-05 9.98653E-05 9.98653E-05 9.98653E-05 9.98653E-05 9.98653E-05 0.151778 9.98653E-05 9.98653E-05
0.0324404 0.085324 9.98562E-05 0.658491 0.0214745 9.98562E-05 9.98562E-05 0.0419284 9.98562E-05 9.98562E-05 9.98562E-05 9.98562E-05 9.98562E-05 0.000845088 9.98562E-05 9.98562E-05 9.98562E-05 9.98562E-05 9.98562E-05 9.98562E-05 0.157899 9.98562E-05 9.98562E-05
9.98382E-05 0.0693156 9.98382E-05 0.652527 0.0286457 9.98382E-05 9.98382E-05 0.0473787 9.98382E-05 9.98382E-05 9.98382E-05 9.98382E-05 9.98382E-05 9.98382E-05 9.98382E-05 9.98382E-05 9.98382E-05 9.98382E-05 9.98382E-05 9.98382E-05 0.200336 9.98382E-05 9.98382E-05
0.0113782 9.98472E-05 9.98472E-05 0.60674 9.98472E-05 9.98472E-05 0.148107 9.98472E-05 0.0327961 9.98472E-05 0.025864 9.98472E-05 9.98472E-05 9.98472E-05 9.98472E-05 9.98472E-05 9.98472E-05 9.98472E-05 9.98472E-05 9.98472E-05 0.173418 9.98472E-05 9.98472E-05
0.0661913 0.0386811 9.98831E-05 0.486513 0.0386251 9.98831E-05 9.98831E-05 0.0126219 9.98831E-05 0.124391 9.98831E-05 9.98831E-05 9.98831E-05 9.98831E-05 0.00339616 9.98831E-05 0.0832801 9.98831E-05 0.000132206 9.98831E-05 0.144869 9.98831E-05 9.98831E-05
0.0646835 9.98652E-05 9.98652E-05 0.293591 0.0133449 9.98652E-05 0.00108276 0.0561984 9.98652E-05 9.98652E-05 9.98652E-05 9.98652E-05 9.98652E-05 0.0547481 9.98652E-05 9.98652E-05 0.0699132 9.98652E-05 9.98652E-05 9.98652E-05 0.444941 9.98652E-05 9.98652E-05
9.98292E-05 9.98292E-05 9.98292E-05 0.9399 9.98292E-05 9.98292E-05 9.98292E-05 9.98292E-05 9.98292E-05 9.98292E-05 9.98292E-05 9.98292E-05 9.98292E-05 9.98292E-05 0.0157537 9.98292E-05 9.98292E-05 9.98292E-05 9.98292E-05 9.98292E-05 9.98292E-05 0.00216857 0.0402814
9.98112E-05 9.98112E-05 9.98112E-05 0.93857 9.98112E-05 9.98112E-05 9.98112E-05 9.98112E-05 9.98112E-05 9.98112E-05 9.98112E-05 9.98112E-05 9.98112E-05 9.98112E-05 9.98112E-05 9.98112E-05 9.98112E-05 9.98112E-05 9.98112E-05 9.98112E-05 9.98112E-05 9.98112E-05 0.0593344
9.98472E-05 9.98472E-05 0.0417944 0.811111 0.0187143 9.98472E-05 9.98472E-05 9.98472E-05 9.98472E-05 9.98472E-05 9.98472E-05 9.98472E-05 9.98472E-05 9.98472E-05 9.98472E-05 9.98472E-05 9.98472E-05 9.98472E-05 0.00961317 9.98472E-05 9.98472E-05 0.0179501 0.0991197
9.98292E-05 9.98292E-05 9.98292E-05 0.882353 9.98292E-05 9.98292E-05 9.98292E-05 9.98292E-05 9.98292E-05 9.98292E-05 9.98292E-05 9.98292E-05 9.98292E-05 9.98292E-05 9.98292E-05 9.98292E-05 9.98292E-05 9.98292E-05 0.0101706 9.98292E-05 9.98292E-05 0.0177574 0.0878226
0.00911305 9.98741E-05 0.0721849 0.190714 0.088061 9.98741E-05 9.98741E-05 9.98741E-05 9.98741E-05 0.0254813 9.98741E-05 9.98741E-05 0.0284423 9.98741E-05 0.0361613 9.98741E-05 9.98741E-05 9.98741E-05 9.98741E-05 0.0100555 0.538389 9.98741E-05 9.98741E-05
9.98562E-05 9.98562E-05 9.98562E-05 0.00813645 0.108689 9.98562E-05 0.275351 0.0340368 0.0251367 9.98562E-05 9.98562E-05 9.98562E-05 9.98562E-05 9.98562E-05 9.98562E-05 9.98562E-05 9.98562E-05 9.98562E-05 0.0110583 9.98562E-05 0.535994 9.98562E-05 9.98562E-05
0.139203 9.99011E-05 9.99011E-05 0.122529 0.0176809 9.99011E-05 9.99011E-05 9.99011E-05 0.0408429 9.99011E-05 0.0195976 0.0623191 0.025125 0.024871 0.0334684 9.99011E-05 0.0538618 9.99011E-05 0.00221356 9.99011E-05 0.457189 9.99011E-05 9.99011E-05
9.98562E-05 9.98562E-05 9.98562E-05 0.146011 0.0690372 9.98562E-05 0.0194874 9.98562E-05 9.98562E-05 9.98562E-05 9.98562E-05 0.00154203 9.98562E-05 9.98562E-05 9.98562E-05 9.98562E-05 0.0473087 9.98562E-05 9.98562E-05 0.00683936 0.708177 9.98562E-05 9.98562E-05
0.0130046 9.98831E-05 9.98831E-05 0.156622 0.0860745 0.0121439 9.98831E-05 0.0245203 9.98831E-05 9.98831E-05 0.00281895 0.0212047 9.98831E-05 9.98831E-05 9.98831E-05 9.98831E-05 0.0884713 9.98831E-05 9.98831E-05 0.00520333 0.588638 9.98831E-05 9.98831E-05
0.0609064 9.98742E-05 9.98742E-05 0.299925 0.0280616 9.98742E-05 0.044162 9.98742E-05 9.98742E-05 0.0177356 9.98742E-05 0.00637898 0.0552309 9.98742E-05 9.98742E-05 0.00349559 9.98742E-05 9.98742E-05 9.98742E-05 9.98742E-05 0.482706 9.98742E-05 9.98742E-05
9.98652E-05 9.98652E-05 9.98652E-05 0.194035 0.0464893 9.98652E-05 0.096804 9.98652E-05 0.034923 9.98652E-05 9.98652E-05 0.0419729 9.98652E-05 9.98652E-05 9.98652E-05 0.00705198 9.98652E-05 0.0537749 9.98652E-05 9.98652E-05 0.523451 9.98652E-05 9.98652E-05
9.98831E-05 9.98831E-05 0.000872897 0.222556 0.0637091 9.98831E-05 9.98831E-05 0.00246342 9.98831E-05 0.00370274 9.98831E-05 9.98831E-05 9.98831E-05 9.98831E-05 0.00875559 9.98831E-05 0.00411035 0.0950304 9.98831E-05 9.98831E-05 0.512872 9.98831E-05 0.084629
9.98383E-05 9.98383E-05 9.98383E-05 0.279609 0.0498948 9.98383E-05 9.98383E-05 0.00359634 9.98383E-05 9.98383E-05 9.98383E-05 9.98383E-05 0.0425795 9.98383E-05 9.98383E-05 9.98383E-05 9.98383E-05 9.98383E-05 9.98383E-05 9.98383E-05 0.622523 9.98383E-05 9.98383E-05
0.0135945 9.99191E-05 9.99191E-05 0.0891045 0.0153719 0.0342603 0.0408226 0.0292206 9.99191E-05 0.0265281 0.071961 9.99191E-05 0.0371849 9.99191E-05 0.0420816 9.99191E-05 0.0363928 9.99191E-05 0.000567171 9.99191E-05 0.518426 9.99191E-05 0.0435849
0.0280707 0.0476248 9.98921E-05 0.191629 0.0330917 9.98921E-05 9.98921E-05 9.98921E-05 0.0154876 0.016282 9.98921E-05 0.0267212 9.98921E-05 9.98921E-05 9.98921E-05 9.98921E-05 0.0365463 0.0172821 9.98921E-05 9.98921E-05 0.541176 0.0448895 9.98921E-05
0.0661635 0.111487 9.98741E-05 0.204578 0.0355805 9.98741E-05 9.98741E-05 9.98741E-05 0.022755 9.98741E-05 9.98741E-05 0.0265828 9.98741E-05 9.98741E-05 9.98741E-05 9.98741E-05 0.0241513 9.98741E-05 9.98741E-05 9.98741E-05 0.483007 0.0242955 9.98741E-05
9.99191E-05 9.99191E-05 0.00748105 0.0298007 0.113336 9.99191E-05 0.0042078 0.0110043 9.99191E-05 9.99191E-05 9.99191E-05 0.010146 0.00368463 0.0654946 9.99191E-05 0.025292 0.0671975 0.0277652 0.00587722 9.99191E-05 0.563347 9.99191E-05 0.064467
9.99191E-05 9.99191E-05 9.99191E-05 0.0453315 0.0834296 9.99191E-05 0.0309343 0.0143478 9.99191E-05 0.0107137 0.0119632 9.99191E-05 0.00953456 0.0698957 9.99191E-05 0.0247548 0.0703035 0.000732607 0.0137402 9.99191E-05 0.589869 9.99191E-05 0.02355
9.98742E-05 0.0685299 9.98742E-05 0.0948739 0.0185364 0.0256978 9.98742E-05 9.98742E-05 9.98742E-05 9.98742E-05 9.98742E-05 0.0385211 9.98742E-05 0.017966 9.98742E-05 0.0508976 9.98742E-05 0.051918 9.98742E-05 9.98742E-05 0.631661 9.98742E-05 9.98742E-05
9.98562E-05 9.98562E-05 9.98562E-05 0.135529 0.0397595 9.98562E-05 9.98562E-05 0.099175 9.98562E-05 9.98562E-05 9.98562E-05 0.0314619 9.98562E-05 0.0425 9.98562E-05 9.98562E-05 0.0165878 9.98562E-05 9.98562E-05 9.98562E-05 0.633389 9.98562E-05 9.98562E-05
0.0380364 9.98741E-05 9.98741E-05 0.165736 0.0123965 0.00348049 9.98741E-05 0.017145 0.0246909 9.98741E-05 9.98741E-05 0.0711224 9.98741E-05 9.98741E-05 9.98741E-05 9.98741E-05 0.0433142 9.98741E-05 9.98741E-05 9.98741E-05 0.62268 9.98741E-05 9.98741E-05
0.054329 0.0511861 9.98741E-05 0.17189 0.0568163 9.98741E-05 9.98741E-05 0.0208818 9.98741E-05 9.98741E-05 9.98741E-05 0.0275719 0.00338116 9.98741E-05 9.98741E-05 9.98741E-05 0.0207857 9.98741E-05 9.98741E-05 9.98741E-05 0.59176 9.98741E-05 9.98741E-05
9.98562E-05 9.98562E-05 9.98562E-05 0.34056 0.0206101 9.98562E-05 9.98562E-05 9.98562E-05 9.98562E-05 9.98562E-05 9.98562E-05 0.103464 0.0218977 0.00138081 9.98562E-05 9.98562E-05 0.0984351 9.98562E-05 9.98562E-05 9.98562E-05 0.412054 9.98562E-05 9.98562E-05
0.0194667 0.0574671 0.0147904 0.210845 0.0341027 9.98742E-05 9.98742E-05 0.0237569 9.98742E-05 9.98742E-05 9.98742E-05 9.98742E-05 9.98742E-05 0.0559972 9.98742E-05 0.0178105 9.98742E-05 9.98742E-05 9.98742E-05 9.98742E-05 0.564365 9.98742E-05 9.98742E-05
9.98741E-05 9.98741E-05 9.98741E-05 9.98741E-05 0.0382695 9.98741E-05 0.0661182 0.0968133 0.0278704 0.0185703 9.98741E-05 9.98741E-05 9.98741E-05 0.0207271 9.98741E-05 9.98741E-05 9.98741E-05 9.98741E-05 0.00864907 9.98741E-05 0.689578 0.0320054 9.98741E-05
9.98562E-05 0.00809648 9.98562E-05 9.98562E-05 9.98562E-05 9.98562E-05 0.162876 9.98562E-05 9.98562E-05 9.98562E-05 9.98562E-05 0.0444445 9.98562E-05 0.0422984 9.98562E-05 9.98562E-05 9.98562E-05 9.98562E-05 0.0366561 9.98562E-05 0.619992 0.0840385 9.98562E-05
0.100564 9.98831E-05 9.98831E-05 0.0182438 9.98831E-05 0.0021572 9.98831E-05 0.0274282 9.98831E-05 9.98831E-05 9.98831E-05 9.98831E-05 9.98831E-05 9.98831E-05 9.98831E-05 9.98831E-05 0.0156102 0.0142592 9.98831E-05 0.0131865 0.716683 0.0488917 0.0416784
0.0400677 9.99011E-05 0.0358366 9.99011E-05 9.99011E-05 9.99011E-05 0.0849617 0.00830003 0.0443921 9.99011E-05 9.99011E-05 0.0780489 0.0572245 9.99011E-05 0.0125763 9.99011E-05 0.0121776 0.0285603 9.99011E-05 9.99011E-05 0.538311 0.0584444 9.99011E-05
9.99101E-05 9.99101E-05 0.0324341 0.0166038 0.0461915 0.00439767 9.99101E-05 0.0488956 0.088574 9.99101E-05 0.0291689 0.0369019 9.99101E-05 0.0673738 9.99101E-05 0.00124242 9.99101E-05 9.99101E-05 0.00639473 9.99101E-05 0.563575 0.0572474 9.99101E-05
9.98741E-05 9.98741E-05 0.0363877 9.98741E-05 0.0485382 9.98741E-05 9.98741E-05 9.98741E-05 0.0208185 0.13956 0.0251899 9.98741E-05 9.98741E-05 0.0202801 9.98741E-05 9.98741E-05 9.98741E-05 9.98741E-05 0.00293872 0.0187498 0.686139 9.98741E-05 9.98741E-05
0.00225342 0.0199805 9.98562E-05 9.98562E-05 9.98562E-05 0.0344486 0.100977 9.98562E-05 0.00191467 9.98562E-05 0.0299235 9.98562E-05 9.98562E-05 9.98562E-05 9.98562E-05 9.98562E-05 9.98562E-05 9.98562E-05 9.98562E-05 9.98562E-05 0.808904 9.98562E-05 9.98562E-05
0.0134753 0.0206991 9.99191E-05 9.99191E-05 9.99191E-05 9.99191E-05 0.132966 9.99191E-05 0.00099285 9.99191E-05 0.0668981 0.0144742 9.99191E-05 0.00836512 0.0893525 0.0674318 9.99191E-05 0.00295711 0.0262039 9.99191E-05 0.482462 0.0018054 0.0710176
9.98741E-05 0.0191333 9.98741E-05 9.98741E-05 9.98741E-05 9.98741E-05 0.137752 9.98741E-05 0.0477934 9.98741E-05 9.98741E-05 0.150004 0.00544985 9.98741E-05 9.98741E-05 0.00894701 9.98741E-05 0.00218864 9.98741E-05 9.98741E-05 0.603911 9.98741E-05 0.0234221
0.0143586 0.0595098 9.98831E-05 9.98831E-05 9.98831E-05 9.98831E-05 0.168644 9.98831E-05 9.98831E-05 9.98831E-05 0.0619335 9.98831E-05 9.98831E-05 9.98831E-05 0.0297447 0.0897115 9.98831E-05 0.0409476 0.0341197 9.98831E-05 0.487841 9.98831E-05 0.0118918
0.0408607 9.98562E-05 9.98562E-05 9.98562E-05 9.98562E-05 9.98562E-05 0.236316 9.98562E-05 0.0444021 9.98562E-05 0.00539157 9.98562E-05 9.98562E-05 9.98562E-05 9.98562E-05 0.0237432 0.0058736 9.98562E-05 9.98562E-05 9.98562E-05 0.641815 9.98562E-05 9.98562E-05
0.0399082 9.98831E-05 0.0562969 0.0164545 9.98831E-05 9.98831E-05 0.238181 9.98831E-05 0.0164717 9.98831E-05 9.98831E-05 9.98831E-05 9.98831E-05 9.98831E-05 9.98831E-05 9.98831E-05 0.0438125 9.98831E-05 0.00150335 9.98831E-05 0.459077 0.0375802 0.0894161
0.0480563 9.98652E-05 9.98652E-05 9.98652E-05 0.107277 9.98652E-05 9.98652E-05 9.98652E-05 9.98652E-05 0.0682208 0.0238106 9.98652E-05 9.98652E-05 9.98652E-05 9.98652E-05 0.0303959 0.0186505 0.1227 9.98652E-05 9.98652E-05 0.579391 9.98652E-05 9.98652E-05
0.0335857 9.98473E-05 9.98473E-05 9.98473E-05 0.0174283 0.0407987 9.98473E-05 9.98473E-05 0.0686792 0.119896 9.98473E-05 9.98473E-05 9.98473E-05 9.98473E-05 9.98473E-05 9.98473E-05 9.98473E-05 9.98473E-05 9.98473E-05 9.98473E-05 0.717915 9.98473E-05 9.98473E-05
9.98832E-05 0.0698853 0.0968897 0.0486711 9.98832E-05 0.0348249 0.0676724 0.0274661 9.98832E-05 9.98832E-05 9.98832E-05 9.98832E-05 9.98832E-05 0.0171441 9.98832E-05 9.98832E-05 9.98832E-05 9.98832E-05 9.98832E-05 0.0374336 0.583127 0.0155872 9.98832E-05
9.99101E-05 9.99101E-05 9.99101E-05 9.99101E-05 0.0348229 0.00983233 0.0109556 0.0114495 9.99101E-05 9.99101E-05 0.0770975 0.0682311 0.0874184 9.99101E-05 0.0609683 9.99101E-05 0.000238735 9.99101E-05 0.00294848 9.99101E-05 0.571289 0.0274238 0.0363251
9.991E-05 9.991E-05 0.0275115 0.0282137 9.991E-05 9.991E-05 9.991E-05 0.134879 9.991E-05 9.991E-05 9.991E-05 0.0799817 0.0201651 9.991E-05 0.027132 0.0370924 0.0420959 0.0558868 9.991E-05 0.0243723 0.463453 0.0395567 0.0186603
0.00332127 9.99101E-05 0.094388 0.00149906 0.0469003 9.99101E-05 9.99101E-05 9.99101E-05 0.108274 9.99101E-05 9.99101E-05 0.01315 9.99101E-05 0.0516001 9.99101E-05 0.0431976 0.00920137 9.99101E-05 0.00874969 0.0079583 0.569575 0.0411861 9.99101E-05
9.99201E-05 9.99201E-05 0.00778432 0.00447642 0.0020265 9.99201E-05 9.99201E-05 0.152108 9.99201E-05 9.99201E-05 0.00719968 0.0366154 0.0286132 9.99201E-05 0.0649229 0.0318223 0.0370359 0.0533507 9.99201E-05 0.0126212 0.48818 0.0459648 0.0264794
0.00227323 9.98652E-05 9.98652E-05 9.98652E-05 0.0724846 9.98652E-05 9.98652E-05 9.98652E-05 0.0465434 0.0443182 0.024856 9.98652E-05 9.98652E-05 9.98652E-05 9.98652E-05 9.98652E-05 0.0439033 0.192225 9.98652E-05 9.98652E-05 0.571898 9.98652E-05 9.98652E-05
0.152066 9.98562E-05 0.0468958 0.0873592 9.98562E-05 9.98562E-05 9.98562E-05 9.98562E-05 9.98562E-05 9.98562E-05 9.98562E-05 9.98562E-05 9.98562E-05 9.98562E-05 9.98562E-05 0.103952 0.0109686 0.1021 9.98562E-05 9.98562E-05 0.495061 9.98562E-05 9.98562E-05
0.144994 9.98652E-05 0.0610319 0.0737682 9.98652E-05 0.000839962 9.98652E-05 9.98652E-05 9.98652E-05 9.98652E-05 9.98652E-05 9.98652E-05 9.98652E-05 9.98652E-05 9.98652E-05 0.135361 9.98652E-05 0.0863627 0.000319632 9.98652E-05 0.495826 9.98652E-05 9.98652E-05
0.0285858 0.048103 9.98921E-05 0.00106942 9.98921E-05 9.98921E-05 9.98921E-05 9.98921E-05 9.98921E-05 9.98921E-05 9.98921E-05 0.0433649 0.0156464 0.0501107 9.98921E-05 0.0104946 0.0501306 9.98921E-05 9.98921E-05 0.0861693 0.621333 9.98921E-05 0.0437935
0.000277186 9.98832E-05 9.98832E-05 9.98832E-05 9.98832E-05 9.98832E-05 9.98832E-05 9.98832E-05 9.98832E-05 9.98832E-05 0.00262964 0.0345101 0.0434955 0.0473379 9.98832E-05 9.98832E-05 0.0203249 0.0666541 9.98832E-05 0.0525539 0.707851 9.98832E-05 0.0230669
0.018381 0.0347388 9.98741E-05 9.98741E-05 0.0132119 9.98741E-05 9.98741E-05 9.98741E-05 9.98741E-05 9.98741E-05 0.0355895 9.98741E-05 9.98741E-05 9.98741E-05 9.98741E-05 0.1882 9.98741E-05 0.0445259 9.98741E-05 0.036483 0.563631 9.98741E-05 0.0638405
9.99011E-05 9.99011E-05 0.0356369 0.0146681 0.00727498 9.99011E-05 0.130775 9.99011E-05 9.99011E-05 9.99011E-05 9.99011E-05 0.0453043 9.99011E-05 9.99011E-05 9.99011E-05 0.0295365 0.0774647 0.0303103 0.010247 9.99011E-05 0.541137 0.00126971 0.0752767
0.0460768 0.00994615 9.98921E-05 9.98921E-05 0.0220267 9.98921E-05 9.98921E-05 9.98921E-05 9.98921E-05 9.98921E-05 0.0295901 9.98921E-05 9.98921E-05 9.98921E-05 0.0254641 0.13539 0.00836743 0.0322621 9.98921E-05 0.0233884 0.610094 9.98921E-05 0.0561964
0.137424 9.98831E-05 9.98831E-05 9.98831E-05 9.98831E-05 0.0170643 9.98831E-05 9.98831E-05 9.98831E-05 9.98831E-05 0.000768525 0.0116433 9.98831E-05 0.0130914 0.061036 9.98831E-05 0.0115413 0.0245524 9.98831E-05 9.98831E-05 0.703176 9.98831E-05 0.0184042
0.00136779 9.98921E-05 9.98921E-05 9.98921E-05 9.98921E-05 0.00249261 0.11008 9.98921E-05 0.00347924 9.98921E-05 9.98921E-05 0.0493022 9.98921E-05 0.0518554 9.98921E-05 0.0890755 9.98921E-05 0.0860944 9.98921E-05 0.000526434 0.573125 0.0314027 9.98921E-05
9.98921E-05 0.0173007 9.98921E-05 9.98921E-05 0.000750474 9.98921E-05 9.98921E-05 9.98921E-05 0.03309 0.04536 0.0851678 9.98921E-05 9.98921E-05 0.0805851 0.0329764 0.0606408 9.98921E-05 9.98921E-05 0.000680242 9.98921E-05 0.605324 0.0369262 9.98921E-05
9.98741E-05 0.0362939 9.98741E-05 9.98741E-05 0.0086688 9.98741E-05 9.98741E-05 9.98741E-05 0.028834 9.98741E-05 0.0501798 9.98741E-05 9.98741E-05 0.085412 0.113347 0.0612608 9.98741E-05 9.98741E-05 9.98741E-05 0.0260896 0.588515 9.98741E-05 9.98741E-05
0.171682 9.98741E-05 9.98741E-05 9.98741E-05 9.98741E-05 9.98741E-05 9.98741E-05 9.98741E-05 9.98741E-05 0.0210534 0.0022127 9.98741E-05 0.0171743 9.98741E-05 9.98741E-05 0.0843064 0.0370623 0.0426221 0.0192228 9.98741E-05 0.603266 9.98741E-05 9.98741E-05
9.98742E-05 9.98742E-05 9.98742E-05 9.98742E-05 0.0128955 9.98742E-05 9.98742E-05 9.98742E-05 9.98742E-05 9.98742E-05 0.0526935 9.98742E-05 9.98742E-05 0.0662606 0.0176136 0.0484259 9.98742E-05 0.0843679 0.0127685 9.98742E-05 0.626242 9.98742E-05 0.0773338
9.98741E-05 0.0166316 0.0459781 0.0174086 9.98741E-05 0.0373745 9.98741E-05 0.0603438 9.98741E-05 0.0181004 9.98741E-05 0.0459385 9.98741E-05 0.0264397 9.98741E-05 9.98741E-05 9.98741E-05 9.98741E-05 9.98741E-05 9.98741E-05 0.730386 9.98741E-05 9.98741E-05
9.98921E-05 9.98921E-05 0.000900037 0.0567327 9.98921E-05 0.00633511 0.0554355 0.00258666 0.00550806 0.0436138 9.98921E-05 9.98921E-05 9.98921E-05 0.0238282 9.98921E-05 9.98921E-05 9.98921E-05 9.98921E-05 9.98921E-05 0.00300192 0.75106 9.98921E-05 0.0497988
0.113644 9.99101E-05 9.99101E-05 9.99101E-05 0.00462672 0.0269899 9.99101E-05 0.00184753 0.0115829 0.0617294 9.99101E-05 0.00768077 0.00880867 9.99101E-05 0.037341 0.0147679 9.99101E-05 9.99101E-05 0.0213815 9.99101E-05 0.677765 0.0108358 9.99101E-05
9.98831E-05 9.98831E-05 9.98831E-05 0.0258445 0.00399402 0.0194776 0.093148 9.98831E-05 9.98831E-05 0.0374736 9.98831E-05 9.98831E-05 9.98831E-05 0.0113685 9.98831E-05 0.0972876 0.00744646 9.98831E-05 9.98831E-05 0.0201633 0.682498 9.98831E-05 9.98831E-05
0.085249 9.98652E-05 9.98652E-05 9.98652E-05 9.98652E-05 0.0280092 9.98652E-05 0.038165 9.98652E-05 9.98652E-05 9.98652E-05 0.0363109 9.98652E-05 0.011681 9.98652E-05 0.045583 0.029568 9.98652E-05 9.98652E-05 9.98652E-05 0.723936 9.98652E-05 9.98652E-05
0.0298522 9.98741E-05 9.98741E-05 0.229645 9.98741E-05 0.0334143 9.98741E-05 9.98741E-05 0.02216 0.0278354 9.98741E-05 9.98741E-05 0.0144437 0.0113513 9.98741E-05 9.98741E-05 9.98741E-05 9.98741E-05 9.98741E-05 9.98741E-05 0.6298 9.98741E-05 9.98741E-05
9.98562E-05 9.98562E-05 9.98562E-05 0.0645898 0.0359231 9.98562E-05 9.98562E-05 0.0170057 9.98562E-05 0.091426 9.98562E-05 9.98562E-05 9.98562E-05 9.98562E-05 9.98562E-05 9.98562E-05 0.0178517 0.0481247 9.98562E-05 9.98562E-05 0.723481 9.98562E-05 9.98562E-05
0.022717 0.0520709 0.0322185 0.00289389 9.98921E-05 0.0268293 0.0611644 9.98921E-05 9.98921E-05 9.98921E-05 9.98921E-05 9.98921E-05 0.0376281 0.0339058 9.98921E-05 0.014094 0.0117065 9.98921E-05 9.98921E-05 9.98921E-05 0.703573 9.98921E-05 9.98921E-05
9.98741E-05 9.98741E-05 9.98741E-05 0.0744504 0.0165641 0.036125 9.98741E-05 9.98741E-05 9.98741E-05 9.98741E-05 0.00951582 9.98741E-05 0.0191203 9.98741E-05 0.117305 0.0102472 0.00585719 9.98741E-05 9.98741E-05 9.98741E-05 0.709417 9.98741E-05 9.98741E-05
0.0574604 0.0661778 0.0653158 0.047224 9.99011E-05 0.0277317 9.99011E-05 0.0362711 0.00577566 9.99011E-05 9.99011E-05 9.99011E-05 0.0523623 0.00363893 9.99011E-05 9.99011E-05 0.043377 9.99011E-05 9.99011E-05 9.99011E-05 0.587993 0.0055731 9.99011E-05
0.060751 0.0636127 9.98831E-05 0.0792062 9.98831E-05 9.98831E-05 9.98831E-05 9.98831E-05 9.98831E-05 0.0156658 9.98831E-05 0.0917355 0.00010114 9.98831E-05 9.98831E-05 0.095653 0.0127487 9.98831E-05 9.98831E-05 9.98831E-05 0.559965 0.019262 9.98831E-05
0.077311 0.0127011 0.0230323 0.0730699 9.9928E-05 0.00274449 0.0832496 0.000805341 0.0497516 9.9928E-05 0.0208017 9.9928E-05 9.9928E-05 9.9928E-05 0.00581194 9.9928E-05 0.00215999 0.0657352 9.9928E-05 0.0245649 0.528677 0.0287848 9.9928E-05
0.0161203 0.00222646 0.0129799 9.99011E-05 0.0351686 0.00517241 0.0758631 0.0190672 9.99011E-05 0.00847143 9.99011E-05 9.99011E-05 9.99011E-05 9.99011E-05 9.99011E-05 0.0786253 0.0518488 9.99011E-05 9.99011E-05 9.99011E-05 0.650547 9.99011E-05 0.0428101
0.00300874 0.0510363 9.98651E-05 9.98651E-05 9.98651E-05 0.0100197 0.0858004 9.98651E-05 9.98651E-05 9.98651E-05 9.98651E-05 9.98651E-05 9.98651E-05 9.98651E-05 9.98651E-05 9.98651E-05 9.98651E-05 0.0117842 0.0541712 9.98651E-05 0.712997 9.98651E-05 0.0696846
0.0599854 0.0203055 0.0116853 0.0191845 9.98741E-05 0.0296401 0.127304 9.98741E-05 9.98741E-05 9.98741E-05 9.98741E-05 0.0489636 9.98741E-05 9.98741E-05 9.98741E-05 9.98741E-05 9.98741E-05 9.98741E-05 0.0562526 9.98741E-05 0.625281 9.98741E-05 9.98741E-05
9.98831E-05 9.98831E-05 9.98831E-05 0.0355923 0.0163381 0.0174141 0.0552996 9.98831E-05 9.98831E-05 0.0189574 0.0427775 0.0762651 9.98831E-05 0.0385421 9.98831E-05 0.0132337 9.98831E-05 9.98831E-05 9.98831E-05 9.98831E-05 0.684282 9.98831E-05 9.98831E-05
0.00197747 9.98831E-05 9.98831E-05 0.0748219 0.0065676 0.0513186 9.98831E-05 0.0119096 9.98831E-05 0.0196742 9.98831E-05 9.98831E-05 9.98831E-05 9.98831E-05 9.98831E-05 0.0119693 0.00768953 9.98831E-05 9.98831E-05 9.98831E-05 0.772113 0.0406604 9.98831E-05
0.0115022 9.98831E-05 0.00837898 0.0834272 0.00614871 9.98831E-05 0.088307 9.98831E-05 9.98831E-05 0.0490886 9.98831E-05 9.98831E-05 0.066463 9.98831E-05 9.98831E-05 0.055608 9.98831E-05 9.98831E-05 9.98831E-05 9.98831E-05 0.535562 0.0942154 9.98831E-05
9.98832E-05 0.0348953 0.0781077 0.0609898 9.98832E-05 9.98832E-05 9.98832E-05 9.98832E-05 9.98832E-05 9.98832E-05 9.98832E-05 9.98832E-05 0.0166741 0.0068226 0.0118614 0.0396777 9.98832E-05 0.0526062 9.98832E-05 0.00663248 0.690434 9.98832E-05 9.98832E-05
9.9928E-05 9.9928E-05 9.9928E-05 0.0134869 0.025169 9.9928E-05 0.219086 0.0212856 0.00640301 0.0571416 9.9928E-05 0.0145581 0.0101351 0.0457292 0.0436122 0.0891952 9.9928E-05 9.9928E-05 0.00377245 9.9928E-05 0.363946 0.0454578 0.0402225
0.0532172 0.0411583 9.9919E-05 9.9919E-05 0.00132724 9.9919E-05 0.00460708 0.0560494 0.0429464 0.0396402 0.00864128 0.0194975 9.9919E-05 0.00753186 0.270932 0.0293261 9.9919E-05 0.00883109 9.9919E-05 9.9919E-05 0.415395 9.9919E-05 9.9919E-05
0.0398693 0.0600386 0.00571989 9.991E-05 9.991E-05 9.991E-05 0.0884099 0.0434742 0.00439782 9.991E-05 9.991E-05 0.10425 9.991E-05 0.01879 9.991E-05 0.0233684 9.991E-05 9.991E-05 0.0204371 9.991E-05 0.463152 0.0154783 0.111615
9.98921E-05 9.98921E-05 9.98921E-05 9.98921E-05 0.0592284 9.98921E-05 9.98921E-05 0.0425712 9.98921E-05 0.0660417 0.0468023 9.98921E-05 0.0910776 9.98921E-05 0.117812 0.0184211 9.98921E-05 0.106545 0.0397979 9.98921E-05 0.403527 0.00697751 9.98921E-05
9.98472E-05 9.98472E-05 9.98472E-05 9.98472E-05 9.98472E-05 0.00855163 9.98472E-05 9.98472E-05 9.98472E-05 9.98472E-05 0.0249482 9.98472E-05 0.00593781 9.98472E-05 9.98472E-05 0.901111 9.98472E-05 9.98472E-05 9.98472E-05 0.0394954 9.98472E-05 0.0182589 9.98472E-05
