0.384491 0.548163 0.0673459
0.493716 0.506184 9.9991E-05
0.397986 0.58743 0.0145838
0.437139 0.485989 0.0768719
0.584105 0.415795 9.9991E-05
0.367248 0.560508 0.0722438
0.505161 0.402158 0.0926816
0.528251 0.458313 0.0134363
0.467061 0.532839 9.9991E-05
0.476439 0.523461 9.9991E-05
0.446983 0.37717 0.175847
0.158502 0.841398 9.9991E-05
0.152108 0.737737 0.110155
0.227436 0.70313 0.0694345
0.3882 0.556875 0.0549249
0.213968 0.785932 9.9991E-05
9.9991E-05 0.718161 0.281739
0.110807 0.889093 9.9991E-05
0.249272 0.677051 0.0736772
0.344894 0.655006 9.9991E-05
0.386292 0.532695 0.0810131
9.9991E-05 0.530006 0.469894
0.140552 0.708107 0.15134
0.199745 0.634695 0.16556
0.09616 0.229796 0.674044
0.208957 0.240689 0.550353
0.240662 0.247026 0.512312
0.176915 0.399467 0.423618
9.9991E-05 0.278917 0.720983
0.0562198 0.664136 0.279644
0.111155 0.452751 0.436094
0.00478579 0.36049 0.634725
0.298182 0.436022 0.265795
0.124621 0.797232 0.0781466
0.23453 0.663802 0.101668
0.0897696 0.796502 0.113728
0.123865 0.744239 0.131896
0.31176 0.554801 0.133439
9.999E-05 0.9998 9.999E-05
0.13913 0.821851 0.039019
0.0778144 0.769063 0.153122
0.0541095 0.859742 0.0861481
0.165867 0.775888 0.0582456
9.9991E-05 0.751607 0.248293
0.205817 0.686952 0.107231
0.120932 0.481086 0.397982
0.0366048 0.533869 0.429527
0.103957 0.448477 0.447566
9.9991E-05 0.740692 0.259208
0.0580394 0.83782 0.10414
0.0935617 0.59189 0.314548
0.142513 0.838938 0.0185488
9.9991E-05 0.97248 0.0274197
0.261347 0.286626 0.452027
0.084966 0.819727 0.0953072
0.199841 0.614803 0.185356
0.135857 0.364874 0.499269
9.9991E-05 0.726152 0.273748
0.0221002 0.651384 0.326516
0.0482109 0.934175 0.0176138
9.9991E-05 0.978054 0.0218461
0.0222315 0.619474 0.358294
0.115082 0.145632 0.739286
0.131121 0.124326 0.744553
0.072341 0.130455 0.797204
0.281108 0.0497524 0.66914
0.24053 0.0512027 0.708267
0.0618623 0.029913 0.908225
0.010491 0.0127312 0.976778
0.383492 9.9991E-05 0.616408
0.159186 9.9991E-05 0.840714
0.0555868 0.0165347 0.927879
0.284826 0.0367263 0.678447
0.184062 0.273787 0.542151
0.0351528 0.101612 0.863235
0.168787 0.067891 0.763322
0.243573 9.9991E-05 0.756327
0.305733 0.181424 0.512843
0.183918 0.194999 0.621083
0.184042 0.365349 0.45061
0.247955 9.9991E-05 0.751945
0.153324 0.185169 0.661507
0.0270208 0.15476 0.818219
0.235496 0.0700017 0.694502
0.240558 9.9991E-05 0.759342
0.0780792 0.198042 0.723879
0.158425 0.00165429 0.839921
0.0515035 0.190481 0.758016
9.9991E-05 0.0625473 0.937353
0.0944001 9.9991E-05 0.9055
9.9991E-05 0.076882 0.923018
0.0353658 0.106814 0.85782
9.9991E-05 0.593517 0.406383
9.9991E-05 0.17571 0.82419
9.999E-05 9.999E-05 0.9998
9.9991E-05 0.0561381 0.943762
0.0969827 0.0632711 0.839746
0.0721651 0.14133 0.786505
0.239805 0.110948 0.649247
0.111114 0.185777 0.703108
0.0388417 9.9991E-05 0.961058
0.0133871 0.0338851 0.952728
9.9991E-05 0.232575 0.767325
9.999E-05 9.999E-05 0.9998
0.10269 9.9991E-05 0.89721
0.0501067 0.00328504 0.946608
0.474387 0.150996 0.374617
0.423153 9.9991E-05 0.576747
0.363569 0.00612635 0.630305
0.359618 9.9991E-05 0.640282
0.788849 0.0367054 0.174445
0.573319 0.133704 0.292977
0.726867 0.07862 0.194513
0.618243 0.354988 0.0267693
0.547136 0.0606264 0.392238
0.680321 0.319579 9.9991E-05
0.522424 0.477476 9.9991E-05
0.525862 9.9991E-05 0.474038
0.658616 0.260246 0.0811379
0.720003 0.143792 0.136206
0.72201 0.120301 0.157689
0.671118 0.1157 0.213182
0.733397 0.19954 0.0670627
0.669142 0.157863 0.172996
0.789386 0.142722 0.0678912
0.749837 0.0965826 0.15358
0.753158 0.239728 0.00711412
0.763872 0.200618 0.0355105
0.914769 0.0851313 9.9991E-05
0.561617 0.162539 0.275844
0.702319 0.297581 9.9991E-05
0.840857 0.0507202 0.108423
0.709937 0.220555 0.0695078
0.862491 0.122272 0.0152376
0.806374 0.0824395 0.111186
0.835861 0.164039 9.9991E-05
0.856587 0.0669326 0.0764806
0.674236 0.104811 0.220953
0.926591 0.0498424 0.0235668
0.795844 9.9991E-05 0.204056
0.62532 0.108913 0.265766
0.91342 9.9991E-05 0.0864801
0.986025 9.9991E-05 0.0138748
0.854226 0.132903 0.0128713
0.88147 9.9991E-05 0.11843
0.742702 0.231113 0.0261848
0.856321 0.077607 0.0660721
0.815838 0.184062 9.9991E-05
0.751886 0.248014 9.9991E-05
0.828859 0.144396 0.0267451
0.777985 0.221915 9.9991E-05
0.828941 0.169832 0.00122794
0.826526 0.173374 9.9991E-05
0.673403 0.226023 0.100574
0.763355 0.236545 9.9991E-05
0.636499 0.133456 0.230045
0.809266 0.116068 0.0746669
0.805815 0.194085 9.9991E-05
0.87277 0.04144 0.0857895
0.750877 0.124828 0.124295
0.836542 0.136015 0.0274434
0.852178 0.147722 9.9991E-05
0.816732 0.0117553 0.171513
0.742965 0.0923612 0.164674
0.966153 0.0148454 0.019002
0.939615 9.9991E-05 0.0602848
0.979968 0.0199323 9.9991E-05
0.955359 0.0445407 9.9991E-05
0.909701 9.9991E-05 0.090199
0.953278 0.0466223 9.9991E-05
0.987225 0.00771369 0.00506131
0.933498 9.9991E-05 0.0664021
0.926448 0.0484305 0.0251213
0.600994 0.134428 0.264578
0.894549 0.105351 9.9991E-05
0.741793 0.258107 9.9991E-05
0.813145 9.9991E-05 0.186755
0.981182 9.9991E-05 0.0187178
0.9998 9.999E-05 9.999E-05
0.97546 0.0244399 9.9991E-05
0.974883 9.9991E-05 0.0250173
0.9998 9.999E-05 9.999E-05
0.956547 0.0337038 0.0097492
0.9998 9.999E-05 9.999E-05
0.846658 0.0530616 0.10028
0.807176 0.0205415 0.172283
0.949766 9.9991E-05 0.0501344
0.9998 9.999E-05 9.999E-05
0.841704 9.9991E-05 0.158196
0.930207 0.0696933 9.9991E-05
0.864044 9.9991E-05 0.135856
0.989764 9.9991E-05 0.0101359
0.897452 0.0885799 0.0139683
0.943611 9.9991E-05 0.0562888
0.970118 9.9991E-05 0.0297819
0.9998 9.999E-05 9.999E-05
0.9998 9.999E-05 9.999E-05
0.9998 9.999E-05 9.999E-05
0.9998 9.999E-05 9.999E-05
0.9998 9.999E-05 9.999E-05
0.9998 9.999E-05 9.999E-05
0.9998 9.999E-05 9.999E-05
0.9998 9.999E-05 9.999E-05
0.9998 9.999E-05 9.999E-05
0.9998 9.999E-05 9.999E-05
0.9998 9.999E-05 9.999E-05
0.9998 9.999E-05 9.999E-05
0.9998 9.999E-05 9.999E-05
0.9998 9.999E-05 9.999E-05
0.9998 9.999E-05 9.999E-05
0.9998 9.999E-05 9.999E-05
0.9998 9.999E-05 9.999E-05
0.9998 9.999E-05 9.999E-05
0.9998 9.999E-05 9.999E-05
0.953634 0.0462665 9.9991E-05
0.945198 9.9991E-05 0.0547022
0.9998 9.999E-05 9.999E-05
0.9998 9.999E-05 9.999E-05
0.951951 9.9991E-05 0.0479486
0.9998 9.999E-05 9.999E-05
0.950357 9.9991E-05 0.0495435
0.9998 9.999E-05 9.999E-05
0.9998 9.999E-05 9.999E-05
0.9998 9.999E-05 9.999E-05
0.880308 0.119592 9.9991E-05
0.9998 9.999E-05 9.999E-05
0.897146 0.102754 9.9991E-05
0.9998 9.999E-05 9.999E-05
0.847956 0.0437616 0.108282
0.894727 9.9991E-05 0.105173
0.866681 9.9991E-05 0.133219
0.85624 9.9991E-05 0.14366
0.897655 0.00211729 0.100228
0.9998 9.999E-05 9.999E-05
0.873398 0.0636521 0.0629501
0.984551 9.9991E-05 0.0153489
0.9998 9.999E-05 9.999E-05
0.798683 0.154885 0.0464321
0.829101 0.170799 9.9991E-05
0.9998 9.999E-05 9.999E-05
0.958021 0.0418791 9.9991E-05
0.936262 0.0288007 0.0349371
