9.9973E-05 0.126961 9.9973E-05 9.9973E-05 0.103867 0.0698533 0.660789 0.0341845 0.00404496
0.124635 0.0107861 9.9964E-05 0.0793531 9.9964E-05 9.9964E-05 0.775874 9.9964E-05 0.00895173
9.993E-05 9.993E-05 9.993E-05 9.993E-05 9.993E-05 9.993E-05 0.999201 9.993E-05 9.993E-05
0.0921799 0.11183 0.0127994 9.9973E-05 9.9973E-05 0.0453066 0.723513 9.9973E-05 0.0140703
9.9955E-05 0.123725 9.9955E-05 0.124322 9.9955E-05 9.9955E-05 0.726587 9.9955E-05 0.024866
9.9946E-05 0.128234 9.9946E-05 9.9946E-05 9.9946E-05 0.063923 0.807244 9.9946E-05 9.9946E-05
9.9964E-05 0.177007 9.9964E-05 9.9964E-05 0.112155 0.0132247 0.6313 9.9964E-05 0.0659137
9.9937E-05 9.9937E-05 9.9937E-05 0.101632 9.9937E-05 9.9937E-05 0.897668 9.9937E-05 9.9937E-05
9.9964E-05 9.9964E-05 0.114231 0.0529935 9.9964E-05 0.0200654 0.772408 0.0399026 9.9964E-05
0.0437355 9.9946E-05 9.9946E-05 0.093198 9.9946E-05 9.9946E-05 0.862467 9.9946E-05 9.9946E-05
9.9946E-05 9.9946E-05 9.9946E-05 0.118053 0.116115 9.9946E-05 0.765233 9.9946E-05 9.9946E-05
0.680855 9.9946E-05 9.9946E-05 9.9946E-05 9.9946E-05 9.9946E-05 0.301183 0.0173615 9.9946E-05
0.574919 9.9973E-05 9.9973E-05 0.0693847 0.0179553 0.0784263 0.216717 0.0422975 9.9973E-05
0.52332 0.192575 0.0791181 9.9964E-05 9.9964E-05 9.9964E-05 0.134032 0.0705549 9.9964E-05
0.470699 0.222872 0.0440153 9.9982E-05 0.0253089 0.0251408 0.199383 9.9982E-05 0.0123808
0.579754 0.232151 9.9964E-05 9.9964E-05 9.9964E-05 0.128027 0.0428729 0.0167954 9.9964E-05
0.508382 9.9955E-05 9.9955E-05 9.9955E-05 0.168998 9.9955E-05 0.278439 0.0436812 9.9955E-05
0.378799 0.0644269 9.9973E-05 0.0286471 9.9973E-05 0.345437 0.111674 0.0707158 9.9973E-05
0.527188 0.124745 9.9973E-05 0.0976466 9.9973E-05 0.0783274 0.0870123 0.0847809 9.9973E-05
0.412789 0.337307 0.0439521 9.9973E-05 9.9973E-05 0.0839265 0.0644197 0.0573063 9.9973E-05
0.472862 0.05908 0.0286976 0.154385 0.139898 9.9991E-05 0.0303167 0.062383 0.0522777
0.530481 9.9964E-05 0.0772788 9.9964E-05 0.204123 0.160308 9.9964E-05 0.0274101 9.9964E-05
0.649618 0.158933 9.9955E-05 9.9955E-05 9.9955E-05 0.171464 9.9955E-05 9.9955E-05 0.0194856
0.690632 0.0265893 0.0477004 0.0255333 9.9982E-05 0.0864486 0.0864593 9.9982E-05 0.0364368
0.891672 9.9955E-05 9.9955E-05 0.00200806 0.0974765 9.9955E-05 9.9955E-05 9.9955E-05 0.00834407
0.526669 0.148522 9.9973E-05 0.053362 0.181402 0.0874994 9.9973E-05 9.9973E-05 0.00224489
0.388109 0.100461 0.0548275 0.160789 0.276825 0.0131223 9.9982E-05 0.00566688 9.9982E-05
0.931915 9.9946E-05 0.0296491 0.0378364 9.9946E-05 9.9946E-05 9.9946E-05 9.9946E-05 9.9946E-05
0.717866 9.9964E-05 0.0187385 0.00682402 0.253484 9.9964E-05 9.9964E-05 9.9964E-05 0.00268743
0.895135 0.101815 9.9946E-05 9.9946E-05 9.9946E-05 0.00244974 9.9946E-05 9.9946E-05 9.9946E-05
0.14331 9.9964E-05 0.0249003 0.105046 0.278247 0.448097 9.9964E-05 9.9964E-05 9.9964E-05
0.0175775 0.085774 9.9973E-05 9.9973E-05 0.428811 0.331268 0.106694 0.0295767 9.9973E-05
0.277156 9.9964E-05 9.9964E-05 0.332538 0.116228 0.0410147 9.9964E-05 0.232663 9.9964E-05
0.214583 0.15127 0.020667 9.99707E-05 9.99707E-05 0.318481 9.99707E-05 0.2946 9.99707E-05
0.124102 0.0928384 0.0613012 0.100849 0.0120391 0.219205 0.0567345 0.251429 0.0815013
0.177534 9.9982E-05 0.0119452 0.133742 0.0329764 0.391616 0.00718034 0.244806 9.9982E-05
0.4508 0.156586 9.9964E-05 9.9964E-05 9.9964E-05 0.0436838 0.145161 0.203369 9.9964E-05
0.45135 0.32197 9.9973E-05 0.0462552 9.9973E-05 0.0418251 9.9973E-05 0.0906032 0.0476965
9.993E-05 9.993E-05 9.993E-05 9.993E-05 9.993E-05 9.993E-05 9.993E-05 0.999201 9.993E-05
9.9955E-05 0.124373 9.9955E-05 9.9955E-05 9.9955E-05 9.9955E-05 0.0627968 0.811369 0.000961457
0.252581 9.997E-05 9.997E-05 0.107451 0.160544 0.183028 0.0137965 0.282299 9.997E-05
0.14049 0.116769 0.0460512 9.9973E-05 9.9973E-05 0.178617 9.9973E-05 0.508676 0.00909714
0.418171 9.9955E-05 9.9955E-05 0.218819 9.9955E-05 0.0838837 9.9955E-05 0.278627 9.9955E-05
0.490349 9.9964E-05 9.9964E-05 9.9964E-05 0.149571 0.0631671 0.0965326 0.199981 9.9964E-05
0.0667065 9.9964E-05 0.182597 0.131376 9.9964E-05 0.149621 9.9964E-05 0.4693 9.9964E-05
0.0861442 9.9955E-05 9.9955E-05 0.0985325 0.186202 0.628621 9.9955E-05 9.9955E-05 9.9955E-05
9.9955E-05 0.187493 9.9955E-05 9.9955E-05 0.113508 0.670593 9.9955E-05 9.9955E-05 0.0279062
0.0753504 0.137957 9.9982E-05 9.9982E-05 0.309912 0.310421 0.131852 0.0243094 0.00999951
0.120967 9.9964E-05 0.00716382 9.9964E-05 0.191429 0.676434 0.00360588 9.9964E-05 9.9964E-05
0.00349078 0.0441599 0.0810443 9.9982E-05 0.021368 0.783851 0.0096007 0.0562854 9.9982E-05
0.0570516 0.114247 0.0147389 0.0511912 0.144788 0.617683 9.9973E-05 9.9973E-05 9.9973E-05
0.077231 9.9955E-05 0.122981 0.137975 9.9955E-05 0.661313 9.9955E-05 9.9955E-05 9.9955E-05
9.9937E-05 9.9937E-05 9.9937E-05 9.9937E-05 9.9937E-05 0.978184 9.9937E-05 0.0211166 9.9937E-05
0.115276 9.9973E-05 0.0900163 0.216945 0.202987 0.371176 9.9973E-05 0.00329948 9.9973E-05
0.0624633 0.0278926 9.9982E-05 9.9982E-05 0.0593428 0.668138 0.0981407 0.0173563 0.0664667
0.00272701 0.0393694 0.0559881 0.0944412 0.171446 0.623223 9.9982E-05 9.9982E-05 0.0126058
9.9964E-05 0.0208455 0.04958 0.109059 0.285635 0.534481 9.9964E-05 9.9964E-05 9.9964E-05
0.165368 9.9955E-05 9.9955E-05 0.00813587 0.0813388 0.744658 9.9955E-05 9.9955E-05 9.9955E-05
9.9955E-05 9.9955E-05 9.9955E-05 9.9955E-05 0.315793 0.531235 0.0958735 0.0565987 9.9955E-05
0.180915 0.0409432 0.0438259 9.9964E-05 9.9964E-05 0.711437 0.0224796 9.9964E-05 9.9964E-05
9.9946E-05 9.9946E-05 9.9946E-05 9.9946E-05 0.0978133 0.807416 9.9946E-05 0.0941709 9.9946E-05
9.9973E-05 0.0171421 9.9973E-05 9.9973E-05 0.362627 0.446347 0.0637304 0.0575907 0.0522625
0.179084 9.9973E-05 0.155422 9.9973E-05 0.500908 0.127254 0.0120372 9.9973E-05 0.0249953
9.9964E-05 0.22105 9.9964E-05 9.9964E-05 0.693407 0.0587199 9.9964E-05 0.0256961 0.000727599
0.216714 9.9973E-05 0.0646121 0.0277118 0.580387 9.9973E-05 0.0567076 0.0535669 9.9973E-05
0.194491 0.15222 0.0237468 0.0780778 0.458941 0.0284858 9.9982E-05 9.9982E-05 0.063838
0.280041 0.0266933 0.0591736 0.104011 0.470958 9.9973E-05 9.9973E-05 9.9973E-05 0.0588226
0.0739503 9.9964E-05 0.109638 9.9964E-05 0.700747 0.0986671 9.9964E-05 9.9964E-05 0.0165981
0.0649907 0.0908387 9.9973E-05 9.9973E-05 0.777212 0.0431367 0.00788225 9.9973E-05 0.0156395
9.9964E-05 0.294474 9.9964E-05 0.111425 0.52357 9.9964E-05 0.0508015 9.9964E-05 0.0193297
9.9946E-05 0.276898 9.9946E-05 9.9946E-05 0.716369 9.9946E-05 9.9946E-05 9.9946E-05 0.00613352
0.118969 0.154899 0.0923031 9.9982E-05 0.600593 0.0035729 0.0216809 0.00778245 9.9982E-05
0.0785527 0.155068 0.0654562 0.105556 0.547522 9.9982E-05 0.0113388 0.0363062 9.9982E-05
0.32827 0.0430733 0.0125809 0.0992255 0.425435 0.0348909 0.052826 9.9991E-05 0.00359885
0.130211 9.9973E-05 0.0871324 9.9973E-05 0.58261 0.114375 0.0683757 9.9973E-05 0.0169961
0.046249 0.102229 0.0891678 0.104237 0.521692 0.0947801 9.9982E-05 0.0414462 9.9982E-05
0.0442678 9.9964E-05 0.134965 0.0988615 0.680503 9.9964E-05 9.9964E-05 9.9964E-05 0.0410031
9.9973E-05 0.0436146 0.0693433 0.268938 0.427678 0.160239 9.9973E-05 0.0298866 9.9973E-05
0.0857465 0.121598 0.0851708 9.9973E-05 0.630727 0.00886405 0.0675944 9.9973E-05 9.9973E-05
0.192309 9.9973E-05 9.9973E-05 0.159774 0.396917 0.076551 0.172161 0.00198809 9.9973E-05
0.0814144 0.0493688 0.000298156 0.183163 0.594585 9.9973E-05 0.0908703 9.9973E-05 9.9973E-05
9.9964E-05 0.209923 9.9964E-05 9.9964E-05 0.611763 0.0930906 0.0553623 0.0294613 9.9964E-05
0.116913 9.9955E-05 0.0210282 9.9955E-05 0.650734 9.9955E-05 0.210825 9.9955E-05 9.9955E-05
0.0768161 0.157033 9.9964E-05 0.0934012 0.616092 9.9964E-05 0.0562587 9.9964E-05 9.9964E-05
9.9964E-05 0.0758723 0.0777593 0.0760454 0.741864 9.9964E-05 9.9964E-05 9.9964E-05 0.0280593
0.11875 9.9955E-05 0.10848 9.9955E-05 0.587332 9.9955E-05 0.184938 9.9955E-05 9.9955E-05
0.0423114 9.9964E-05 0.0130064 0.129534 0.787666 9.9964E-05 0.027083 9.9964E-05 9.9964E-05
0.000770513 0.0305142 9.9973E-05 0.112024 0.738819 0.0960912 9.9973E-05 0.0214814 9.9973E-05
9.9937E-05 9.9937E-05 9.9937E-05 9.9937E-05 0.950819 9.9937E-05 9.9937E-05 0.0484814 9.9937E-05
9.9955E-05 9.9955E-05 9.9955E-05 0.0558115 0.917329 9.9955E-05 0.0235623 0.00279787 9.9955E-05
0.00669209 9.9964E-05 9.9964E-05 9.9964E-05 0.721733 0.122689 0.0641336 0.0843516 9.9964E-05
9.9955E-05 9.9955E-05 9.9955E-05 9.9955E-05 0.836145 0.0189913 0.131497 0.0128668 9.9955E-05
9.9964E-05 9.9964E-05 9.9964E-05 9.9964E-05 0.366211 0.356125 0.0457837 0.196189 0.0352913
9.9964E-05 0.0192743 9.9964E-05 9.9964E-05 0.585792 0.284062 9.9964E-05 0.0457775 0.0646943
0.0140632 9.9982E-05 0.101474 0.0245451 0.652286 9.9982E-05 0.132864 0.0574396 0.0171289
0.00308477 9.9964E-05 9.9964E-05 0.0259843 0.792641 0.0338913 9.9964E-05 0.143999 9.9964E-05
9.9955E-05 9.9955E-05 9.9955E-05 0.120684 0.710736 9.9955E-05 0.125194 0.0428869 9.9955E-05
0.0568567 9.9973E-05 9.9973E-05 0.0917308 0.671919 0.00997165 0.0629313 0.10629 9.9973E-05
9.998E-05 9.998E-05 0.0957101 0.0549485 0.535736 0.101521 0.160188 0.0221781 0.0295179
0.0995554 9.9973E-05 9.9973E-05 0.0353134 0.709727 0.0161447 0.125483 0.0134759 9.9973E-05
9.9973E-05 0.0497989 0.0341893 9.9973E-05 0.830071 0.0438433 0.0361967 9.9973E-05 0.00560053
9.9973E-05 0.098152 9.9973E-05 9.9973E-05 0.74519 0.0357895 0.0813457 0.0302927 0.00893049
9.9964E-05 0.116018 9.9964E-05 9.9964E-05 0.631107 0.198077 0.05153 0.0028678 9.9964E-05
0.110342 9.9964E-05 0.0156093 9.9964E-05 0.854803 9.9964E-05 9.9964E-05 0.0076804 0.0111653
9.9955E-05 0.120125 0.0701257 9.9955E-05 0.808481 9.9955E-05 9.9955E-05 0.000768737 9.9955E-05
0.0724965 9.9955E-05 9.9955E-05 0.103412 0.794207 9.9955E-05 9.9955E-05 0.0293849 9.9955E-05
0.201821 0.244208 0.0750908 0.0784299 0.30411 0.0624679 9.998E-05 9.998E-05 0.0336723
0.113157 0.0310496 9.9964E-05 0.358209 0.496101 9.9964E-05 9.9964E-05 9.9964E-05 0.00108411
0.0603085 0.103371 9.9964E-05 0.228168 0.568475 9.9964E-05 0.0392772 9.9964E-05 9.9964E-05
0.130668 9.9955E-05 0.0146585 0.319194 0.534979 9.9955E-05 9.9955E-05 9.9955E-05 9.9955E-05
0.0988596 0.464493 0.138682 0.297466 9.9955E-05 9.9955E-05 9.9955E-05 9.9955E-05 9.9955E-05
0.197166 0.398076 0.0397816 0.232012 0.0907506 0.03092 9.9982E-05 0.011094 9.9982E-05
0.00779731 0.816422 9.9964E-05 0.0839124 0.0605101 9.9964E-05 0.0309584 9.9964E-05 9.9964E-05
9.99903E-05 0.645773 0.117476 9.99903E-05 0.0275062 0.0824798 0.122601 0.00381705 0.000147513
0.0904327 0.470891 0.129571 0.0462764 0.240616 9.9973E-05 9.9973E-05 9.9973E-05 0.0219127
0.0503822 0.529002 0.0224734 0.0631977 9.9982E-05 0.0506001 0.266225 9.9982E-05 0.0179203
0.135479 0.482851 0.128301 9.9973E-05 9.9973E-05 0.0252289 0.215464 0.0123776 9.9973E-05
0.0372405 0.485334 9.9964E-05 0.128824 0.242188 9.9964E-05 0.106014 9.9964E-05 9.9964E-05
9.9982E-05 0.552226 0.161513 0.115483 9.9982E-05 0.140654 0.0152428 0.00921986 0.00546101
0.154653 0.0770936 0.152064 0.439179 0.021086 9.9973E-05 0.155624 9.9973E-05 9.9973E-05
0.0612687 0.667009 0.118492 0.0643412 0.0474079 9.9982E-05 0.0336676 0.0076132 9.9982E-05
0.104638 0.615422 9.9982E-05 0.18515 0.0376257 9.9982E-05 0.0507308 0.00391361 0.00231999
0.00405969 0.357892 0.151603 0.269571 0.145331 0.0706891 9.9982E-05 0.000653619 9.9982E-05
9.9982E-05 0.497427 0.0471972 0.121727 0.0773826 9.9982E-05 0.212631 0.0176137 0.0258208
9.993E-05 9.993E-05 0.999201 9.993E-05 9.993E-05 9.993E-05 9.993E-05 9.993E-05 9.993E-05
9.9973E-05 0.640187 9.9973E-05 0.161522 0.102322 0.00269611 9.9973E-05 0.0607201 0.0322525
9.9973E-05 0.610633 0.067824 0.195025 9.9973E-05 0.0282254 9.9973E-05 0.0528215 0.0451704
9.993E-05 9.993E-05 0.999201 9.993E-05 9.993E-05 9.993E-05 9.993E-05 9.993E-05 9.993E-05
9.9946E-05 0.524195 9.9946E-05 0.294821 9.9946E-05 9.9946E-05 0.180385 9.9946E-05 9.9946E-05
0.0159318 0.857391 9.9946E-05 9.9946E-05 0.126078 9.9946E-05 9.9946E-05 9.9946E-05 9.9946E-05
9.9964E-05 0.305632 0.335799 0.179835 9.9964E-05 0.114146 0.0641885 9.9964E-05 9.9964E-05
9.9964E-05 0.657317 0.0357429 0.23227 9.9964E-05 9.9964E-05 0.0506688 9.9964E-05 0.0236015
9.9946E-05 0.907628 0.0703604 9.9946E-05 9.9946E-05 0.0214117 9.9946E-05 9.9946E-05 9.9946E-05
9.9964E-05 0.272223 0.0826478 0.552549 9.9964E-05 0.0886997 0.0034806 9.9964E-05 9.9964E-05
0.0515778 0.548092 0.209939 0.169543 9.9973E-05 9.9973E-05 0.0141218 9.9973E-05 0.00642653
9.9964E-05 0.929185 0.0152289 9.9964E-05 9.9964E-05 9.9964E-05 0.0228505 0.0243016 0.0080343
0.0152927 0.595303 9.9973E-05 0.293886 9.9973E-05 0.0329832 9.9973E-05 0.0399864 0.0222491
9.9955E-05 0.767224 0.10518 9.9955E-05 0.103715 0.0233818 9.9955E-05 9.9955E-05 9.9955E-05
9.99461E-05 0.614309 0.00433489 0.380756 9.99461E-05 9.99461E-05 9.99461E-05 9.99461E-05 9.99461E-05
9.9937E-05 0.979755 9.9937E-05 9.9937E-05 0.0195456 9.9937E-05 9.9937E-05 9.9937E-05 9.9937E-05
0.0362386 0.63684 0.1582 9.9964E-05 0.127018 9.9964E-05 9.9964E-05 9.9964E-05 0.0413035
9.9946E-05 0.709583 9.9946E-05 0.287992 9.9946E-05 9.9946E-05 9.9946E-05 9.9946E-05 0.00182536
9.9946E-05 0.552176 0.0675486 0.379676 9.9946E-05 9.9946E-05 9.9946E-05 9.9946E-05 9.9946E-05
9.9964E-05 0.570476 0.0914044 0.242262 9.9964E-05 0.0723763 9.9964E-05 9.9964E-05 0.0230815
9.9964E-05 0.711938 0.182941 0.0795981 0.00247529 9.9964E-05 0.0226478 9.9964E-05 9.9964E-05
0.0383948 0.643505 0.0409522 0.17073 9.9973E-05 0.0129724 0.0931457 9.9973E-05 9.9973E-05
9.9955E-05 0.730609 0.106799 0.159828 9.9955E-05 9.9955E-05 9.9955E-05 0.00226409 9.9955E-05
9.9955E-05 0.666873 0.106493 0.117772 9.9955E-05 9.9955E-05 0.108362 9.9955E-05 9.9955E-05
9.9955E-05 0.887176 9.9955E-05 9.9955E-05 9.9955E-05 0.0704248 0.0154016 0.0264974 9.9955E-05
9.9964E-05 0.530081 0.128348 0.240401 9.9964E-05 0.0702574 9.9964E-05 9.9964E-05 0.0305133
9.9946E-05 0.928289 9.9946E-05 9.9946E-05 9.9946E-05 9.9946E-05 0.0698061 0.00130482 9.9946E-05
9.9955E-05 0.647324 9.9955E-05 0.262483 9.9955E-05 0.0536557 9.9955E-05 9.9955E-05 0.036038
9.9955E-05 0.937482 0.0116558 0.049594 9.9955E-05 9.9955E-05 0.000768651 9.9955E-05 9.9955E-05
9.9955E-05 0.930779 9.9955E-05 9.9955E-05 9.9955E-05 0.0358237 0.0171285 0.0157689 9.9955E-05
0.00842396 0.798347 9.9973E-05 0.113634 9.9973E-05 0.0450834 0.0289786 9.9973E-05 0.00523297
0.0800728 0.541394 9.9964E-05 0.222559 0.12272 9.9964E-05 9.9964E-05 0.0328538 9.9964E-05
9.9973E-05 0.541215 0.11492 0.225651 0.0450916 9.9973E-05 9.9973E-05 0.038574 0.0342485
9.9964E-05 0.551122 0.160124 0.0979275 9.9964E-05 9.9964E-05 0.144718 9.9964E-05 0.0457093
9.998E-05 0.354906 0.059198 0.420208 0.0050832 9.998E-05 0.094709 0.0256657 0.0400297
9.9964E-05 0.879184 0.0274359 9.9964E-05 0.077026 9.9964E-05 9.9964E-05 0.00168722 0.0142673
0.0545384 0.577241 9.9955E-05 0.348475 9.9955E-05 9.9955E-05 9.9955E-05 9.9955E-05 0.0192458
9.9946E-05 0.60748 9.9946E-05 0.23258 9.9946E-05 9.9946E-05 0.15934 9.9946E-05 9.9946E-05
9.9964E-05 0.495343 0.105947 0.231352 0.0485999 9.9964E-05 9.9964E-05 9.9964E-05 0.118358
9.9973E-05 0.672112 9.9973E-05 0.13742 0.135064 0.0248274 9.9973E-05 0.0209149 0.0093615
0.0110664 0.17609 0.0579587 0.682212 9.9973E-05 9.9973E-05 0.0543458 9.9973E-05 0.0180263
9.9955E-05 0.483399 9.9955E-05 0.3119 0.13859 9.9955E-05 9.9955E-05 9.9955E-05 0.0656102
9.9964E-05 0.256536 0.0886174 0.62147 9.9964E-05 9.9964E-05 9.9964E-05 0.00645464 0.0265227
0.023775 0.132882 0.101297 0.633208 9.9973E-05 0.0827425 9.9973E-05 9.9973E-05 0.0257955
9.9955E-05 0.619085 9.9955E-05 0.300485 9.9955E-05 9.9955E-05 0.00403515 9.9955E-05 0.0758951
9.9964E-05 0.374571 0.162038 0.443009 9.9964E-05 0.0104562 9.9964E-05 9.9964E-05 0.00952582
0.0101426 0.518479 9.9964E-05 0.427954 9.9964E-05 9.9964E-05 0.00872373 9.9964E-05 0.0343005
9.9946E-05 0.319923 0.150741 0.528736 9.9946E-05 9.9946E-05 9.9946E-05 9.9946E-05 9.9946E-05
9.9973E-05 0.071224 9.9973E-05 0.69473 0.00152659 0.0828348 0.0711524 9.9973E-05 0.0782324
0.094478 0.270608 0.139271 0.250703 0.175171 0.067295 9.9982E-05 9.9982E-05 0.00227344
9.9964E-05 0.0765644 9.9964E-05 0.790112 0.0674815 0.0610967 9.9964E-05 0.00434525 9.9964E-05
0.0193182 0.0343688 9.9982E-05 0.590345 0.111238 0.118048 0.124602 0.00187948 9.9982E-05
9.9973E-05 0.164575 0.0456473 0.592128 0.161244 9.9973E-05 0.0146567 9.9973E-05 0.0214482
9.9955E-05 0.314744 0.126897 0.52986 0.0279993 9.9955E-05 9.9955E-05 9.9955E-05 9.9955E-05
9.9955E-05 0.182657 0.040913 0.735456 9.9955E-05 9.9955E-05 9.9955E-05 9.9955E-05 0.0404735
9.9955E-05 0.355742 0.103197 0.535862 9.9955E-05 0.00469885 9.9955E-05 9.9955E-05 9.9955E-05
9.9955E-05 0.200814 0.0239452 0.774118 0.000623204 9.9955E-05 9.9955E-05 9.9955E-05 9.9955E-05
0.00468619 0.0822065 9.9955E-05 0.869273 0.0433342 9.9955E-05 9.9955E-05 9.9955E-05 9.9955E-05
0.058021 0.231922 9.9964E-05 0.663178 9.9964E-05 9.9964E-05 0.0282291 9.9964E-05 0.0182494
9.9964E-05 0.222067 0.0201699 0.702577 0.00157949 9.9964E-05 9.9964E-05 9.9964E-05 0.0532066
0.0483689 0.354972 9.9982E-05 0.378174 0.0572536 0.0127765 0.054834 9.9982E-05 0.0934203
0.00362613 0.279454 0.0349306 0.518413 0.0579881 9.9973E-05 0.105288 9.9973E-05 9.9973E-05
9.9955E-05 0.299459 9.9955E-05 0.647074 9.9955E-05 9.9955E-05 0.03628 9.9955E-05 0.0166872
9.9946E-05 9.9946E-05 9.9946E-05 0.968497 9.9946E-05 0.00489993 9.9946E-05 0.0260038 9.9946E-05
9.9964E-05 0.308394 0.0382742 0.575634 0.0602382 9.9964E-05 0.0170597 9.9964E-05 9.9964E-05
9.9973E-05 0.224411 0.101737 0.423116 0.0695758 9.9973E-05 0.13194 9.9973E-05 0.0489209
0.0672722 0.141382 0.0369372 0.70697 0.020943 9.9973E-05 0.0261952 9.9973E-05 9.9973E-05
9.9964E-05 0.0480112 0.13811 0.751518 0.0417328 9.9964E-05 9.9964E-05 9.9964E-05 0.0202277
9.9973E-05 0.222232 9.9973E-05 0.621345 9.9973E-05 0.0360109 0.0546005 0.0423374 0.0231738
9.9964E-05 0.0864119 9.9964E-05 0.759836 0.0134638 9.9964E-05 9.9964E-05 0.0709496 0.0689383
0.00330847 0.147267 9.9973E-05 0.740984 0.0486527 9.9973E-05 0.0189921 9.9973E-05 0.0404957
9.99371E-05 9.99371E-05 9.99371E-05 0.995198 9.99371E-05 9.99371E-05 9.99371E-05 9.99371E-05 0.0041029
0.0190632 0.0756196 0.0361089 0.791298 9.9964E-05 9.9964E-05 0.0775101 9.9964E-05 9.9964E-05
9.993E-05 9.993E-05 9.993E-05 0.999201 9.993E-05 9.993E-05 9.993E-05 9.993E-05 9.993E-05
9.993E-05 9.993E-05 9.993E-05 0.999201 9.993E-05 9.993E-05 9.993E-05 9.993E-05 9.993E-05
9.99371E-05 0.0258917 9.99371E-05 0.973409 9.99371E-05 9.99371E-05 9.99371E-05 9.99371E-05 9.99371E-05
9.993E-05 9.993E-05 9.993E-05 0.999201 9.993E-05 9.993E-05 9.993E-05 9.993E-05 9.993E-05
9.9937E-05 9.9937E-05 0.0221845 0.977116 9.9937E-05 9.9937E-05 9.9937E-05 9.9937E-05 9.9937E-05
9.993E-05 9.993E-05 9.993E-05 0.999201 9.993E-05 9.993E-05 9.993E-05 9.993E-05 9.993E-05
9.9946E-05 9.9946E-05 0.0769453 0.915129 9.9946E-05 9.9946E-05 9.9946E-05 9.9946E-05 0.00732602
9.9937E-05 9.9937E-05 0.00802276 0.991278 9.9937E-05 9.9937E-05 9.9937E-05 9.9937E-05 9.9937E-05
9.9946E-05 9.9946E-05 0.0357038 0.917397 9.9946E-05 9.9946E-05 0.0462996 9.9946E-05 9.9946E-05
9.993E-05 9.993E-05 9.993E-05 0.999201 9.993E-05 9.993E-05 9.993E-05 9.993E-05 9.993E-05
9.9955E-05 9.9955E-05 0.0974932 0.819189 0.0600233 9.9955E-05 9.9955E-05 9.9955E-05 0.0227944
9.993E-05 9.993E-05 9.993E-05 0.999201 9.993E-05 9.993E-05 9.993E-05 9.993E-05 9.993E-05
9.9955E-05 9.9955E-05 0.028685 0.935569 9.9955E-05 9.9955E-05 0.00195989 9.9955E-05 0.0332868
0.0161188 0.100362 9.99461E-05 0.882919 9.99461E-05 9.99461E-05 9.99461E-05 9.99461E-05 9.99461E-05
0.038843 9.99371E-05 9.99371E-05 0.960457 9.99371E-05 9.99371E-05 9.99371E-05 9.99371E-05 9.99371E-05
9.9955E-05 0.0687875 0.0567007 0.864497 9.9955E-05 9.9955E-05 9.9955E-05 9.9955E-05 0.00951495
9.9955E-05 0.106308 9.9955E-05 0.870279 9.9955E-05 9.9955E-05 0.00938903 0.0135241 9.9955E-05
9.9955E-05 9.9955E-05 9.9955E-05 0.942542 9.9955E-05 0.0465105 9.9955E-05 0.00358047 0.0068677
9.9982E-05 0.0173408 0.0672346 0.827734 0.0235965 9.9982E-05 0.0429457 0.00441091 0.0165378
0.0261731 0.123145 0.0770481 0.769595 9.9964E-05 9.9964E-05 0.00363843 9.9964E-05 9.9964E-05
0.0362154 0.0553435 9.9955E-05 0.907455 9.9955E-05 9.9955E-05 9.9955E-05 0.000486467 9.9955E-05
9.9964E-05 0.013387 9.9964E-05 0.919841 9.9964E-05 0.037272 0.0108695 0.018231 9.9964E-05
0.00104215 9.9964E-05 0.0143082 0.964878 9.9964E-05 9.9964E-05 0.00515169 9.9964E-05 0.0142202
9.9946E-05 9.9946E-05 9.9946E-05 0.937946 0.0533938 9.9946E-05 9.9946E-05 9.9946E-05 0.00806007
9.9946E-05 9.9946E-05 9.9946E-05 0.965262 9.9946E-05 9.9946E-05 0.0207611 9.9946E-05 0.013377
9.9937E-05 9.9937E-05 9.9937E-05 0.97838 9.9937E-05 9.9937E-05 0.0209202 9.9937E-05 9.9937E-05
9.9973E-05 0.125128 0.0335504 0.778061 0.0296323 0.00626713 9.9973E-05 9.9973E-05 0.0270609
9.9955E-05 0.425701 9.9955E-05 0.461461 9.9955E-05 0.0643133 0.0480253 9.9955E-05 9.9955E-05
9.9946E-05 9.9946E-05 0.063399 0.914509 9.9946E-05 9.9946E-05 9.9946E-05 0.0214921 9.9946E-05
9.9955E-05 0.398019 9.9955E-05 0.556839 9.9955E-05 0.0187071 9.9955E-05 0.0259357 9.9955E-05
9.9955E-05 9.9955E-05 0.0951992 0.800277 0.0140593 9.9955E-05 9.9955E-05 9.9955E-05 0.0899649
0.0625683 0.393794 9.9964E-05 0.490086 0.0197192 9.9964E-05 0.0334327 9.9964E-05 9.9964E-05
0.0116169 0.191742 0.0125617 0.467415 0.098167 9.9982E-05 0.0802935 9.9982E-05 0.138004
9.9973E-05 0.00150815 0.0270955 0.243773 0.0213097 0.0235445 9.9973E-05 9.9973E-05 0.682469
9.993E-05 9.993E-05 9.993E-05 9.993E-05 9.993E-05 9.993E-05 9.993E-05 9.993E-05 0.999201
0.00404809 0.360093 9.9973E-05 0.182883 9.9973E-05 9.9973E-05 0.0293935 0.0178189 0.405464
9.9955E-05 0.0362737 0.00532368 0.90683 9.9955E-05 9.9955E-05 9.9955E-05 0.0510732 9.9955E-05
9.9964E-05 0.111193 9.9964E-05 0.614258 0.0430435 9.9964E-05 0.143015 9.9964E-05 0.0880902
0.0106677 0.0399057 0.0429442 0.77565 0.0154248 9.9991E-05 0.067913 0.0252937 0.0221005
9.9946E-05 0.2228 9.9946E-05 0.719544 9.9946E-05 9.9946E-05 9.9946E-05 9.9946E-05 0.0570564
9.9991E-05 0.0272267 0.0313737 0.598418 0.0295903 0.100169 0.0778023 0.046914 0.0884054
9.9964E-05 0.0698 9.9964E-05 0.74948 9.9964E-05 0.129116 0.00539657 9.9964E-05 0.0458081
0.0205425 0.0449509 9.9973E-05 0.79148 9.9973E-05 0.0396466 0.0137571 9.9973E-05 0.0893232
9.9964E-05 0.152934 9.9964E-05 0.695352 9.9964E-05 0.0367763 0.075144 9.9964E-05 0.0393931
9.9964E-05 0.0344507 9.9964E-05 0.795127 9.9964E-05 0.0406169 0.0506977 9.9964E-05 0.0787083
