9.9982E-05 0.677504 0.0157894 0.11025 0.158438 0.0378188 9.9982E-05
0.0666241 0.776538 9.9973E-05 9.9973E-05 9.9973E-05 0.0243944 0.132144
9.995E-05 0.9994 9.995E-05 9.995E-05 9.995E-05 9.995E-05 9.995E-05
0.0931711 0.708872 9.9973E-05 0.180433 0.0172243 9.9973E-05 9.9973E-05
9.9964E-05 0.66367 9.9964E-05 0.224661 9.9964E-05 9.9964E-05 0.111269
9.9973E-05 0.722291 0.00786276 0.184813 9.9973E-05 0.0847338 9.9973E-05
9.9973E-05 0.623729 9.9973E-05 0.0739109 0.207943 9.9973E-05 0.0941174
9.9973E-05 0.843666 9.9973E-05 0.10264 9.9973E-05 0.0349514 0.0184427
9.9973E-05 0.776758 0.00512531 0.182468 9.9973E-05 0.0353491 9.9973E-05
9.9955E-05 0.913933 9.9955E-05 9.9955E-05 9.9955E-05 9.9955E-05 0.085567
9.9964E-05 0.673393 9.9964E-05 9.9964E-05 9.9964E-05 0.216842 0.109365
0.380256 0.499915 0.0363243 9.9973E-05 0.0832049 9.9973E-05 9.9973E-05
0.470066 0.408144 0.0249946 9.9982E-05 0.0703377 9.9982E-05 0.0262572
0.193695 0.32241 0.0593875 0.0901239 0.334183 9.9982E-05 9.9982E-05
0.196344 0.223131 9.9982E-05 0.20039 0.354379 9.9982E-05 0.0255558
0.604296 0.108535 0.0432278 0.243641 9.9973E-05 9.9973E-05 9.9973E-05
0.305965 0.402626 0.0677993 9.9982E-05 0.216054 0.00735545 9.9982E-05
0.528481 0.246238 0.105832 9.9982E-05 9.9982E-05 0.0577552 0.0614938
0.445007 0.241304 0.091179 0.188956 9.9982E-05 9.9982E-05 0.033353
0.394813 0.163674 0.0462258 0.214098 0.125844 0.0552443 9.9991E-05
0.323694 0.203849 0.0627567 0.0657857 0.129781 9.9991E-05 0.214033
0.695388 0.018095 9.9973E-05 0.0447078 9.9973E-05 0.24151 9.9973E-05
0.797899 0.00757541 9.9964E-05 0.194126 9.9964E-05 9.9964E-05 9.9964E-05
0.702846 0.128426 9.9982E-05 0.034538 0.00481663 9.9982E-05 0.129173
0.730639 9.9973E-05 9.9973E-05 9.9973E-05 0.0718473 0.102477 0.0947361
0.516592 9.9982E-05 9.9982E-05 0.227623 0.163198 0.063116 0.0292706
0.36719 0.0311707 0.00194322 0.155377 0.0497567 0.22232 0.172242
0.829612 0.00156527 9.9964E-05 9.9964E-05 9.9964E-05 9.9964E-05 0.168422
0.657996 9.9973E-05 9.9973E-05 9.9973E-05 0.190974 0.0869543 0.0637759
0.873636 9.9955E-05 9.9955E-05 0.125864 9.9955E-05 9.9955E-05 9.9955E-05
0.499657 9.9982E-05 0.0391772 9.9982E-05 0.263275 0.132357 0.0653341
0.204986 0.0812501 0.0645547 0.0281881 0.423755 0.197166 9.9991E-05
0.215535 0.0269637 0.211925 9.9982E-05 9.9982E-05 0.23826 0.307117
0.445596 9.9973E-05 0.352038 0.197896 9.9973E-05 9.9973E-05 0.00417081
0.298966 0.012293 0.221732 0.157125 9.9991E-05 0.128272 0.181512
0.421527 9.9973E-05 0.361658 9.9973E-05 0.133457 9.9973E-05 0.0830582
0.358282 0.211299 0.148368 0.160302 9.9982E-05 0.121548 9.9982E-05
0.402709 9.9982E-05 0.108768 0.273281 9.9982E-05 0.0656731 0.149369
9.995E-05 9.995E-05 0.9994 9.995E-05 9.995E-05 9.995E-05 9.995E-05
9.9964E-05 0.0665615 0.822737 0.110301 9.9964E-05 9.9964E-05 9.9964E-05
0.336334 0.0927491 0.285293 9.9991E-05 0.179641 0.0349192 0.0709633
0.205109 0.0418315 0.490827 0.131437 0.118751 0.0119449 9.9991E-05
0.314215 0.0996131 0.273427 9.9982E-05 0.190746 9.9982E-05 0.121798
0.44125 0.167556 0.148023 9.9982E-05 0.0281869 0.214784 9.9982E-05
0.146497 0.0137094 0.524675 9.9982E-05 0.0926211 9.9982E-05 0.222297
0.597776 9.9964E-05 9.9964E-05 9.9964E-05 9.9964E-05 0.2914 0.110425
0.418786 9.9973E-05 0.0189073 0.168107 9.9973E-05 0.3939 9.9973E-05
0.256377 0.165041 0.0152717 0.115663 0.147879 0.299669 9.9991E-05
0.566589 0.0318316 0.0740957 9.9982E-05 0.156455 0.170829 9.9982E-05
0.606425 0.00119252 0.1215 0.123329 9.9982E-05 0.147354 9.9982E-05
0.479037 9.9973E-05 0.104551 0.133539 0.282573 9.9973E-05 9.9973E-05
0.649626 9.9991E-05 0.037055 0.0406425 0.00616698 0.110887 0.155523
0.791592 9.9964E-05 0.1541 9.9964E-05 9.9964E-05 0.0539082 9.9964E-05
0.481737 9.9973E-05 9.9973E-05 9.9973E-05 0.0603945 0.195406 0.262163
0.580003 0.0282627 0.105523 0.0600392 0.206809 9.9991E-05 0.0192631
0.470936 9.9982E-05 9.9982E-05 0.0718798 0.397733 0.0295422 0.0297092
0.528116 9.9982E-05 9.9982E-05 0.117321 0.278309 0.0388923 0.0371615
0.910082 9.9964E-05 9.9964E-05 9.9964E-05 9.9964E-05 0.0313825 0.058136
0.3585 0.0788312 0.107167 0.0113816 0.0208781 0.423142 9.9991E-05
0.782328 0.0613054 0.0209664 0.0708913 0.0566699 0.00773844 9.9991E-05
0.595824 0.0445342 0.194093 0.0109056 9.9982E-05 0.154443 9.9982E-05
0.304462 0.0505517 0.0497285 9.9982E-05 9.9982E-05 0.540138 0.0549197
0.283665 9.9973E-05 9.9973E-05 0.0201021 0.579782 0.116151 9.9973E-05
0.00756568 9.9982E-05 0.00342683 0.0674144 0.579666 0.341727 9.9982E-05
0.147486 0.0737293 0.0547346 9.9982E-05 0.423421 0.300429 9.9982E-05
0.0202776 9.9982E-05 0.0208377 0.0657388 0.807062 9.9982E-05 0.0858835
0.184245 0.00789055 9.9982E-05 9.9982E-05 0.61131 0.0442587 0.152096
0.0766853 9.9964E-05 9.9964E-05 9.9964E-05 0.803559 0.119356 9.9964E-05
0.150657 9.9964E-05 9.9964E-05 9.9964E-05 0.730131 0.118812 9.9964E-05
9.9973E-05 9.9973E-05 9.9973E-05 0.243151 0.719169 0.0335934 0.00378666
9.9964E-05 9.9964E-05 9.9964E-05 0.204538 0.543606 0.251457 9.9964E-05
0.0320852 0.0458298 0.0450327 0.119213 0.617219 0.14052 9.9991E-05
9.9982E-05 0.0161304 0.0684579 0.0760704 0.792922 9.9982E-05 0.0462189
0.15058 0.116428 0.0476581 9.9991E-05 0.652116 0.00640857 0.0267095
0.158781 0.0106882 9.9973E-05 9.9973E-05 0.772749 0.0574822 9.9973E-05
0.104207 9.9991E-05 0.079297 0.0802048 0.65013 0.00401734 0.0820441
9.9973E-05 9.9973E-05 0.000398095 9.9973E-05 0.914077 0.00797466 0.0772501
0.0482393 9.9991E-05 0.08248 0.0289487 0.430512 0.175704 0.234016
9.9973E-05 0.105258 0.0396952 9.9973E-05 0.796656 0.0580909 9.9973E-05
0.104431 0.193894 0.0389148 9.9982E-05 0.631375 9.9982E-05 0.0311859
9.9973E-05 0.0500572 9.9973E-05 9.9973E-05 0.854324 0.00302842 0.0922905
9.9982E-05 0.0791142 0.0662128 0.0368798 0.593018 0.224576 9.9982E-05
0.0877981 0.209779 9.9973E-05 9.9973E-05 0.353079 0.349044 9.9973E-05
0.0600958 0.0293768 9.9991E-05 0.101173 0.346501 0.338814 0.12394
9.9964E-05 9.9964E-05 9.9964E-05 9.9964E-05 0.552895 0.315416 0.131289
0.0251836 0.234418 0.000367178 9.9982E-05 0.430995 0.308836 9.9982E-05
9.9973E-05 0.0349082 9.9973E-05 9.9973E-05 0.347666 0.499721 0.117405
0.0931359 9.9973E-05 9.9973E-05 9.9973E-05 0.0487307 0.705691 0.152142
9.995E-05 9.995E-05 9.995E-05 9.995E-05 9.995E-05 0.9994 9.995E-05
9.9964E-05 0.00352584 9.9964E-05 9.9964E-05 9.9964E-05 0.882606 0.113469
9.9964E-05 0.019249 9.9964E-05 0.025874 9.9964E-05 0.954477 9.9964E-05
9.9955E-05 0.195047 9.9955E-05 9.9955E-05 9.9955E-05 0.804453 9.9955E-05
0.217657 0.0366317 0.168972 0.00900736 9.9982E-05 0.567532 9.9982E-05
0.185128 9.9982E-05 0.012962 0.0895615 0.0799051 0.632243 9.9982E-05
9.9964E-05 0.0398583 9.9964E-05 0.160225 9.9964E-05 0.799517 9.9964E-05
0.0796763 9.9973E-05 0.0563806 9.9973E-05 0.0191881 0.844455 9.9973E-05
9.9973E-05 0.0745606 9.9973E-05 9.9973E-05 0.227599 0.60744 0.0901007
9.9982E-05 0.0149733 0.0671072 9.9982E-05 0.230992 0.576352 0.110375
0.000370987 0.13979 0.0294553 0.0762381 0.0414931 0.576027 0.136626
0.0781612 0.0583855 9.9991E-05 0.0447494 0.12307 0.652223 0.0433113
9.9973E-05 0.0210196 9.9973E-05 0.0499431 0.262951 0.665786 9.9973E-05
0.0241309 0.0686213 0.00409022 0.0401574 0.437669 0.425231 9.9991E-05
0.0611934 0.0207407 0.0239137 0.136369 0.121321 0.636363 9.9991E-05
0.146574 9.9973E-05 9.9973E-05 9.9973E-05 0.011422 0.81821 0.0234943
9.9973E-05 9.9973E-05 9.9973E-05 0.0880509 0.30787 0.563845 0.0399339
9.9973E-05 9.9973E-05 0.00893006 9.9973E-05 0.208333 0.685555 0.0968817
0.154817 9.9973E-05 9.9973E-05 0.279439 0.478434 9.9973E-05 0.0870096
9.9973E-05 0.0775716 9.9973E-05 9.9973E-05 0.356689 0.22674 0.338699
9.9973E-05 0.0353856 9.9973E-05 9.9973E-05 0.501097 0.194207 0.269011
0.0922609 9.9973E-05 9.9973E-05 9.9973E-05 0.535944 0.103999 0.267496
9.9964E-05 9.9964E-05 9.9964E-05 0.555882 0.146074 9.9964E-05 0.297644
0.184534 9.9991E-05 0.0455147 0.379891 0.113241 0.011266 0.265453
9.9973E-05 0.0195096 9.9973E-05 0.722418 0.183074 9.9973E-05 0.0746987
0.0556959 0.0785148 0.0115686 0.732869 0.121152 9.9982E-05 9.9982E-05
9.9964E-05 9.9964E-05 9.9964E-05 0.394171 0.542381 9.9964E-05 0.0630485
0.00807829 0.245431 9.9982E-05 0.542692 0.132664 9.9982E-05 0.0709354
0.090182 0.33455 9.9973E-05 0.49941 0.0755573 9.9973E-05 9.9973E-05
9.9982E-05 0.138733 9.9982E-05 0.451931 0.299474 0.00708701 0.102574
0.0182576 0.048392 0.022011 0.672072 0.239068 9.9982E-05 9.9982E-05
0.0578849 0.166737 9.9982E-05 0.0955464 0.26438 9.9982E-05 0.415252
9.9982E-05 0.0542959 9.9982E-05 0.726783 0.14617 0.0041606 0.0683902
9.9982E-05 0.0465291 9.9982E-05 0.523623 0.148893 0.106203 0.174552
9.9991E-05 0.0342748 0.0161724 0.428617 0.278783 0.00346337 0.238589
9.9991E-05 0.142749 0.00803923 0.658919 0.105568 0.061851 0.0227739
0.0527497 0.083873 9.9982E-05 0.648848 0.0902547 9.9982E-05 0.124074
9.9982E-05 9.9982E-05 0.0804115 0.579191 0.047057 0.060872 0.232269
0.027164 9.9973E-05 0.0534114 0.731268 9.9973E-05 9.9973E-05 0.187857
9.9973E-05 0.0742029 9.9973E-05 0.685425 0.0919174 9.9973E-05 0.148154
9.9964E-05 0.0869634 9.9964E-05 0.647558 9.9964E-05 9.9964E-05 0.265079
9.9964E-05 9.9964E-05 9.9964E-05 0.810015 0.0826459 0.106939 9.9964E-05
0.0752127 0.0490943 0.00788817 0.58179 0.129994 9.9991E-05 0.155921
9.9964E-05 9.9964E-05 9.9964E-05 0.80714 0.0393798 9.9964E-05 0.15308
0.0380356 9.9955E-05 9.9955E-05 0.961465 9.9955E-05 9.9955E-05 9.9955E-05
0.0398728 0.0312136 9.9982E-05 0.455467 0.0167477 9.9982E-05 0.456498
0.086788 9.9973E-05 9.9973E-05 0.735604 0.0304023 9.9973E-05 0.146906
9.9973E-05 9.9973E-05 0.00724185 0.967791 9.9973E-05 0.0192129 0.0054547
9.9973E-05 9.9973E-05 0.0391015 0.686774 9.9973E-05 0.0335004 0.240324
9.9964E-05 9.9964E-05 9.9964E-05 0.744356 0.249054 9.9964E-05 0.00618986
9.9964E-05 9.9964E-05 9.9964E-05 0.73855 9.9964E-05 0.0280907 0.232959
9.9955E-05 9.9955E-05 9.9955E-05 0.965766 9.9955E-05 0.0337345 9.9955E-05
0.00195001 9.9982E-05 9.9982E-05 0.763844 0.028486 0.15395 0.0515692
9.9955E-05 9.9955E-05 9.9955E-05 0.771322 9.9955E-05 9.9955E-05 0.228178
9.9955E-05 9.9955E-05 9.9955E-05 0.616723 9.9955E-05 9.9955E-05 0.382777
0.0897815 9.9964E-05 9.9964E-05 0.674563 9.9964E-05 9.9964E-05 0.235256
9.9964E-05 9.9964E-05 9.9964E-05 0.94759 9.9964E-05 0.00360068 0.0484092
0.0420808 0.109805 0.00312726 0.669607 0.0512407 9.9991E-05 0.124039
9.9964E-05 9.9964E-05 9.9964E-05 0.886341 9.9964E-05 0.0396388 0.0736201
9.9973E-05 0.0784764 9.9973E-05 0.815479 9.9973E-05 0.0405685 0.0651761
9.9964E-05 0.0230508 0.0723586 0.904191 9.9964E-05 9.9964E-05 9.9964E-05
0.0351961 9.9973E-05 9.9973E-05 0.724608 9.9973E-05 0.0176115 0.222284
9.9964E-05 0.0702959 0.00330156 0.926003 9.9964E-05 9.9964E-05 9.9964E-05
9.9964E-05 9.9964E-05 9.9964E-05 0.68319 9.9964E-05 0.0397071 0.276703
9.9973E-05 9.9973E-05 0.0437058 0.809482 0.0387016 9.9973E-05 0.10781
9.9964E-05 9.9964E-05 9.9964E-05 0.88426 0.0341059 0.081234 9.9964E-05
0.104758 0.00616471 9.9973E-05 0.750961 9.9973E-05 9.9973E-05 0.137816
0.0422952 9.9991E-05 0.0765004 0.519235 0.0882295 0.0398948 0.233745
9.9982E-05 0.0269225 0.0336135 0.623619 9.9982E-05 0.0636928 0.251952
9.9964E-05 0.189287 9.9964E-05 0.608209 9.9964E-05 9.9964E-05 0.202105
9.9982E-05 0.0676417 0.000685392 0.48123 9.9982E-05 0.0282833 0.421959
9.9964E-05 9.9964E-05 9.9964E-05 0.833883 0.0727869 0.0929298 9.9964E-05
9.9982E-05 0.0382192 0.0301342 0.436174 0.0724588 9.9982E-05 0.422814
9.9964E-05 0.179703 9.9964E-05 0.681773 9.9964E-05 9.9964E-05 0.138124
9.9964E-05 9.9964E-05 9.9964E-05 0.527378 9.9964E-05 0.0817886 0.390434
0.0717407 9.9973E-05 9.9973E-05 0.608903 9.9973E-05 0.147864 0.171192
0.0066292 0.0726599 9.9973E-05 0.251231 9.9973E-05 9.9973E-05 0.66918
9.9973E-05 9.9973E-05 9.9973E-05 0.45266 0.0890998 0.012374 0.445566
0.0264095 9.9964E-05 9.9964E-05 0.35897 9.9964E-05 9.9964E-05 0.614221
0.080342 9.9964E-05 9.9964E-05 0.302745 9.9964E-05 9.9964E-05 0.616513
9.9964E-05 0.00175019 9.9964E-05 0.519747 9.9964E-05 9.9964E-05 0.478103
0.0188311 9.9964E-05 9.9964E-05 0.496182 9.9964E-05 9.9964E-05 0.484587
9.9964E-05 0.059899 9.9964E-05 0.46942 9.9964E-05 9.9964E-05 0.470281
9.9964E-05 9.9964E-05 9.9964E-05 0.453931 9.9964E-05 0.011412 0.534257
9.9973E-05 9.9973E-05 9.9973E-05 0.129896 0.143153 0.0435426 0.683109
0.0985223 9.9991E-05 0.000648473 0.433638 0.0741747 0.199704 0.193212
0.015327 9.9991E-05 0.0352003 0.119518 0.0182404 0.0888383 0.722776
0.0807907 0.102578 9.9982E-05 0.0424468 9.9982E-05 0.191763 0.582222
9.9973E-05 9.9973E-05 9.9973E-05 0.232681 0.00298837 0.0865732 0.677457
9.9964E-05 9.9964E-05 9.9964E-05 0.34312 9.9964E-05 0.0332673 0.623212
9.9955E-05 9.9955E-05 9.9955E-05 0.301629 9.9955E-05 9.9955E-05 0.697872
9.9964E-05 9.9964E-05 9.9964E-05 0.459422 0.0324957 9.9964E-05 0.507682
9.9964E-05 9.9964E-05 9.9964E-05 0.205997 9.9964E-05 0.0328829 0.76072
9.9964E-05 9.9964E-05 9.9964E-05 9.9964E-05 0.0444431 0.0229147 0.932242
9.9973E-05 0.0449683 9.9973E-05 0.253746 9.9973E-05 0.0131148 0.687871
9.9964E-05 9.9964E-05 9.9964E-05 0.200573 9.9964E-05 0.0237385 0.775288
0.0362347 0.0311597 9.9991E-05 0.240675 0.00731723 0.0820284 0.602485
9.9973E-05 0.0902185 9.9973E-05 0.261346 9.9973E-05 0.0767996 0.571336
9.9982E-05 0.0349852 0.0028079 0.193251 0.0645397 9.9982E-05 0.704216
0.02725 9.9964E-05 0.0344124 9.9964E-05 9.9964E-05 9.9964E-05 0.937938
9.9964E-05 9.9964E-05 9.9964E-05 0.326577 0.140217 9.9964E-05 0.532807
9.9964E-05 0.127985 9.9964E-05 0.417546 9.9964E-05 9.9964E-05 0.454069
9.9964E-05 9.9964E-05 9.9964E-05 0.11833 0.207644 9.9964E-05 0.673626
9.9964E-05 9.9964E-05 9.9964E-05 0.157875 0.0616778 9.9964E-05 0.780047
0.023871 0.0333028 0.0199574 0.259604 9.9982E-05 9.9982E-05 0.663065
9.9973E-05 9.9973E-05 0.0463809 0.0414416 9.9973E-05 0.0820685 0.829809
9.9973E-05 0.0495315 9.9973E-05 0.137629 0.0324949 9.9973E-05 0.780045
9.995E-05 9.995E-05 9.995E-05 9.995E-05 9.995E-05 9.995E-05 0.9994
9.9973E-05 0.0305617 9.9973E-05 0.0715891 0.049963 9.9973E-05 0.847586
9.995E-05 9.995E-05 9.995E-05 9.995E-05 9.995E-05 9.995E-05 0.9994
9.995E-05 9.995E-05 9.995E-05 9.995E-05 9.995E-05 9.995E-05 0.9994
9.9955E-05 0.00252172 9.9955E-05 9.9955E-05 9.9955E-05 9.9955E-05 0.996979
9.995E-05 9.995E-05 9.995E-05 9.995E-05 9.995E-05 9.995E-05 0.9994
9.9955E-05 9.9955E-05 0.00545303 9.9955E-05 9.9955E-05 9.9955E-05 0.994047
9.995E-05 9.995E-05 9.995E-05 9.995E-05 9.995E-05 9.995E-05 0.9994
9.9964E-05 0.0233677 9.9964E-05 9.9964E-05 0.0475518 9.9964E-05 0.928681
9.995E-05 9.995E-05 9.995E-05 9.995E-05 9.995E-05 9.995E-05 0.9994
9.9955E-05 0.0594295 9.9955E-05 9.9955E-05 9.9955E-05 9.9955E-05 0.940071
9.9964E-05 0.0170164 0.014355 9.9964E-05 9.9964E-05 9.9964E-05 0.968229
9.9955E-05 9.9955E-05 9.9955E-05 9.9955E-05 9.9955E-05 0.0456105 0.95389
9.995E-05 9.995E-05 9.995E-05 9.995E-05 9.995E-05 9.995E-05 0.9994
9.9955E-05 0.0606121 9.9955E-05 9.9955E-05 9.9955E-05 9.9955E-05 0.938888
9.9955E-05 9.9955E-05 9.9955E-05 0.0645595 9.9955E-05 9.9955E-05 0.934941
9.9955E-05 0.0308108 9.9955E-05 9.9955E-05 9.9955E-05 9.9955E-05 0.968689
9.9955E-05 9.9955E-05 9.9955E-05 0.0927175 9.9955E-05 9.9955E-05 0.906783
9.9964E-05 0.002654 9.9964E-05 0.111392 9.9964E-05 9.9964E-05 0.885554
9.9973E-05 0.0253196 0.00222169 9.9973E-05 9.9973E-05 0.0216624 0.950496
9.9973E-05 9.9973E-05 0.027073 0.0378579 0.0774171 9.9973E-05 0.857352
9.9973E-05 0.0218979 9.9973E-05 0.0862322 0.000987227 9.9973E-05 0.890583
9.9973E-05 9.9973E-05 0.00192042 0.0683566 0.0555376 9.9973E-05 0.873885
9.9955E-05 9.9955E-05 9.9955E-05 9.9955E-05 9.9955E-05 0.0649893 0.934511
9.9955E-05 9.9955E-05 9.9955E-05 9.9955E-05 0.000923448 9.9955E-05 0.998577
9.9973E-05 0.0124711 9.9973E-05 9.9973E-05 0.0480264 0.00108738 0.938115
9.9955E-05 0.0364329 9.9955E-05 9.9955E-05 9.9955E-05 9.9955E-05 0.963067
9.9955E-05 0.0423621 9.9955E-05 9.9955E-05 9.9955E-05 9.9955E-05 0.957138
9.9973E-05 9.9973E-05 9.9973E-05 0.196922 0.00374869 0.0441703 0.754859
0.0330786 0.0661727 9.9982E-05 0.273039 0.0958404 9.9982E-05 0.531669
9.9964E-05 9.9964E-05 0.0447991 9.9964E-05 9.9964E-05 0.0302036 0.924597
9.9973E-05 0.0698316 0.0392155 0.28474 9.9973E-05 9.9973E-05 0.605913
9.9964E-05 0.0453374 9.9964E-05 9.9964E-05 0.00406644 9.9964E-05 0.950196
9.9982E-05 0.0156657 0.0313612 0.393914 0.142187 9.9982E-05 0.416673
9.9982E-05 0.0830274 9.9982E-05 0.141931 0.0789928 0.0274139 0.668435
0.0647759 9.9973E-05 9.9973E-05 9.9973E-05 0.0210614 0.053489 0.860374
9.99551E-05 9.99551E-05 9.99551E-05 9.99551E-05 9.99551E-05 0.111266 0.888234
0.0452866 9.9982E-05 0.00345764 0.118649 0.130205 9.9982E-05 0.702202
9.9973E-05 9.9973E-05 0.0392088 0.0524022 0.0276133 9.9973E-05 0.880476
9.9982E-05 0.114453 0.0101155 0.0802848 0.10196 9.9982E-05 0.692986
0.0122939 0.0570182 0.0175309 0.0556529 0.0863469 9.9991E-05 0.771057
9.9964E-05 9.9964E-05 0.0175689 0.162689 9.9964E-05 9.9964E-05 0.819343
0.0761124 0.0428221 0.0503604 9.9991E-05 0.09637 0.0449637 0.689271
0.149685 9.9955E-05 9.9955E-05 9.9955E-05 9.9955E-05 9.9955E-05 0.849815
0.0608232 9.9973E-05 9.9973E-05 0.0225321 9.9973E-05 0.00158624 0.914758
0.0560876 0.0510931 9.9982E-05 0.170638 9.9982E-05 0.0141805 0.707801
9.9964E-05 0.054025 9.9964E-05 9.9964E-05 0.0730052 9.9964E-05 0.87257
