9.9955E-05 0.0621255 0.0107487 0.0980057 0.0154218 9.9955E-05 9.9955E-05 9.9955E-05 0.731906 9.9955E-05 0.0251548 0.0193064 0.00709081 0.0297408
0.0951285 9.9955E-05 9.9955E-05 9.9955E-05 0.0385924 0.00502592 0.0684545 0.0126828 0.740071 0.00960065 0.00371411 9.9955E-05 0.0262301 9.9955E-05
9.98831E-05 9.98831E-05 9.98831E-05 9.98831E-05 9.98831E-05 9.98831E-05 9.98831E-05 9.98831E-05 0.998702 9.98831E-05 9.98831E-05 9.98831E-05 9.98831E-05 9.98831E-05
0.093339 9.9937E-05 9.9937E-05 0.00349421 0.0290528 9.9937E-05 9.9937E-05 0.126086 0.698203 0.0448857 9.9937E-05 9.9937E-05 9.9937E-05 0.00423977
9.99101E-05 9.99101E-05 9.99101E-05 9.99101E-05 0.0453671 9.99101E-05 0.116344 0.154306 0.682983 9.99101E-05 9.99101E-05 9.99101E-05 9.99101E-05 9.99101E-05
9.9928E-05 9.9928E-05 0.00440903 0.0411857 9.9928E-05 9.9928E-05 9.9928E-05 0.0998376 0.789637 9.9928E-05 9.9928E-05 0.00358118 9.9928E-05 0.0605505
9.99191E-05 0.215774 0.0119915 0.0577926 9.99191E-05 0.0628748 9.99191E-05 9.99191E-05 0.650668 9.99191E-05 9.99191E-05 9.99191E-05 9.99191E-05 9.99191E-05
9.99011E-05 9.99011E-05 9.99011E-05 0.0248509 9.99011E-05 9.99011E-05 0.0994731 9.99011E-05 0.874577 9.99011E-05 9.99011E-05 9.99011E-05 9.99011E-05 9.99011E-05
9.9928E-05 9.9928E-05 0.00891139 0.116086 0.0244629 9.9928E-05 9.9928E-05 9.9928E-05 0.738707 0.0833535 9.9928E-05 9.9928E-05 0.0276801 9.9928E-05
9.99011E-05 9.99011E-05 9.99011E-05 9.99011E-05 9.99011E-05 9.99011E-05 0.0636798 9.99011E-05 0.870548 9.99011E-05 9.99011E-05 9.99011E-05 0.0646735 9.99011E-05
9.99101E-05 9.99101E-05 9.99101E-05 9.99101E-05 9.99101E-05 9.99101E-05 0.0742976 9.99101E-05 0.748258 0.0136883 9.99101E-05 0.162757 9.99101E-05 9.99101E-05
9.98831E-05 9.98831E-05 9.98831E-05 9.98831E-05 9.98831E-05 9.98831E-05 9.98831E-05 9.98831E-05 9.98831E-05 9.98831E-05 0.998702 9.98831E-05 9.98831E-05 9.98831E-05
0.060372 9.9946E-05 9.9946E-05 9.9946E-05 0.121379 0.039384 0.0390263 9.9946E-05 0.0218507 9.9946E-05 0.640646 9.9946E-05 0.0380928 0.0386503
0.0293242 9.9919E-05 9.9919E-05 9.9919E-05 9.9919E-05 9.9919E-05 9.9919E-05 0.415928 9.9919E-05 0.0174723 0.321068 9.9919E-05 0.215308 9.9919E-05
9.9946E-05 0.0880462 9.9946E-05 0.128598 0.00450237 0.0158956 9.9946E-05 0.240919 0.0608554 9.9946E-05 0.179289 9.9946E-05 0.281294 9.9946E-05
9.9919E-05 9.9919E-05 9.9919E-05 0.180708 9.9919E-05 9.9919E-05 9.9919E-05 0.0247417 9.9919E-05 9.9919E-05 0.381063 9.9919E-05 0.312445 0.100143
9.9919E-05 0.107217 9.9919E-05 9.9919E-05 9.9919E-05 9.9919E-05 9.9919E-05 0.0642736 0.0243121 9.9919E-05 0.70125 0.102049 9.9919E-05 9.9919E-05
0.00359707 9.9928E-05 0.0131335 9.9928E-05 9.9928E-05 9.9928E-05 0.0954049 9.9928E-05 9.9928E-05 9.9928E-05 0.627154 0.0532441 9.9928E-05 0.206667
0.0786136 9.9955E-05 0.0144094 0.12246 0.0290912 9.9955E-05 0.0543564 9.9955E-05 9.9955E-05 0.0400145 0.415511 9.9955E-05 0.226562 0.0184816
0.00244162 9.9928E-05 9.9928E-05 9.9928E-05 9.9928E-05 9.9928E-05 9.9928E-05 0.436335 9.9928E-05 9.9928E-05 0.229568 0.0527315 0.270586 0.00753767
0.0864182 9.9955E-05 0.0222773 0.073538 9.9955E-05 0.0644315 0.188239 9.9955E-05 0.0493592 0.0136327 0.23259 9.9955E-05 0.269014 9.9955E-05
0.545742 9.9919E-05 9.9919E-05 9.9919E-05 9.9919E-05 9.9919E-05 9.9919E-05 9.9919E-05 9.9919E-05 0.0565307 9.9919E-05 0.114975 0.177094 0.104759
0.628475 9.9928E-05 9.9928E-05 0.0530624 9.9928E-05 0.0206868 9.9928E-05 0.0812694 9.9928E-05 9.9928E-05 9.9928E-05 9.9928E-05 0.15766 0.0580463
0.628211 0.0641644 9.9955E-05 9.9955E-05 9.9955E-05 0.0280425 0.0406441 0.0121943 0.0853712 0.029255 0.0930842 9.9955E-05 9.9955E-05 0.0185333
0.974992 9.99011E-05 9.99011E-05 9.99011E-05 0.01485 9.99011E-05 9.99011E-05 9.99011E-05 9.99011E-05 9.99011E-05 9.99011E-05 0.00905909 9.99011E-05 9.99011E-05
0.506454 0.0905016 9.9946E-05 0.0631426 9.9946E-05 0.0319793 9.9946E-05 0.144105 9.9946E-05 0.0188158 9.9946E-05 9.9946E-05 0.0778775 0.0665242
0.340485 9.9973E-05 0.0242527 0.0703312 0.0299172 0.00805322 0.153717 0.0219592 0.0342351 0.0248588 0.0647972 0.227093 9.9973E-05 9.9973E-05
0.995021 9.98921E-05 9.98921E-05 9.98921E-05 9.98921E-05 9.98921E-05 0.00378013 9.98921E-05 9.98921E-05 9.98921E-05 9.98921E-05 9.98921E-05 9.98921E-05 9.98921E-05
0.761856 0.226285 9.99191E-05 9.99191E-05 9.99191E-05 9.99191E-05 9.99191E-05 9.99191E-05 9.99191E-05 9.99191E-05 0.000233706 0.00338771 0.00733844 9.99191E-05
0.945763 9.99191E-05 0.0050881 0.0261251 0.0148675 9.99191E-05 9.99191E-05 9.99191E-05 9.99191E-05 9.99191E-05 0.00725747 9.99191E-05 9.99191E-05 9.99191E-05
0.0486519 0.133096 9.9946E-05 9.9946E-05 0.0891007 9.9946E-05 0.0883699 0.0618342 9.9946E-05 9.9946E-05 9.9946E-05 0.0428121 0.0809376 0.454598
9.9937E-05 0.408379 0.00792878 0.0254539 9.9937E-05 9.9937E-05 9.9937E-05 9.9937E-05 0.107562 9.9937E-05 0.0198159 0.129558 9.9937E-05 0.300603
0.0848227 0.00577641 0.0569873 9.9937E-05 9.9937E-05 9.9937E-05 0.222151 9.9937E-05 0.00514255 9.9937E-05 9.9937E-05 0.235258 0.389162 9.9937E-05
0.0360961 9.9937E-05 0.169722 0.0387535 9.9937E-05 9.9937E-05 9.9937E-05 0.070984 9.9937E-05 0.0316617 9.9937E-05 9.9937E-05 0.482135 0.169949
0.119878 0.0399292 0.146399 0.0761168 9.9955E-05 0.0659323 9.9955E-05 9.9955E-05 0.0976142 0.0890368 9.9955E-05 9.9955E-05 0.237042 0.127552
9.99191E-05 9.99191E-05 0.0277468 9.99191E-05 9.99191E-05 9.99191E-05 0.0385607 0.0529046 9.99191E-05 9.99191E-05 9.99191E-05 9.99191E-05 0.691151 0.188737
0.216939 9.9946E-05 0.0747086 0.047813 9.9946E-05 9.9946E-05 9.9946E-05 0.014631 0.103608 9.9946E-05 0.0288964 0.112574 0.40023 9.9946E-05
0.132689 9.9937E-05 9.9937E-05 0.229225 9.9937E-05 0.0571325 0.0113784 9.9937E-05 9.9937E-05 9.9937E-05 0.273837 0.121266 0.173773 9.9937E-05
9.98831E-05 9.98831E-05 0.998702 9.98831E-05 9.98831E-05 9.98831E-05 9.98831E-05 9.98831E-05 9.98831E-05 9.98831E-05 9.98831E-05 9.98831E-05 9.98831E-05 9.98831E-05
9.9946E-05 9.9946E-05 0.75177 0.0356699 0.00557089 0.00576597 0.0479322 0.0207623 0.0784162 9.9946E-05 9.9946E-05 0.0535125 9.9946E-05 9.9946E-05
9.98831E-05 9.98831E-05 9.98831E-05 9.98831E-05 9.98831E-05 9.98831E-05 9.98831E-05 9.98831E-05 9.98831E-05 9.98831E-05 9.98831E-05 9.98831E-05 0.998702 9.98831E-05
9.9919E-05 0.019184 0.268109 0.117919 9.9919E-05 9.9919E-05 9.9919E-05 9.9919E-05 9.9919E-05 9.9919E-05 9.9919E-05 9.9919E-05 0.503068 0.0908209
9.9892E-05 9.9892E-05 9.9892E-05 9.9892E-05 9.9892E-05 9.9892E-05 0.00312299 9.9892E-05 9.9892E-05 9.9892E-05 9.9892E-05 9.9892E-05 0.995678 9.9892E-05
0.192159 9.9946E-05 0.0444661 9.9946E-05 0.047155 9.9946E-05 9.9946E-05 9.9946E-05 0.0207049 9.9946E-05 0.0898675 0.132559 0.460711 0.0117772
9.9937E-05 9.9937E-05 0.39758 9.9937E-05 9.9937E-05 9.9937E-05 0.146354 0.0667569 9.9937E-05 0.0933208 9.9937E-05 0.0282447 0.113842 0.153203
0.0602442 9.9928E-05 9.9928E-05 9.9928E-05 9.9928E-05 9.9928E-05 0.112496 0.0530318 9.9928E-05 9.9928E-05 9.9928E-05 0.149874 0.00700227 0.616553
9.99101E-05 9.99101E-05 9.99101E-05 0.21294 9.99101E-05 0.0237734 9.99101E-05 9.99101E-05 9.99101E-05 9.99101E-05 9.99101E-05 0.109926 9.99101E-05 0.652361
9.9937E-05 0.106026 9.9937E-05 9.9937E-05 9.9937E-05 0.0492249 9.9937E-05 0.105771 0.17257 9.9937E-05 0.108952 0.121967 9.9937E-05 0.33479
9.9919E-05 0.10065 9.9919E-05 9.9919E-05 9.9919E-05 9.9919E-05 9.9919E-05 9.9919E-05 9.9919E-05 9.9919E-05 0.115121 0.0787496 0.224166 0.480415
9.9928E-05 9.9928E-05 0.0377871 9.9928E-05 9.9928E-05 9.9928E-05 9.9928E-05 0.0877425 0.0498824 0.0406076 9.9928E-05 0.0328161 9.9928E-05 0.750365
9.9937E-05 0.141787 9.9937E-05 0.053185 0.0186035 9.9937E-05 0.00371274 0.132104 9.9937E-05 9.9937E-05 9.9937E-05 9.9937E-05 0.129899 0.520009
0.0674092 9.9928E-05 9.9928E-05 9.9928E-05 9.9928E-05 9.9928E-05 0.152654 0.00265228 9.9928E-05 0.07007 9.9928E-05 0.0212531 9.9928E-05 0.685161
9.98921E-05 9.98921E-05 0.00451871 9.98921E-05 9.98921E-05 9.98921E-05 9.98921E-05 9.98921E-05 9.98921E-05 9.98921E-05 9.98921E-05 9.98921E-05 9.98921E-05 0.994283
0.170717 0.098859 9.9946E-05 9.9946E-05 0.0102995 9.9946E-05 0.208958 9.9946E-05 9.9946E-05 0.0581511 9.9946E-05 0.098184 0.000434711 0.353798
0.0857753 0.102594 0.0259404 9.9964E-05 0.133809 0.0386039 9.9964E-05 9.9964E-05 0.0413755 0.00398631 0.078569 9.9964E-05 0.000900315 0.488046
9.9946E-05 0.0412846 9.9946E-05 9.9946E-05 0.176021 0.00493412 0.0241028 0.144296 9.9946E-05 0.0199128 9.9946E-05 9.9946E-05 0.0648145 0.524034
9.99281E-05 0.183075 9.99281E-05 0.0506759 9.99281E-05 9.99281E-05 0.121234 9.99281E-05 9.99281E-05 0.0223161 9.99281E-05 0.0277489 9.99281E-05 0.59415
0.142925 0.061109 9.9928E-05 9.9928E-05 9.9928E-05 9.9928E-05 0.027102 9.9928E-05 9.9928E-05 9.9928E-05 0.0199837 9.9928E-05 0.00449663 0.743584
9.9946E-05 0.0136003 0.0851635 0.0277292 0.00572731 9.9946E-05 9.9946E-05 9.9946E-05 0.106708 9.9946E-05 0.0255338 0.275805 9.9946E-05 0.459133
0.167509 9.9928E-05 9.9928E-05 9.9928E-05 0.0289586 9.9928E-05 9.9928E-05 0.0801698 0.0975887 9.9928E-05 9.9928E-05 9.9928E-05 0.036965 0.588009
9.9928E-05 9.9928E-05 0.0274517 9.9928E-05 0.229581 9.9928E-05 9.9928E-05 9.9928E-05 9.9928E-05 9.9928E-05 0.0770669 0.00784623 0.0677022 0.589553
0.0239083 9.9946E-05 9.9946E-05 9.9946E-05 9.9946E-05 0.0332546 0.0166021 0.0203083 0.0234459 9.9946E-05 0.00877294 0.524088 9.9946E-05 0.349021
0.101351 0.576139 9.9946E-05 0.0341998 0.0473455 0.0230475 9.9946E-05 9.9946E-05 9.9946E-05 0.0591439 9.9946E-05 0.010473 9.9946E-05 0.1477
9.9928E-05 0.657803 9.9928E-05 0.06024 9.9928E-05 9.9928E-05 9.9928E-05 0.0490592 9.9928E-05 9.9928E-05 9.9928E-05 0.173967 0.0202772 0.0378542
0.113659 0.405688 0.0158938 9.9955E-05 0.0199548 9.9955E-05 0.0761269 9.9955E-05 0.0085805 0.00607864 0.130937 0.222581 9.9955E-05 9.9955E-05
9.9919E-05 0.744798 9.9919E-05 9.9919E-05 9.9919E-05 0.0213559 0.134009 9.9919E-05 9.9919E-05 9.9919E-05 0.0388143 9.9919E-05 0.060123 9.9919E-05
0.101296 0.567499 9.9946E-05 9.9946E-05 9.9946E-05 0.0319162 0.0799424 0.0393848 0.00964205 0.0511491 9.9946E-05 9.9946E-05 0.118571 9.9946E-05
9.9928E-05 0.672271 9.9928E-05 9.9928E-05 0.125572 9.9928E-05 9.9928E-05 9.9928E-05 9.9928E-05 0.0298101 9.9928E-05 0.0182305 0.0815051 0.071811
0.0287088 0.848113 9.9928E-05 0.00247797 0.043687 9.9928E-05 9.9928E-05 9.9928E-05 9.9928E-05 9.9928E-05 9.9928E-05 0.0524119 9.9928E-05 0.0238015
9.99101E-05 0.517922 9.99101E-05 9.99101E-05 0.0282973 9.99101E-05 0.071528 0.381254 9.99101E-05 9.99101E-05 9.99101E-05 9.99101E-05 9.99101E-05 9.99101E-05
9.9919E-05 0.530866 9.9919E-05 0.117267 9.9919E-05 0.0208887 9.9919E-05 0.0999749 9.9919E-05 9.9919E-05 9.9919E-05 0.230104 9.9919E-05 9.9919E-05
0.00609035 0.662485 9.9937E-05 9.9937E-05 9.9937E-05 9.9937E-05 9.9937E-05 0.109618 0.0244077 0.0623862 0.0518305 0.0824833 9.9937E-05 9.9937E-05
9.9928E-05 0.65474 0.077801 0.0922954 0.0614548 9.9928E-05 0.111779 9.9928E-05 0.00113018 9.9928E-05 9.9928E-05 9.9928E-05 9.9928E-05 9.9928E-05
0.0102648 0.386397 9.9937E-05 9.9937E-05 0.21521 9.9937E-05 0.0763746 9.9937E-05 0.0425413 9.9937E-05 0.00263145 9.9937E-05 0.265881 9.9937E-05
9.99281E-05 0.826859 9.99281E-05 9.99281E-05 0.0374766 0.00358258 9.99281E-05 9.99281E-05 0.0540014 9.99281E-05 0.00750759 9.99281E-05 9.99281E-05 0.0697734
9.9928E-05 0.742304 0.0478389 0.0281919 9.9928E-05 9.9928E-05 0.130757 9.9928E-05 9.9928E-05 0.0380933 9.9928E-05 9.9928E-05 9.9928E-05 0.0120149
9.9919E-05 0.696286 9.9919E-05 9.9919E-05 0.0258971 9.9919E-05 0.118808 0.141127 9.9919E-05 9.9919E-05 9.9919E-05 9.9919E-05 0.0169835 9.9919E-05
9.9946E-05 0.338953 0.0164182 9.9946E-05 9.9946E-05 9.9946E-05 0.297932 0.0286157 9.9946E-05 0.00297512 0.0636791 0.119434 9.9946E-05 0.131394
9.99191E-05 0.140579 9.99191E-05 9.99191E-05 0.504266 9.99191E-05 9.99191E-05 0.104581 0.0182097 9.99191E-05 9.99191E-05 9.99191E-05 0.231465 9.99191E-05
9.99101E-05 9.99101E-05 0.00504562 9.99101E-05 0.841999 9.99101E-05 0.047495 9.99101E-05 9.99101E-05 9.99101E-05 0.104462 9.99101E-05 9.99101E-05 9.99101E-05
9.991E-05 0.170937 9.991E-05 9.991E-05 0.610764 9.991E-05 0.0674379 0.149862 9.991E-05 9.991E-05 9.991E-05 9.991E-05 9.991E-05 9.991E-05
9.9928E-05 0.0318225 0.0483535 9.9928E-05 0.665905 9.9928E-05 9.9928E-05 0.15406 9.9928E-05 9.9928E-05 0.0485156 9.9928E-05 9.9928E-05 0.0505434
0.0599667 9.9919E-05 9.9919E-05 9.9919E-05 0.718787 9.9919E-05 9.9919E-05 9.9919E-05 0.0547318 9.9919E-05 9.9919E-05 0.10344 0.0621747 9.9919E-05
0.0505371 0.0476477 9.9937E-05 0.156656 0.517481 9.9937E-05 9.9937E-05 0.0869604 9.9937E-05 0.0140352 9.9937E-05 0.125983 9.9937E-05 9.9937E-05
9.99201E-05 0.0693439 9.99201E-05 9.99201E-05 0.712954 0.0677667 9.99201E-05 0.0680485 9.99201E-05 0.0154821 9.99201E-05 0.0656054 9.99201E-05 9.99201E-05
0.0652139 9.9919E-05 9.9919E-05 9.9919E-05 0.751699 9.9919E-05 9.9919E-05 9.9919E-05 0.107625 0.00912423 9.9919E-05 0.065439 9.9919E-05 9.9919E-05
9.991E-05 9.991E-05 0.00601382 9.991E-05 0.931762 0.0124548 9.991E-05 9.991E-05 9.991E-05 9.991E-05 9.991E-05 0.0487698 9.991E-05 9.991E-05
0.100205 0.0500977 9.9928E-05 9.9928E-05 0.0546621 9.9928E-05 0.101765 9.9928E-05 9.9928E-05 9.9928E-05 9.9928E-05 0.613817 9.9928E-05 0.0786541
9.9901E-05 9.9901E-05 9.9901E-05 0.0575794 9.9901E-05 9.9901E-05 9.9901E-05 9.9901E-05 9.9901E-05 9.9901E-05 9.9901E-05 0.934503 0.00681863 9.9901E-05
9.99191E-05 9.99191E-05 9.99191E-05 9.99191E-05 0.10534 0.00727866 0.0555465 9.99191E-05 0.0272286 9.99191E-05 9.99191E-05 0.803707 9.99191E-05 9.99191E-05
9.99281E-05 0.0286783 9.99281E-05 0.0707721 9.99281E-05 9.99281E-05 9.99281E-05 9.99281E-05 0.01946 0.00295352 0.158332 0.719005 9.99281E-05 9.99281E-05
0.0295106 9.9937E-05 9.9937E-05 0.0239891 0.0956473 9.9937E-05 9.9937E-05 0.0228876 0.107494 9.9937E-05 0.0120126 0.707759 9.9937E-05 9.9937E-05
9.9937E-05 9.9937E-05 0.106051 0.0550928 9.9937E-05 0.0233323 9.9937E-05 9.9937E-05 9.9937E-05 9.9937E-05 0.0128448 0.480563 0.0988211 0.222596
9.9928E-05 9.9928E-05 9.9928E-05 0.0408875 0.174451 0.0245512 9.9928E-05 9.9928E-05 9.9928E-05 0.00477346 9.9928E-05 0.459644 9.9928E-05 0.294894
0.0766344 9.9928E-05 0.00871501 0.0788176 9.9928E-05 9.9928E-05 9.9928E-05 9.9928E-05 0.0470428 0.108323 9.9928E-05 0.679668 9.9928E-05 9.9928E-05
9.99191E-05 0.00844608 9.99191E-05 9.99191E-05 9.99191E-05 9.99191E-05 0.0418736 9.99191E-05 9.99191E-05 9.99191E-05 0.00843468 0.747829 0.192518 9.99191E-05
9.9928E-05 0.121653 9.9928E-05 9.9928E-05 0.0725878 9.9928E-05 0.0825598 9.9928E-05 0.0812942 9.9928E-05 9.9928E-05 0.552991 0.0881144 9.9928E-05
9.9946E-05 0.0042956 0.0455007 9.9946E-05 0.0674339 9.9946E-05 0.1453 9.9946E-05 0.0327146 9.9946E-05 0.0651766 0.595386 9.9946E-05 0.0435922
0.0538449 9.9964E-05 0.0215861 0.0402201 0.0578298 0.0331371 0.0636955 9.9964E-05 0.140949 0.0526622 9.9964E-05 0.518576 9.9964E-05 0.0170991
0.0230654 0.00255043 9.9964E-05 9.9964E-05 0.120585 9.9964E-05 0.0378428 0.046778 0.05337 0.0122988 0.0130962 0.550731 0.139283 9.9964E-05
0.0120074 0.137345 9.9928E-05 9.9928E-05 9.9928E-05 9.9928E-05 9.9928E-05 0.133573 0.121032 9.9928E-05 9.9928E-05 0.533657 9.9928E-05 0.0615859
0.0414566 0.257823 0.00392172 9.9937E-05 9.9937E-05 9.9937E-05 9.9937E-05 0.168421 0.0671185 9.9937E-05 9.9937E-05 0.37933 0.0812294 9.9937E-05
0.0102696 9.9946E-05 0.0252214 9.9946E-05 0.143407 9.9946E-05 9.9946E-05 0.234223 0.0018269 0.0183051 9.9946E-05 0.428145 9.9946E-05 0.138002
0.104928 9.9928E-05 9.9928E-05 9.9928E-05 0.03713 0.00945083 9.9928E-05 9.9928E-05 9.9928E-05 0.0453576 0.0220918 0.780242 9.9928E-05 9.9928E-05
9.9937E-05 0.0598883 9.9937E-05 9.9937E-05 0.0232866 0.0132935 9.9937E-05 0.322252 9.9937E-05 0.0197974 9.9937E-05 0.55395 0.00683285 9.9937E-05
9.99281E-05 0.128684 9.99281E-05 9.99281E-05 9.99281E-05 9.99281E-05 0.0201564 0.0744402 9.99281E-05 0.028463 9.99281E-05 0.688367 0.05909 9.99281E-05
0.0422632 0.369413 9.9955E-05 0.0579328 9.9955E-05 0.00324095 0.126437 0.308968 9.9955E-05 0.00198101 9.9955E-05 9.9955E-05 0.0567345 0.03253
9.9946E-05 0.240388 9.9946E-05 9.9946E-05 0.119053 0.0163696 0.353718 0.0351463 0.0116214 9.9946E-05 9.9946E-05 0.115535 0.107569 9.9946E-05
0.0476385 0.310867 9.9937E-05 9.9937E-05 9.9937E-05 9.9937E-05 0.214356 0.174388 0.0444998 9.9937E-05 9.9937E-05 0.181171 0.0263808 9.9937E-05
0.147044 0.275729 9.9928E-05 9.9928E-05 0.0249068 9.9928E-05 0.298083 0.116729 9.9928E-05 9.9928E-05 9.9928E-05 0.136708 9.9928E-05 9.9928E-05
9.9919E-05 9.9919E-05 9.9919E-05 0.0627801 0.0354497 9.9919E-05 0.220987 0.645337 9.9919E-05 0.0345475 9.9919E-05 9.9919E-05 9.9919E-05 9.9919E-05
0.034635 9.9937E-05 9.9937E-05 9.9937E-05 0.00635023 9.9937E-05 0.143386 0.680249 9.9937E-05 9.9937E-05 0.0523924 0.0648132 9.9937E-05 0.0174748
9.9919E-05 0.00400889 9.9919E-05 0.235578 9.9919E-05 9.9919E-05 0.118695 0.632314 0.00850469 9.9919E-05 9.9919E-05 9.9919E-05 9.9919E-05 9.9919E-05
0.00843454 9.9955E-05 0.0195969 0.305642 9.9955E-05 0.010394 9.9955E-05 0.392508 0.0711961 0.0655667 9.9955E-05 9.9955E-05 0.0270559 0.0991056
9.9919E-05 0.0925133 9.9919E-05 9.9919E-05 0.0932915 0.00839543 0.00119645 0.803704 9.9919E-05 9.9919E-05 9.9919E-05 9.9919E-05 9.9919E-05 9.9919E-05
9.9919E-05 9.9919E-05 9.9919E-05 9.9919E-05 9.9919E-05 0.00678129 0.0775015 0.725359 0.162837 9.9919E-05 9.9919E-05 9.9919E-05 0.0266218 9.9919E-05
0.0256452 9.9955E-05 0.00541638 0.144749 0.0331683 9.9955E-05 9.9955E-05 0.440434 0.215351 0.0430006 0.0553105 9.9955E-05 9.9955E-05 0.0364251
0.0409456 0.158864 9.9928E-05 0.164882 9.9928E-05 9.9928E-05 0.131137 0.411092 0.0922798 9.9928E-05 9.9928E-05 9.9928E-05 9.9928E-05 9.9928E-05
9.9946E-05 9.9946E-05 0.040502 0.166377 9.9946E-05 9.9946E-05 0.0121369 0.683789 0.00388808 0.0352814 9.9946E-05 9.9946E-05 0.00377278 0.0536531
0.0700639 9.9955E-05 9.9955E-05 9.9955E-05 0.0173545 0.00156469 0.334258 0.370198 0.122508 0.020949 0.0231196 9.9955E-05 0.039485 9.9955E-05
9.98921E-05 9.98921E-05 9.98921E-05 9.98921E-05 9.98921E-05 9.98921E-05 0.0601695 0.938632 9.98921E-05 9.98921E-05 9.98921E-05 9.98921E-05 9.98921E-05 9.98921E-05
0.0723711 0.0434988 0.0122045 0.318423 0.0449122 0.0116216 0.247258 0.151156 0.0441784 9.9973E-05 0.046977 0.00709887 9.9973E-05 9.9973E-05
9.9928E-05 9.9928E-05 9.9928E-05 9.9928E-05 9.9928E-05 0.00243551 0.170966 0.710764 9.9928E-05 0.0530411 9.9928E-05 0.0330564 9.9928E-05 0.0289374
9.9955E-05 0.0740293 9.9955E-05 0.366182 9.9955E-05 0.019168 0.0239716 0.279109 0.106721 0.0497601 9.9955E-05 0.0262983 9.9955E-05 0.0542603
9.98831E-05 9.98831E-05 9.98831E-05 9.98831E-05 9.98831E-05 9.98831E-05 9.98831E-05 9.98831E-05 9.98831E-05 0.998702 9.98831E-05 9.98831E-05 9.98831E-05 9.98831E-05
9.9937E-05 9.9937E-05 0.0719523 0.376456 9.9937E-05 0.0375954 0.202356 0.197492 9.9937E-05 9.9937E-05 9.9937E-05 0.0868041 9.9937E-05 0.0266455
9.993E-05 9.993E-05 0.0299447 0.508579 9.993E-05 9.993E-05 0.128547 0.179509 9.993E-05 0.0592028 9.993E-05 9.993E-05 0.0499416 0.0435767
9.98831E-05 9.98831E-05 9.98831E-05 9.98831E-05 9.98831E-05 9.98831E-05 9.98831E-05 9.98831E-05 9.98831E-05 0.998702 9.98831E-05 9.98831E-05 9.98831E-05 9.98831E-05
9.9919E-05 9.9919E-05 9.9919E-05 0.458393 9.9919E-05 9.9919E-05 0.263692 0.0825149 0.146865 0.0476363 9.9919E-05 9.9919E-05 9.9919E-05 9.9919E-05
0.00646748 0.00521364 9.9928E-05 0.412239 9.9928E-05 9.9928E-05 9.9928E-05 0.492742 9.9928E-05 9.9928E-05 9.9928E-05 0.070777 9.9928E-05 0.0117616
9.994E-05 0.0452629 9.994E-05 0.142868 9.994E-05 9.994E-05 0.174324 0.307414 9.994E-05 0.219132 0.0184556 9.994E-05 0.0474727 0.0444714
9.9928E-05 0.0275949 9.9928E-05 0.625511 0.0248802 9.9928E-05 0.143771 9.9928E-05 0.0341018 0.143341 9.9928E-05 9.9928E-05 9.9928E-05 9.9928E-05
9.99101E-05 9.99101E-05 9.99101E-05 0.890937 9.99101E-05 9.99101E-05 9.99101E-05 9.99101E-05 9.99101E-05 0.0354052 0.0623073 9.99101E-05 9.99101E-05 0.0103516
9.99281E-05 0.000974684 9.99281E-05 0.454494 9.99281E-05 9.99281E-05 0.396333 9.99281E-05 9.99281E-05 0.074328 0.0352814 9.99281E-05 9.99281E-05 0.0377888
0.0454993 9.9946E-05 9.9946E-05 0.542897 0.0425383 0.0129098 0.124641 0.0179674 0.0116568 0.201291 9.9946E-05 9.9946E-05 9.9946E-05 9.9946E-05
9.9928E-05 9.9928E-05 0.0268565 0.846428 9.9928E-05 9.9928E-05 0.00946529 0.0721344 0.0232049 0.0211119 9.9928E-05 9.9928E-05 9.9928E-05 9.9928E-05
0.0121323 9.99191E-05 9.99191E-05 0.777705 9.99191E-05 0.0243636 0.184793 9.99191E-05 9.99191E-05 9.99191E-05 9.99191E-05 9.99191E-05 0.000106173 9.99191E-05
9.9919E-05 0.184646 9.9919E-05 0.690379 9.9919E-05 9.9919E-05 0.0120858 9.9919E-05 9.9919E-05 0.0436376 9.9919E-05 9.9919E-05 0.0683518 9.9919E-05
9.99281E-05 9.99281E-05 9.99281E-05 0.779109 0.0150248 9.99281E-05 0.150151 9.99281E-05 0.00819536 9.99281E-05 9.99281E-05 0.0359195 0.0108002 9.99281E-05
9.98921E-05 9.98921E-05 9.98921E-05 0.977881 9.98921E-05 9.98921E-05 9.98921E-05 9.98921E-05 9.98921E-05 9.98921E-05 9.98921E-05 0.0209205 9.98921E-05 9.98921E-05
0.0278071 9.9937E-05 9.9937E-05 0.650059 9.9937E-05 0.0421978 9.9937E-05 0.0604611 9.9937E-05 0.0372205 9.9937E-05 0.130624 0.0509305 9.9937E-05
9.99101E-05 9.99101E-05 9.99101E-05 0.736566 0.0607677 0.0902993 0.111368 9.99101E-05 9.99101E-05 9.99101E-05 9.99101E-05 9.99101E-05 9.99101E-05 9.99101E-05
9.9928E-05 9.9928E-05 9.9928E-05 0.576508 0.0578082 0.00165669 0.341026 0.00377189 9.9928E-05 0.0184294 9.9928E-05 9.9928E-05 9.9928E-05 9.9928E-05
0.00189264 9.9928E-05 9.9928E-05 0.628851 9.9928E-05 0.0425684 0.175117 9.9928E-05 9.9928E-05 0.0390898 9.9928E-05 9.9928E-05 9.9928E-05 0.111681
0.00598802 9.99011E-05 9.99011E-05 0.944087 9.99011E-05 9.99011E-05 9.99011E-05 9.99011E-05 9.99011E-05 0.0488263 9.99011E-05 9.99011E-05 9.99011E-05 9.99011E-05
0.0185101 0.027351 0.0218965 0.543958 9.9964E-05 9.9964E-05 0.202114 0.062985 0.0932021 0.00585741 0.0136732 9.9964E-05 0.0100531 9.9964E-05
9.9928E-05 9.9928E-05 9.9928E-05 0.872396 0.0109499 9.9928E-05 0.0345363 9.9928E-05 0.0155324 0.0570806 9.9928E-05 0.00870545 9.9928E-05 9.9928E-05
0.0211694 0.0149607 0.0131812 0.619733 9.9946E-05 9.9946E-05 0.0666724 0.0742527 0.104967 0.0844638 9.9946E-05 9.9946E-05 9.9946E-05 9.9946E-05
9.9919E-05 9.9919E-05 0.0249337 0.57458 9.9919E-05 9.9919E-05 0.0165612 0.323272 9.9919E-05 9.9919E-05 9.9919E-05 9.9919E-05 9.9919E-05 0.0597531
0.034812 9.9937E-05 9.9937E-05 0.583327 0.00682216 0.013168 0.203723 9.9937E-05 9.9937E-05 0.121091 9.9937E-05 9.9937E-05 9.9937E-05 0.0363577
9.99191E-05 9.99191E-05 9.99191E-05 0.802791 0.0233697 9.99191E-05 9.99191E-05 0.0122153 0.0661314 9.99191E-05 0.0945935 9.99191E-05 9.99191E-05 9.99191E-05
9.9919E-05 9.9919E-05 9.9919E-05 0.379949 9.9919E-05 0.0501354 0.279996 0.258554 9.9919E-05 9.9919E-05 9.9919E-05 9.9919E-05 9.9919E-05 0.0304652
9.99101E-05 9.99101E-05 9.99101E-05 0.661384 9.99101E-05 9.99101E-05 0.131993 0.159452 9.99101E-05 9.99101E-05 0.0461717 9.99101E-05 9.99101E-05 9.99101E-05
9.9937E-05 0.0481906 9.9937E-05 0.793604 0.00773523 9.9937E-05 9.9937E-05 9.9937E-05 0.0580725 9.9937E-05 9.9937E-05 0.0224218 0.0348036 0.034473
0.0130076 9.9946E-05 9.9946E-05 0.512407 9.9946E-05 9.9946E-05 0.186489 0.134915 0.040326 9.9946E-05 0.0476622 9.9946E-05 0.046624 0.0179697
0.0301917 0.0270777 0.053013 0.359367 9.9946E-05 9.9946E-05 0.262312 0.166793 9.9946E-05 9.9946E-05 9.9946E-05 0.0749406 0.0257057 9.9946E-05
9.9946E-05 9.9946E-05 0.0167382 0.344552 9.9946E-05 0.0289892 0.25114 0.182311 9.9946E-05 0.0309345 0.102125 0.0426108 9.9946E-05 9.9946E-05
9.9937E-05 9.9937E-05 9.9937E-05 0.403073 0.0184049 0.0336211 0.0996716 0.175966 0.173941 0.094623 9.9937E-05 9.9937E-05 9.9937E-05 9.9937E-05
9.9937E-05 9.9937E-05 0.0194386 0.10547 9.9937E-05 0.022397 0.381919 0.328812 0.0640317 0.0772326 9.9937E-05 9.9937E-05 9.9937E-05 9.9937E-05
9.9946E-05 0.159261 0.0104188 0.683385 9.9946E-05 0.0114833 0.0224132 0.0519387 9.9946E-05 9.9946E-05 9.9946E-05 0.0057532 0.0547467 9.9946E-05
9.9955E-05 0.00320126 9.9955E-05 0.263101 0.0297846 0.00512473 0.435329 0.178077 0.00881975 9.9955E-05 0.0256281 9.9955E-05 0.0504346 9.9955E-05
9.99101E-05 9.99101E-05 9.99101E-05 0.449686 9.99101E-05 9.99101E-05 0.260532 0.139383 0.1494 9.99101E-05 9.99101E-05 9.99101E-05 9.99101E-05 9.99101E-05
9.9937E-05 9.9937E-05 9.9937E-05 0.385518 9.9937E-05 0.113774 0.335991 0.0740994 9.9937E-05 0.0242546 0.0218548 0.0438092 9.9937E-05 9.9937E-05
9.9937E-05 9.9937E-05 9.9937E-05 0.472549 0.0104868 0.0120334 0.163262 0.181302 9.9937E-05 9.9937E-05 0.0928894 0.066777 9.9937E-05 9.9937E-05
0.066648 9.9928E-05 9.9928E-05 0.158304 0.0216839 9.9928E-05 0.669423 9.9928E-05 0.0418581 0.0412842 9.9928E-05 9.9928E-05 9.9928E-05 9.9928E-05
9.9928E-05 0.00934473 9.9928E-05 0.318682 0.0217298 0.0499903 0.440596 0.158858 9.9928E-05 9.9928E-05 9.9928E-05 9.9928E-05 9.9928E-05 9.9928E-05
0.0413135 9.99191E-05 9.99191E-05 0.402521 9.99191E-05 0.0418639 0.473205 9.99191E-05 9.99191E-05 0.0401973 9.99191E-05 9.99191E-05 9.99191E-05 9.99191E-05
0.073895 9.99281E-05 9.99281E-05 0.27225 9.99281E-05 0.0264999 0.51128 9.99281E-05 9.99281E-05 0.100356 9.99281E-05 9.99281E-05 9.99281E-05 0.0149197
0.0113147 0.0127512 9.9937E-05 0.451152 9.9937E-05 0.0987152 0.28824 0.135216 0.0019119 9.9937E-05 9.9937E-05 9.9937E-05 9.9937E-05 9.9937E-05
0.0394627 9.99191E-05 9.99191E-05 0.498415 9.99191E-05 0.0148259 0.322018 9.99191E-05 9.99191E-05 0.124379 9.99191E-05 9.99191E-05 9.99191E-05 9.99191E-05
0.0168682 9.9928E-05 9.9928E-05 0.412439 0.0692904 0.0406229 0.418231 9.9928E-05 0.0417485 9.9928E-05 9.9928E-05 9.9928E-05 9.9928E-05 9.9928E-05
0.00419856 9.99191E-05 9.99191E-05 0.510375 9.99191E-05 9.99191E-05 0.401718 9.99191E-05 9.99191E-05 0.0617288 9.99191E-05 0.0210803 9.99191E-05 9.99191E-05
9.9955E-05 0.0169162 0.0109655 0.0665144 9.9955E-05 0.0380882 0.58431 0.169387 0.0612992 9.9955E-05 9.9955E-05 9.9955E-05 0.0136142 0.0384049
9.996E-05 0.0103307 0.0188975 0.267141 9.996E-05 0.0474867 0.193521 0.223535 0.0293728 9.996E-05 9.996E-05 0.0346448 0.066033 0.108637
0.0114062 9.9937E-05 9.9937E-05 0.0872709 0.0786945 0.0623466 0.673656 9.9937E-05 9.9937E-05 9.9937E-05 9.9937E-05 0.0486164 0.03731 9.9937E-05
0.0756886 9.9955E-05 9.9955E-05 0.0763567 0.0740836 9.9955E-05 0.522521 9.9955E-05 0.0998829 0.0102639 9.9955E-05 0.0690588 0.0125128 0.0591323
9.9937E-05 9.9937E-05 9.9937E-05 0.192798 0.00101962 0.0193832 0.605674 9.9937E-05 0.00411444 0.0868745 9.9937E-05 0.0894366 9.9937E-05 9.9937E-05
9.99191E-05 9.99191E-05 9.99191E-05 0.283157 9.99191E-05 9.99191E-05 0.56169 0.0553504 9.99191E-05 0.0791671 9.99191E-05 0.0197357 9.99191E-05 9.99191E-05
9.99001E-05 9.99001E-05 9.99001E-05 0.300826 9.99001E-05 0.0276227 0.647917 9.99001E-05 9.99001E-05 9.99001E-05 9.99001E-05 9.99001E-05 0.0226361 9.99001E-05
9.9919E-05 9.9919E-05 9.9919E-05 0.284612 9.9919E-05 9.9919E-05 0.514571 0.131861 9.9919E-05 0.0625531 9.9919E-05 9.9919E-05 0.00550384 9.9919E-05
9.99101E-05 9.99101E-05 9.99101E-05 0.118856 9.99101E-05 9.99101E-05 0.751988 0.125511 9.99101E-05 9.99101E-05 9.99101E-05 0.0026458 9.99101E-05 9.99101E-05
9.99011E-05 9.99011E-05 9.99011E-05 9.99011E-05 9.99011E-05 9.99011E-05 0.828998 0.162154 9.99011E-05 9.99011E-05 9.99011E-05 0.00774947 9.99011E-05 9.99011E-05
0.0378708 9.9928E-05 9.9928E-05 0.140503 0.0500471 0.0309949 0.679815 9.9928E-05 0.0599696 9.9928E-05 9.9928E-05 9.9928E-05 9.9928E-05 9.9928E-05
0.038931 9.99101E-05 9.99101E-05 0.189856 9.99101E-05 0.0490575 0.721157 9.99101E-05 9.99101E-05 9.99101E-05 9.99101E-05 9.99101E-05 9.99101E-05 9.99101E-05
0.0415614 9.9964E-05 9.9964E-05 0.124288 0.0451154 0.120661 0.479963 0.134103 0.0269829 0.0120114 0.00658553 0.00832785 9.9964E-05 9.9964E-05
9.9946E-05 9.9946E-05 9.9946E-05 0.237358 9.9946E-05 0.0181311 0.540435 0.00242536 0.108891 0.0198655 9.9946E-05 0.0489464 0.0233485 9.9946E-05
9.99191E-05 9.99191E-05 9.99191E-05 0.0886029 9.99191E-05 0.0197031 0.607696 0.233651 9.99191E-05 9.99191E-05 9.99191E-05 9.99191E-05 0.0494476 9.99191E-05
9.99011E-05 9.99011E-05 0.0259752 9.99011E-05 9.99011E-05 9.99011E-05 0.957376 9.99011E-05 9.99011E-05 9.99011E-05 0.0155499 9.99011E-05 9.99011E-05 9.99011E-05
0.00115512 0.0466791 9.9964E-05 0.275685 0.0371103 0.00540677 0.497071 0.0556348 0.0378585 0.021686 9.9964E-05 0.0213136 9.9964E-05 9.9964E-05
9.99281E-05 9.99281E-05 9.99281E-05 0.338567 9.99281E-05 0.0224165 0.42623 9.99281E-05 0.175935 0.0110459 9.99281E-05 0.0250059 9.99281E-05 9.99281E-05
0.0525888 9.9946E-05 0.00321631 0.0533649 0.0566827 9.9946E-05 0.672839 0.107587 0.0099521 0.0431701 9.9946E-05 9.9946E-05 9.9946E-05 9.9946E-05
9.9937E-05 9.9937E-05 0.00168559 0.122425 0.0183144 0.0435902 0.660882 0.0560479 9.9937E-05 0.0963555 9.9937E-05 9.9937E-05 9.9937E-05 9.9937E-05
0.0102951 9.9955E-05 0.0302926 0.220368 9.9955E-05 0.0151927 0.614054 0.0305297 0.0314438 9.9955E-05 0.0231152 9.9955E-05 9.9955E-05 0.024209
9.99281E-05 9.99281E-05 0.023618 0.122628 9.99281E-05 0.0694662 0.708801 9.99281E-05 9.99281E-05 9.99281E-05 9.99281E-05 0.0682476 0.00643976 9.99281E-05
0.0148042 9.9928E-05 9.9928E-05 0.149529 0.0255178 0.0169393 0.767665 9.9928E-05 0.0247444 9.9928E-05 9.9928E-05 9.9928E-05 9.9928E-05 9.9928E-05
9.99101E-05 9.99101E-05 9.99101E-05 0.0123596 9.99101E-05 0.00389138 0.97109 9.99101E-05 9.99101E-05 9.99101E-05 0.01166 9.99101E-05 9.99101E-05 9.99101E-05
9.99101E-05 9.99101E-05 9.99101E-05 9.99101E-05 9.99101E-05 9.99101E-05 0.755665 0.197236 0.0378473 0.0082519 9.99101E-05 9.99101E-05 9.99101E-05 9.99101E-05
9.98921E-05 9.98921E-05 9.98921E-05 9.98921E-05 9.98921E-05 9.98921E-05 0.977104 9.98921E-05 9.98921E-05 0.0216969 9.98921E-05 9.98921E-05 9.98921E-05 9.98921E-05
9.98921E-05 9.98921E-05 9.98921E-05 9.98921E-05 9.98921E-05 9.98921E-05 0.99731 9.98921E-05 9.98921E-05 0.00149112 9.98921E-05 9.98921E-05 9.98921E-05 9.98921E-05
9.98922E-05 9.98922E-05 9.98922E-05 9.98922E-05 9.98922E-05 9.98922E-05 0.991707 9.98922E-05 0.00709427 9.98922E-05 9.98922E-05 9.98922E-05 9.98922E-05 9.98922E-05
9.98921E-05 0.008601 9.98921E-05 9.98921E-05 9.98921E-05 9.98921E-05 0.9902 9.98921E-05 9.98921E-05 9.98921E-05 9.98921E-05 9.98921E-05 9.98921E-05 9.98921E-05
9.99011E-05 9.99011E-05 0.0042067 9.99011E-05 9.99011E-05 9.99011E-05 0.958566 9.99011E-05 9.99011E-05 0.0361286 9.99011E-05 9.99011E-05 9.99011E-05 9.99011E-05
9.98831E-05 9.98831E-05 9.98831E-05 9.98831E-05 9.98831E-05 9.98831E-05 0.998702 9.98831E-05 9.98831E-05 9.98831E-05 9.98831E-05 9.98831E-05 9.98831E-05 9.98831E-05
9.99101E-05 0.0333908 9.99101E-05 9.99101E-05 9.99101E-05 9.99101E-05 0.942906 9.99101E-05 9.99101E-05 0.0126739 9.99101E-05 9.99101E-05 0.0100298 9.99101E-05
9.99011E-05 9.99011E-05 9.99011E-05 9.99011E-05 9.99011E-05 0.0148413 0.976982 9.99011E-05 9.99011E-05 0.0070777 9.99011E-05 9.99011E-05 9.99011E-05 9.99011E-05
9.99101E-05 9.99101E-05 9.99101E-05 9.99101E-05 0.0287404 9.99101E-05 0.872297 9.99101E-05 0.0430598 0.0549034 9.99101E-05 9.99101E-05 9.99101E-05 9.99101E-05
9.98921E-05 9.98921E-05 9.98921E-05 9.98921E-05 9.98921E-05 9.98921E-05 0.990703 9.98921E-05 9.98921E-05 9.98921E-05 9.98921E-05 9.98921E-05 0.00809793 9.98921E-05
9.99191E-05 9.99191E-05 9.99191E-05 0.130407 9.99191E-05 0.0206987 0.824549 9.99191E-05 9.99191E-05 0.00114196 9.99191E-05 0.0223045 9.99191E-05 9.99191E-05
9.99011E-05 0.00539153 9.99011E-05 9.99011E-05 9.99011E-05 9.99011E-05 0.961258 0.0322519 9.99011E-05 9.99011E-05 9.99011E-05 9.99011E-05 9.99011E-05 9.99011E-05
9.99191E-05 9.99191E-05 9.99191E-05 0.0267175 9.99191E-05 0.00188304 0.945885 9.99191E-05 0.0113691 0.0132459 9.99191E-05 9.99191E-05 9.99191E-05 9.99191E-05
0.0058094 9.99011E-05 9.99011E-05 0.0736297 9.99011E-05 9.99011E-05 0.919462 9.99011E-05 9.99011E-05 9.99011E-05 9.99011E-05 9.99011E-05 9.99011E-05 9.99011E-05
0.0104185 9.99011E-05 9.99011E-05 9.99011E-05 9.99011E-05 9.99011E-05 0.927007 9.99011E-05 9.99011E-05 9.99011E-05 0.0614754 9.99011E-05 9.99011E-05 9.99011E-05
9.99191E-05 9.99191E-05 9.99191E-05 9.99191E-05 9.99191E-05 0.00580269 0.833108 0.138757 0.00926666 0.0121657 9.99191E-05 9.99191E-05 9.99191E-05 9.99191E-05
9.99191E-05 9.99191E-05 9.99191E-05 0.167015 9.99191E-05 9.99191E-05 0.810653 9.99191E-05 0.00376975 0.01421 0.00345278 9.99191E-05 9.99191E-05 9.99191E-05
9.99281E-05 9.99281E-05 9.99281E-05 9.99281E-05 0.0110418 0.0131246 0.899879 0.0192609 9.99281E-05 9.99281E-05 9.99281E-05 0.00411355 9.99281E-05 0.0517808
9.99191E-05 0.101351 9.99191E-05 9.99191E-05 0.00727357 9.99191E-05 0.776327 0.0651322 9.99191E-05 0.0490167 9.99191E-05 9.99191E-05 9.99191E-05 9.99191E-05
0.00953113 0.0213496 9.993E-05 0.0866437 9.993E-05 9.993E-05 0.762285 9.993E-05 0.0132462 0.0937462 9.993E-05 9.993E-05 0.0124985 9.993E-05
9.99101E-05 9.99101E-05 9.99101E-05 0.0956073 0.0305398 9.99101E-05 0.845331 9.99101E-05 9.99101E-05 9.99101E-05 0.0275232 9.99101E-05 9.99101E-05 9.99101E-05
9.99011E-05 9.99011E-05 9.99011E-05 9.99011E-05 9.99011E-05 0.00237545 0.931717 9.99011E-05 9.99011E-05 9.99011E-05 9.99011E-05 0.0648088 9.99011E-05 9.99011E-05
0.0115545 9.99191E-05 9.99191E-05 9.99191E-05 9.99191E-05 0.011481 0.902655 9.99191E-05 0.0487516 0.0246589 9.99191E-05 9.99191E-05 9.99191E-05 9.99191E-05
9.9928E-05 9.9928E-05 9.9928E-05 9.9928E-05 0.0566625 0.0131872 0.885465 9.9928E-05 0.0104348 0.010568 9.9928E-05 9.9928E-05 0.0228832 9.9928E-05
9.99011E-05 9.99011E-05 9.99011E-05 9.99011E-05 9.99011E-05 0.0174938 0.92111 9.99011E-05 0.060297 9.99011E-05 9.99011E-05 9.99011E-05 9.99011E-05 9.99011E-05
9.98921E-05 9.98921E-05 9.98921E-05 9.98921E-05 0.0140105 9.98921E-05 0.984791 9.98921E-05 9.98921E-05 9.98921E-05 9.98921E-05 9.98921E-05 9.98921E-05 9.98921E-05
9.99191E-05 9.99191E-05 9.99191E-05 0.0853033 0.0536235 0.0140224 0.807593 9.99191E-05 9.99191E-05 0.0385581 9.99191E-05 9.99191E-05 9.99191E-05 9.99191E-05
9.9937E-05 0.0519916 9.9937E-05 0.169265 9.9937E-05 0.0230123 0.567006 0.0564174 9.9937E-05 9.9937E-05 0.0983671 9.9937E-05 9.9937E-05 0.0332404
0.0117172 9.99371E-05 9.99371E-05 0.00466627 9.99371E-05 9.99371E-05 0.890088 9.99371E-05 9.99371E-05 0.0313279 9.99371E-05 0.0404625 0.00100959 0.0200293
9.99281E-05 9.99281E-05 0.00578344 0.155762 9.99281E-05 0.00541701 0.651334 0.039764 9.99281E-05 9.99281E-05 0.14114 9.99281E-05 9.99281E-05 9.99281E-05
0.0288675 9.9928E-05 0.00940003 9.9928E-05 9.9928E-05 0.0839401 0.797431 9.9928E-05 0.00942411 0.0701374 9.9928E-05 9.9928E-05 9.9928E-05 9.9928E-05
9.9955E-05 0.0501757 9.9955E-05 0.235729 0.00730367 0.00527539 0.523158 0.0676057 0.0350296 9.9955E-05 0.000163586 9.9955E-05 0.07506 9.9955E-05
0.0244148 9.9946E-05 9.9946E-05 9.9946E-05 9.9946E-05 0.170838 0.461069 0.239991 0.0419098 0.0041266 0.0160632 0.0409883 9.9946E-05 9.9946E-05
9.9919E-05 0.0408561 9.9919E-05 9.9919E-05 9.9919E-05 0.66803 0.266467 9.9919E-05 9.9919E-05 0.0090024 9.9919E-05 9.9919E-05 9.9919E-05 0.0147456
9.98831E-05 9.98831E-05 9.98831E-05 9.98831E-05 9.98831E-05 0.998702 9.98831E-05 9.98831E-05 9.98831E-05 9.98831E-05 9.98831E-05 9.98831E-05 9.98831E-05 9.98831E-05
9.9946E-05 0.0170815 0.0241108 0.104395 9.9946E-05 0.414078 0.229458 0.193942 0.00247622 9.9946E-05 0.0138588 9.9946E-05 9.9946E-05 9.9946E-05
9.99281E-05 0.00793787 0.023749 0.0417927 9.99281E-05 9.99281E-05 0.86732 9.99281E-05 9.99281E-05 0.0233263 0.0350742 9.99281E-05 9.99281E-05 9.99281E-05
9.9955E-05 9.9955E-05 0.0209946 0.0107953 9.9955E-05 0.115523 0.586319 0.155381 0.0841694 0.0196216 9.9955E-05 0.00170471 0.00499239 9.9955E-05
0.0627453 9.9937E-05 0.00127058 9.9937E-05 9.9937E-05 0.0331669 0.764966 0.0729711 0.0326012 0.0315788 9.9937E-05 9.9937E-05 9.9937E-05 9.9937E-05
9.9928E-05 0.0223355 0.0148617 0.14004 9.9928E-05 0.0429806 0.764295 9.9928E-05 9.9928E-05 9.9928E-05 0.0146879 9.9928E-05 9.9928E-05 9.9928E-05
9.9946E-05 9.9946E-05 9.9946E-05 9.9946E-05 0.0363666 0.0783955 0.577991 0.193445 0.00041421 9.9946E-05 9.9946E-05 0.0332108 0.0544429 0.025134
0.00822619 9.9954E-05 0.0264258 0.00320104 0.0308883 0.0538592 0.692817 9.9954E-05 9.9954E-05 9.9954E-05 9.9954E-05 9.9954E-05 0.0711891 0.112793
9.99191E-05 9.99191E-05 9.99191E-05 9.99191E-05 9.99191E-05 0.0874137 0.732153 0.0963117 9.99191E-05 9.99191E-05 9.99191E-05 0.0409712 9.99191E-05 0.0422515
9.9946E-05 9.9946E-05 0.0178745 0.114501 9.9946E-05 0.0557976 0.674666 0.000161502 0.0686189 9.9946E-05 9.9946E-05 9.9946E-05 0.00753591 0.060245
9.9937E-05 9.9937E-05 9.9937E-05 9.9937E-05 0.0718144 0.110014 0.711608 0.0094539 0.00436159 0.075659 9.9937E-05 9.9937E-05 9.9937E-05 0.0163903
