9.99191E-05 0.668716 9.99191E-05 9.99191E-05 0.0123117 9.99191E-05 0.0957647 0.0670847 9.99191E-05 9.99191E-05 0.0111495 9.99191E-05 9.99191E-05 0.00602662 0.138047 9.99191E-05
0.0922135 0.725855 0.0378609 0.0698873 9.9928E-05 9.9928E-05 9.9928E-05 0.019647 9.9928E-05 9.9928E-05 9.9928E-05 0.0223149 9.9928E-05 0.0185591 9.9928E-05 0.0128634
9.98652E-05 0.998502 9.98652E-05 9.98652E-05 9.98652E-05 9.98652E-05 9.98652E-05 9.98652E-05 9.98652E-05 9.98652E-05 9.98652E-05 9.98652E-05 9.98652E-05 9.98652E-05 9.98652E-05 9.98652E-05
0.0631921 0.677681 0.013853 9.9928E-05 9.9928E-05 9.9928E-05 9.9928E-05 9.9928E-05 0.0595823 9.9928E-05 9.9928E-05 0.11346 9.9928E-05 0.0224815 0.0419682 0.00698308
9.98921E-05 0.715685 9.98921E-05 9.98921E-05 9.98921E-05 9.98921E-05 9.98921E-05 9.98921E-05 9.98921E-05 9.98921E-05 9.98921E-05 0.0898741 9.98921E-05 0.0171022 0.17614 9.98921E-05
9.99011E-05 0.800018 9.99011E-05 9.99011E-05 0.0489632 9.99011E-05 9.99011E-05 9.99011E-05 0.0627139 9.99011E-05 0.00911957 0.078086 9.99011E-05 9.99011E-05 9.99011E-05 9.99011E-05
9.99101E-05 0.614174 9.99101E-05 0.0317914 0.0465483 0.262336 9.99101E-05 9.99101E-05 9.99101E-05 0.0352627 0.0088886 9.99101E-05 9.99101E-05 9.99101E-05 9.99101E-05 9.99101E-05
9.98921E-05 0.886552 0.00420532 0.0424107 0.0656334 9.98921E-05 9.98921E-05 9.98921E-05 9.98921E-05 9.98921E-05 9.98921E-05 9.98921E-05 9.98921E-05 9.98921E-05 9.98921E-05 9.98921E-05
9.99101E-05 0.664054 9.99101E-05 9.99101E-05 0.125226 9.99101E-05 9.99101E-05 0.0283378 0.0339756 9.99101E-05 9.99101E-05 9.99101E-05 0.0279827 9.99101E-05 9.99101E-05 0.119426
9.98831E-05 0.855694 9.98831E-05 9.98831E-05 9.98831E-05 9.98831E-05 9.98831E-05 9.98831E-05 9.98831E-05 9.98831E-05 9.98831E-05 9.98831E-05 0.119095 9.98831E-05 0.0239122 9.98831E-05
9.99011E-05 0.731173 9.99011E-05 0.0741348 9.99011E-05 9.99011E-05 0.142564 9.99011E-05 9.99011E-05 9.99011E-05 0.035516 9.99011E-05 9.99011E-05 9.99011E-05 0.015514 9.99011E-05
9.98651E-05 9.98651E-05 0.998502 9.98651E-05 9.98651E-05 9.98651E-05 9.98651E-05 9.98651E-05 9.98651E-05 9.98651E-05 9.98651E-05 9.98651E-05 9.98651E-05 9.98651E-05 9.98651E-05 9.98651E-05
0.0113476 0.00751119 0.542186 0.0930299 9.9928E-05 9.9928E-05 9.9928E-05 9.9928E-05 9.9928E-05 0.00652147 9.9928E-05 9.9928E-05 0.215327 0.0820218 0.0412556 9.9928E-05
0.00905699 9.98921E-05 0.40284 9.98921E-05 9.98921E-05 9.98921E-05 9.98921E-05 0.0755381 9.98921E-05 9.98921E-05 9.98921E-05 0.511366 9.98921E-05 9.98921E-05 9.98921E-05 9.98921E-05
9.9946E-05 0.036541 0.178807 0.000909506 9.9946E-05 0.130487 9.9946E-05 0.032146 9.9946E-05 0.0567175 9.9946E-05 0.165872 0.273314 0.0480806 9.9946E-05 0.076526
9.991E-05 9.991E-05 0.19178 9.991E-05 0.0878994 9.991E-05 9.991E-05 0.0289081 9.991E-05 9.991E-05 9.991E-05 0.0270473 0.623502 9.991E-05 0.0398639 9.991E-05
9.9892E-05 9.9892E-05 0.726117 9.9892E-05 9.9892E-05 0.0753305 0.0927111 9.9892E-05 9.9892E-05 9.9892E-05 9.9892E-05 0.104643 9.9892E-05 9.9892E-05 9.9892E-05 9.9892E-05
9.991E-05 9.991E-05 0.53867 0.0875729 0.0361385 9.991E-05 0.0233981 9.991E-05 0.203773 9.991E-05 9.991E-05 9.991E-05 0.109449 9.991E-05 9.991E-05 9.991E-05
9.991E-05 9.991E-05 0.25365 0.090636 0.0564083 9.991E-05 9.991E-05 9.991E-05 9.991E-05 9.991E-05 9.991E-05 0.0160707 0.577755 9.991E-05 0.00448056 9.991E-05
9.9919E-05 9.9919E-05 0.191175 0.00857303 9.9919E-05 9.9919E-05 9.9919E-05 0.106413 0.0232962 9.9919E-05 9.9919E-05 0.374437 0.291955 9.9919E-05 9.9919E-05 0.00325166
0.0122791 0.0703818 0.323053 0.0436731 9.9946E-05 0.0720943 9.9946E-05 0.275769 9.9946E-05 0.0438235 9.9946E-05 9.9946E-05 0.0172964 9.9946E-05 0.131609 0.00942079
0.533864 9.991E-05 9.991E-05 9.991E-05 9.991E-05 9.991E-05 0.158517 0.0735613 0.0755509 9.991E-05 9.991E-05 9.991E-05 0.131742 9.991E-05 9.991E-05 0.0257653
0.52285 9.99101E-05 9.99101E-05 9.99101E-05 9.99101E-05 9.99101E-05 9.99101E-05 0.0152684 0.0374927 9.99101E-05 9.99101E-05 0.0353832 0.27518 9.99101E-05 0.112827 9.99101E-05
0.683363 0.0815546 0.0705016 0.0185079 9.9937E-05 0.0211577 9.9937E-05 0.0317649 0.0193789 0.0243028 9.9937E-05 9.9937E-05 9.9937E-05 9.9937E-05 9.9937E-05 0.0487689
0.959205 9.98831E-05 9.98831E-05 9.98831E-05 9.98831E-05 9.98831E-05 0.0362522 9.98831E-05 9.98831E-05 9.98831E-05 9.98831E-05 9.98831E-05 9.98831E-05 0.00324409 9.98831E-05 9.98831E-05
0.526929 9.9919E-05 9.9919E-05 9.9919E-05 9.9919E-05 0.00234911 0.06522 0.108419 0.0332867 9.9919E-05 9.9919E-05 0.257749 9.9919E-05 9.9919E-05 9.9919E-05 0.00514713
0.364294 0.0496165 0.0794901 0.0673343 9.9946E-05 9.9946E-05 0.204946 0.025293 9.9946E-05 9.9946E-05 0.00957397 9.9946E-05 9.9946E-05 0.0554968 0.134535 0.00881962
0.998502 9.98651E-05 9.98651E-05 9.98651E-05 9.98651E-05 9.98651E-05 9.98651E-05 9.98651E-05 9.98651E-05 9.98651E-05 9.98651E-05 9.98651E-05 9.98651E-05 9.98651E-05 9.98651E-05 9.98651E-05
0.679591 9.98921E-05 9.98921E-05 9.98921E-05 9.98921E-05 0.182345 9.98921E-05 0.131353 9.98921E-05 9.98921E-05 9.98921E-05 9.98921E-05 9.98921E-05 9.98921E-05 0.00551345 9.98921E-05
0.938039 9.98921E-05 9.98921E-05 9.98921E-05 0.0461094 9.98921E-05 9.98921E-05 9.98921E-05 0.0096419 9.98921E-05 0.00501101 9.98921E-05 9.98921E-05 9.98921E-05 9.98921E-05 9.98921E-05
0.0549906 9.9928E-05 9.9928E-05 9.9928E-05 9.9928E-05 0.112372 0.177497 9.9928E-05 0.398347 9.9928E-05 0.0112079 9.9928E-05 0.0368556 0.0726023 0.135329 9.9928E-05
9.99191E-05 0.101339 0.0624723 9.99191E-05 9.99191E-05 0.381158 0.166992 0.0471269 0.238142 9.99191E-05 0.00186951 9.99191E-05 9.99191E-05 9.99191E-05 9.99191E-05 9.99191E-05
9.99191E-05 0.0117918 9.99191E-05 0.0356693 9.99191E-05 9.99191E-05 0.115288 0.0371567 9.99191E-05 9.99191E-05 0.0658373 9.99191E-05 0.490323 9.99191E-05 0.243034 9.99191E-05
0.0942179 9.99191E-05 9.99191E-05 9.99191E-05 0.0780656 9.99191E-05 9.99191E-05 0.547126 0.0846986 9.99191E-05 0.160804 0.0223549 9.99191E-05 9.99191E-05 9.99191E-05 0.011834
0.111484 0.083261 9.9955E-05 0.0242127 0.0490563 0.00415762 9.9955E-05 0.210135 9.9955E-05 0.0601026 0.142888 9.9955E-05 0.160296 9.9955E-05 0.0739265 0.0799809
9.98921E-05 9.98921E-05 9.98921E-05 9.98921E-05 9.98921E-05 9.98921E-05 0.0723367 0.793111 0.108171 9.98921E-05 0.025182 9.98921E-05 9.98921E-05 9.98921E-05 9.98921E-05 9.98921E-05
0.061923 0.092132 9.9919E-05 9.9919E-05 0.0147441 9.9919E-05 9.9919E-05 0.0344409 9.9919E-05 9.9919E-05 0.0179643 0.0617956 0.716101 9.9919E-05 9.9919E-05 9.9919E-05
0.087058 9.9937E-05 0.143401 0.0378333 0.241979 0.00488266 0.0709104 9.9937E-05 9.9937E-05 0.0334726 0.0147738 9.9937E-05 0.364989 9.9937E-05 9.9937E-05 9.9937E-05
9.98651E-05 9.98651E-05 9.98651E-05 9.98651E-05 9.98651E-05 9.98651E-05 9.98651E-05 9.98651E-05 9.98651E-05 9.98651E-05 0.998502 9.98651E-05 9.98651E-05 9.98651E-05 9.98651E-05 9.98651E-05
9.9919E-05 0.107229 9.9919E-05 0.0598154 0.0313195 9.9919E-05 9.9919E-05 9.9919E-05 9.9919E-05 0.016466 0.769221 0.000686168 0.0143641 9.9919E-05 9.9919E-05 9.9919E-05
9.98651E-05 9.98651E-05 9.98651E-05 9.98651E-05 9.98651E-05 9.98651E-05 9.98651E-05 0.998502 9.98651E-05 9.98651E-05 9.98651E-05 9.98651E-05 9.98651E-05 9.98651E-05 9.98651E-05 9.98651E-05
9.9919E-05 9.9919E-05 9.9919E-05 9.9919E-05 0.0851279 0.034199 9.9919E-05 0.317942 0.0573479 0.00813605 0.263041 9.9919E-05 0.233306 9.9919E-05 9.9919E-05 9.9919E-05
9.98741E-05 9.98741E-05 9.98741E-05 9.98741E-05 9.98741E-05 9.98741E-05 9.98741E-05 0.964422 9.98741E-05 9.98741E-05 9.98741E-05 9.98741E-05 9.98741E-05 9.98741E-05 0.0341802 9.98741E-05
9.98651E-05 9.98651E-05 9.98651E-05 9.98651E-05 9.98651E-05 9.98651E-05 9.98651E-05 9.98651E-05 9.98651E-05 9.98651E-05 9.98651E-05 9.98651E-05 0.998502 9.98651E-05 9.98651E-05 9.98651E-05
9.9928E-05 9.9928E-05 9.9928E-05 0.0535419 9.9928E-05 9.9928E-05 9.9928E-05 0.0507352 0.0955564 9.9928E-05 0.439896 0.0044473 0.114915 9.9928E-05 0.162622 0.077487
0.0918978 9.991E-05 9.991E-05 0.0792143 9.991E-05 9.991E-05 0.139612 9.991E-05 0.522467 9.991E-05 9.991E-05 0.0560458 0.109764 9.991E-05 9.991E-05 9.991E-05
9.99011E-05 0.0132629 9.99011E-05 9.99011E-05 0.201053 9.99011E-05 0.140692 9.99011E-05 0.611798 0.0320955 9.99011E-05 9.99011E-05 9.99011E-05 9.99011E-05 9.99011E-05 9.99011E-05
0.0255581 0.0992047 0.128902 9.9937E-05 0.120616 0.146706 0.212362 9.9937E-05 0.220232 0.029774 0.0159453 9.9937E-05 9.9937E-05 9.9937E-05 9.9937E-05 9.9937E-05
9.991E-05 9.991E-05 0.205086 9.991E-05 9.991E-05 0.0250768 0.16482 0.157429 0.404351 9.991E-05 9.991E-05 0.0422383 9.991E-05 9.991E-05 9.991E-05 9.991E-05
9.9919E-05 9.9919E-05 9.9919E-05 9.9919E-05 9.9919E-05 9.9919E-05 0.018881 9.9919E-05 0.621338 9.9919E-05 0.0264121 0.019948 0.220622 9.9919E-05 0.0473131 0.044586
9.9928E-05 9.9928E-05 0.000861824 9.9928E-05 0.0216748 0.223978 9.9928E-05 0.192013 0.400892 9.9928E-05 9.9928E-05 0.0241313 9.9928E-05 0.0215082 0.114142 9.9928E-05
0.111057 9.9928E-05 0.0356168 0.119075 9.9928E-05 0.00543872 0.0267201 0.049846 0.544552 9.9928E-05 9.9928E-05 9.9928E-05 9.9928E-05 9.9928E-05 9.9928E-05 0.106894
9.98741E-05 9.98741E-05 9.98741E-05 9.98741E-05 9.98741E-05 9.98741E-05 9.98741E-05 9.98741E-05 0.965629 9.98741E-05 0.0329731 9.98741E-05 9.98741E-05 9.98741E-05 9.98741E-05 9.98741E-05
0.185561 9.9928E-05 9.9928E-05 0.0831665 9.9928E-05 0.128996 0.0448533 0.0199358 0.320535 9.9928E-05 9.9928E-05 9.9928E-05 9.9928E-05 9.9928E-05 0.166966 0.0491866
0.0510205 0.0403849 0.0338607 9.9955E-05 0.00811488 0.143367 9.9955E-05 0.0607677 0.519092 0.0428832 0.0154906 0.0268783 9.9955E-05 0.0576409 9.9955E-05 9.9955E-05
9.9919E-05 9.9919E-05 9.9919E-05 9.9919E-05 9.9919E-05 0.0658219 9.9919E-05 0.0516926 0.560478 9.9919E-05 9.9919E-05 0.138732 9.9919E-05 0.0968279 0.0711675 0.0143808
0.0516407 9.9928E-05 0.0255438 0.0763755 9.9928E-05 0.132555 0.0930846 9.9928E-05 0.474153 9.9928E-05 9.9928E-05 9.9928E-05 9.9928E-05 9.9928E-05 0.119735 0.0261118
0.0856558 9.9901E-05 9.9901E-05 0.0444237 9.9901E-05 0.0222102 9.9901E-05 9.9901E-05 0.622764 9.9901E-05 9.9901E-05 9.9901E-05 0.223847 9.9901E-05 9.9901E-05 9.9901E-05
9.9946E-05 0.0585597 0.104879 9.9946E-05 0.0215099 0.00946663 0.311364 0.0181639 0.386539 9.9946E-05 0.0580732 9.9946E-05 9.9946E-05 0.00883789 0.0220071 9.9946E-05
0.13886 0.0755834 9.9919E-05 9.9919E-05 9.9919E-05 9.9919E-05 9.9919E-05 0.0845619 0.572808 9.9919E-05 9.9919E-05 0.0607959 0.064757 0.00173509 9.9919E-05 9.9919E-05
9.99191E-05 9.99191E-05 0.0111278 9.99191E-05 0.000420437 9.99191E-05 9.99191E-05 0.146621 0.532808 9.99191E-05 0.0274355 9.99191E-05 0.0277336 0.252955 9.99191E-05 9.99191E-05
0.0740494 0.0441378 9.9937E-05 0.011459 9.9937E-05 9.9937E-05 0.447829 0.0313466 0.329267 0.0338302 0.000871114 9.9937E-05 0.0265109 9.9937E-05 9.9937E-05 9.9937E-05
0.091978 0.0210299 9.9946E-05 9.9946E-05 0.0117791 0.544066 9.9946E-05 9.9946E-05 0.103155 0.0221742 9.9946E-05 9.9946E-05 0.0641957 0.0765559 0.00512623 0.0593407
9.991E-05 9.991E-05 9.991E-05 9.991E-05 0.0664963 0.638549 0.190373 0.0513564 9.991E-05 0.00534531 9.991E-05 0.0468805 9.991E-05 9.991E-05 9.991E-05 9.991E-05
0.0769659 0.00387136 0.0468897 0.0304135 9.9964E-05 0.462983 0.140254 9.9964E-05 0.0172994 9.9964E-05 0.0627177 9.9964E-05 0.105526 0.0129446 0.00096811 0.0387676
9.99101E-05 9.99101E-05 0.0280276 0.1407 9.99101E-05 0.673379 9.99101E-05 9.99101E-05 0.0269051 0.0410297 9.99101E-05 0.0889587 9.99101E-05 9.99101E-05 9.99101E-05 9.99101E-05
0.0737697 9.9919E-05 9.9919E-05 0.0696992 9.9919E-05 0.594223 9.9919E-05 9.9919E-05 9.9919E-05 0.0435348 9.9919E-05 0.00643284 0.18559 9.9919E-05 9.9919E-05 0.0258517
0.0328894 9.9919E-05 9.9919E-05 9.9919E-05 9.9919E-05 0.677138 0.0381646 0.0894855 0.00610115 9.9919E-05 9.9919E-05 9.9919E-05 9.9919E-05 0.102654 9.9919E-05 0.0526679
0.0560117 0.00102083 9.99191E-05 9.99191E-05 9.99191E-05 0.829757 0.0442046 9.99191E-05 0.022979 9.99191E-05 9.99191E-05 9.99191E-05 9.99191E-05 0.00868259 0.036445 9.99191E-05
9.98831E-05 9.98831E-05 9.98831E-05 9.98831E-05 9.98831E-05 0.55607 9.98831E-05 9.98831E-05 9.98831E-05 9.98831E-05 9.98831E-05 0.369787 9.98831E-05 9.98831E-05 0.072845 9.98831E-05
9.9901E-05 9.9901E-05 9.9901E-05 9.9901E-05 0.120972 0.499219 0.23229 9.9901E-05 9.9901E-05 0.0207965 9.9901E-05 0.125624 9.9901E-05 9.9901E-05 9.9901E-05 9.9901E-05
9.9919E-05 0.00943605 0.047627 9.9919E-05 9.9919E-05 0.656666 0.0854753 9.9919E-05 9.9919E-05 9.9919E-05 0.0359529 0.0780548 9.9919E-05 9.9919E-05 9.9919E-05 0.0858884
9.991E-05 9.991E-05 0.0391342 9.991E-05 9.991E-05 0.640632 9.991E-05 9.991E-05 9.991E-05 9.991E-05 0.0394882 9.991E-05 9.991E-05 0.0579633 0.218506 0.00327681
9.99101E-05 0.00337082 9.99101E-05 0.0907347 9.99101E-05 0.455457 9.99101E-05 9.99101E-05 9.99101E-05 9.99101E-05 9.99101E-05 0.0238205 0.326165 0.0994534 9.99101E-05 9.99101E-05
0.0117043 0.0219452 9.99101E-05 9.99101E-05 9.99101E-05 0.83146 9.99101E-05 9.99101E-05 0.0782296 0.00446082 9.99101E-05 9.99101E-05 9.99101E-05 0.0512014 9.99101E-05 9.99101E-05
9.99191E-05 9.99191E-05 9.99191E-05 0.0420879 0.0643277 0.699272 9.99191E-05 0.0770617 0.0340331 9.99191E-05 0.014744 9.99191E-05 9.99191E-05 9.99191E-05 0.0675743 9.99191E-05
9.991E-05 9.991E-05 9.991E-05 0.111595 9.991E-05 0.679076 9.991E-05 0.0570418 9.991E-05 9.991E-05 9.991E-05 0.101136 9.991E-05 0.042015 9.991E-05 0.00813641
9.9928E-05 9.9928E-05 0.076838 0.223765 9.9928E-05 0.302143 0.0912638 9.9928E-05 0.116711 9.9928E-05 0.052036 0.0442359 9.9928E-05 9.9928E-05 0.0922077 9.9928E-05
9.99101E-05 9.99101E-05 0.0264284 9.99101E-05 9.99101E-05 0.0945116 9.99101E-05 0.203484 9.99101E-05 9.99101E-05 9.99101E-05 0.173379 9.99101E-05 0.481528 9.99101E-05 0.0196703
9.98921E-05 9.98921E-05 0.0880395 0.0609023 9.98921E-05 9.98921E-05 9.98921E-05 0.0527375 9.98921E-05 9.98921E-05 9.98921E-05 9.98921E-05 9.98921E-05 0.797122 9.98921E-05 9.98921E-05
9.9901E-05 9.9901E-05 9.9901E-05 0.0336107 9.9901E-05 0.176249 9.9901E-05 9.9901E-05 9.9901E-05 9.9901E-05 9.9901E-05 0.111233 9.9901E-05 0.573801 0.104007 9.9901E-05
9.99011E-05 9.99011E-05 9.99011E-05 9.99011E-05 9.99011E-05 0.0654116 9.99011E-05 9.99011E-05 0.0122087 9.99011E-05 0.0370355 0.144003 9.99011E-05 0.740243 9.99011E-05 9.99011E-05
0.087442 0.0375892 0.0484393 9.99011E-05 9.99011E-05 9.99011E-05 0.0578844 9.99011E-05 9.99011E-05 9.99011E-05 9.99011E-05 9.99011E-05 9.99011E-05 0.767546 9.99011E-05 9.99011E-05
9.9928E-05 0.0029209 9.9928E-05 9.9928E-05 0.147486 0.0411105 0.0983909 9.9928E-05 9.9928E-05 0.010073 9.9928E-05 0.0932369 0.149949 0.456034 9.9928E-05 9.9928E-05
9.9928E-05 9.9928E-05 9.9928E-05 0.0323258 0.0208654 0.0771568 0.047549 9.9928E-05 9.9928E-05 0.0473998 9.9928E-05 0.0616444 9.9928E-05 0.700401 9.9928E-05 0.0118584
0.0190752 0.069517 9.991E-05 9.991E-05 9.991E-05 9.991E-05 0.0231315 9.991E-05 9.991E-05 9.991E-05 9.991E-05 9.991E-05 0.138553 0.697832 9.991E-05 0.050892
0.00631201 9.99011E-05 9.99011E-05 9.99011E-05 9.99011E-05 9.99011E-05 0.052365 9.99011E-05 9.99011E-05 0.0179716 9.99011E-05 9.99011E-05 9.99011E-05 0.892262 0.0299908 9.99011E-05
0.0881901 9.9928E-05 9.9928E-05 0.0857159 0.014694 9.9928E-05 0.640168 0.0200675 0.0506443 0.0106171 9.9928E-05 9.9928E-05 9.9928E-05 0.0891039 9.9928E-05 9.9928E-05
9.98831E-05 9.98831E-05 9.98831E-05 9.98831E-05 0.0399216 9.98831E-05 0.892164 0.0666164 9.98831E-05 9.98831E-05 9.98831E-05 9.98831E-05 9.98831E-05 9.98831E-05 9.98831E-05 9.98831E-05
9.98921E-05 0.0387035 9.98921E-05 0.0773576 9.98921E-05 9.98921E-05 0.819328 9.98921E-05 9.98921E-05 9.98921E-05 9.98921E-05 9.98921E-05 9.98921E-05 0.0634123 9.98921E-05 9.98921E-05
9.99191E-05 9.99191E-05 0.0720555 0.0230818 0.0223317 9.99191E-05 0.806802 9.99191E-05 0.0069399 9.99191E-05 0.019017 0.0488732 9.99191E-05 9.99191E-05 9.99191E-05 9.99191E-05
9.99011E-05 0.111006 0.0424042 0.0481957 9.99011E-05 9.99011E-05 0.680277 9.99011E-05 9.99011E-05 9.99011E-05 9.99011E-05 9.99011E-05 9.99011E-05 0.117018 9.99011E-05 9.99011E-05
9.9919E-05 9.9919E-05 9.9919E-05 9.9919E-05 0.00733305 0.0640761 0.419288 9.9919E-05 0.155681 0.0234246 0.105639 9.9919E-05 0.22366 9.9919E-05 9.9919E-05 9.9919E-05
0.0284417 9.9919E-05 0.0899618 9.9919E-05 9.9919E-05 9.9919E-05 0.576746 9.9919E-05 0.179719 9.9919E-05 0.0382029 9.9919E-05 9.9919E-05 0.0848064 9.9919E-05 0.00122353
0.107672 9.99011E-05 9.99011E-05 9.99011E-05 9.99011E-05 9.99011E-05 0.718206 9.99011E-05 9.99011E-05 9.99011E-05 0.0200609 9.99011E-05 9.99011E-05 9.99011E-05 0.0210534 0.131909
9.99191E-05 9.99191E-05 0.0144691 0.0254085 9.99191E-05 0.0292457 0.719662 0.146708 9.99191E-05 9.99191E-05 0.00534516 9.99191E-05 0.0582621 9.99191E-05 9.99191E-05 9.99191E-05
9.9928E-05 0.0589799 0.0652078 0.158803 9.9928E-05 0.113904 0.538134 0.0298939 9.9928E-05 9.9928E-05 9.9928E-05 0.0225005 9.9928E-05 0.0117777 9.9928E-05 9.9928E-05
9.9928E-05 0.0276887 0.0538294 0.0990267 9.9928E-05 9.9928E-05 0.611023 9.9928E-05 0.0267123 9.9928E-05 0.0411475 9.9928E-05 9.9928E-05 0.104059 0.0357146 9.9928E-05
0.0695953 0.114383 9.9937E-05 9.9937E-05 9.9937E-05 9.9937E-05 0.472706 9.9937E-05 0.0234302 0.0109853 0.0531278 9.9937E-05 9.9937E-05 0.0186175 0.202081 0.0343745
0.0155688 0.0589864 0.00184616 0.0191313 9.9955E-05 9.9955E-05 0.630584 0.00370318 9.9955E-05 9.9955E-05 9.9955E-05 0.0391512 0.0935147 0.0811937 0.0362845 0.0195364
0.00928656 0.0392562 9.9919E-05 9.9919E-05 9.9919E-05 0.140985 0.566384 9.9919E-05 0.0465824 9.9919E-05 9.9919E-05 0.173274 9.9919E-05 9.9919E-05 0.023332 9.9919E-05
0.00953571 0.0420664 9.9919E-05 9.9919E-05 9.9919E-05 0.264706 0.399511 0.092207 9.9919E-05 9.9919E-05 9.9919E-05 0.108699 9.9919E-05 9.9919E-05 0.0823754 9.9919E-05
9.9928E-05 0.0263728 9.9928E-05 9.9928E-05 9.9928E-05 9.9928E-05 0.51272 0.000984683 0.106789 0.0058153 9.9928E-05 0.186476 0.0795437 0.0804989 9.9928E-05 9.9928E-05
0.0609498 9.9928E-05 9.9928E-05 9.9928E-05 9.9928E-05 0.00362677 0.749293 9.9928E-05 9.9928E-05 0.00789157 9.9928E-05 9.9928E-05 0.135907 0.0118043 0.029004 0.000723814
9.99101E-05 9.99101E-05 9.99101E-05 9.99101E-05 9.99101E-05 0.0535899 0.562405 9.99101E-05 9.99101E-05 9.99101E-05 9.99101E-05 0.192388 9.99101E-05 0.0558048 0.0774549 0.0573588
9.98921E-05 9.98921E-05 9.98921E-05 9.98921E-05 9.98921E-05 0.0445372 0.613936 9.98921E-05 9.98921E-05 9.98921E-05 9.98921E-05 0.227059 0.11327 9.98921E-05 9.98921E-05 9.98921E-05
9.9928E-05 9.9928E-05 9.9928E-05 9.9928E-05 0.0266563 0.393671 9.9928E-05 0.0292499 0.0159089 9.9928E-05 9.9928E-05 0.134416 0.168377 9.9928E-05 0.203884 0.0270377
9.9928E-05 0.0168831 9.9928E-05 0.228132 9.9928E-05 0.197851 0.186334 0.0544329 9.9928E-05 9.9928E-05 9.9928E-05 9.9928E-05 0.0429908 0.0784718 0.194105 9.9928E-05
0.0259362 0.0645377 9.9928E-05 0.111917 9.9928E-05 0.311448 0.188435 0.0546291 9.9928E-05 9.9928E-05 9.9928E-05 0.0868412 9.9928E-05 9.9928E-05 0.155456 9.9928E-05
0.108337 9.98921E-05 9.98921E-05 9.98921E-05 9.98921E-05 0.331987 0.119471 9.98921E-05 9.98921E-05 9.98921E-05 9.98921E-05 9.98921E-05 9.98921E-05 9.98921E-05 0.439006 9.98921E-05
9.99011E-05 9.99011E-05 9.99011E-05 0.188128 0.0468714 9.99011E-05 9.99011E-05 9.99011E-05 9.99011E-05 9.99011E-05 9.99011E-05 0.556377 9.99011E-05 0.0167956 0.190729 9.99011E-05
0.0100218 9.9919E-05 0.0750035 9.9919E-05 9.9919E-05 9.9919E-05 0.00868364 9.9919E-05 0.0314808 9.9919E-05 0.0219703 0.520567 9.9919E-05 9.9919E-05 0.331373 9.9919E-05
9.99011E-05 0.014999 9.99011E-05 0.141289 0.193187 9.99011E-05 9.99011E-05 9.99011E-05 9.99011E-05 9.99011E-05 9.99011E-05 0.646702 0.00272439 9.99011E-05 9.99011E-05 9.99011E-05
0.00695363 0.0429791 9.9955E-05 0.0305416 0.290703 0.0212489 9.9955E-05 0.0375093 0.054766 0.0109203 9.9955E-05 0.397971 9.9955E-05 9.9955E-05 0.0441699 0.061737
9.98831E-05 9.98831E-05 9.98831E-05 9.98831E-05 9.98831E-05 0.0904964 9.98831E-05 9.98831E-05 9.98831E-05 9.98831E-05 9.98831E-05 0.841121 9.98831E-05 0.0670845 9.98831E-05 9.98831E-05
9.98921E-05 0.098833 9.98921E-05 0.0991894 9.98921E-05 9.98921E-05 9.98921E-05 0.0683004 9.98921E-05 9.98921E-05 9.98921E-05 0.732479 9.98921E-05 9.98921E-05 9.98921E-05 9.98921E-05
0.0250158 0.209912 0.0437094 9.9937E-05 0.109949 9.9937E-05 9.9937E-05 9.9937E-05 9.9937E-05 0.00567788 0.000306953 0.435322 0.0841911 9.9937E-05 9.9937E-05 0.0852167
0.0542362 0.0792275 9.9928E-05 0.0976155 0.148079 0.142323 0.0365721 9.9928E-05 9.9928E-05 9.9928E-05 9.9928E-05 0.310568 9.9928E-05 9.9928E-05 0.130579 9.9928E-05
9.991E-05 9.991E-05 9.991E-05 9.991E-05 0.0906073 0.0197817 9.991E-05 9.991E-05 0.0605124 9.991E-05 9.991E-05 0.728301 9.991E-05 9.991E-05 0.0583168 0.0414815
0.0536358 0.110349 9.9928E-05 0.177069 9.9928E-05 0.0648018 9.9928E-05 0.0369567 9.9928E-05 9.9928E-05 9.9928E-05 0.335513 0.0080146 9.9928E-05 0.212861 9.9928E-05
9.98831E-05 9.98831E-05 9.98831E-05 0.0726953 0.09389 9.98831E-05 9.98831E-05 9.98831E-05 9.98831E-05 9.98831E-05 9.98831E-05 0.832116 9.98831E-05 9.98831E-05 9.98831E-05 9.98831E-05
0.0620129 0.035489 0.029898 0.199022 0.311825 0.0397953 9.9964E-05 9.9964E-05 9.9964E-05 0.00898179 0.00229132 0.204571 0.0102096 0.0560576 0.0394463 9.9964E-05
9.9919E-05 9.9919E-05 9.9919E-05 0.0967048 9.9919E-05 9.9919E-05 0.0019763 0.013535 0.0145431 9.9919E-05 9.9919E-05 0.7913 9.9919E-05 9.9919E-05 0.0682377 0.0128043
9.9919E-05 0.125974 9.9919E-05 9.9919E-05 0.249103 0.0634244 9.9919E-05 0.0630948 9.9919E-05 0.00343915 9.9919E-05 0.234482 9.9919E-05 9.9919E-05 0.259583 9.9919E-05
9.98651E-05 9.98651E-05 9.98651E-05 9.98651E-05 9.98651E-05 9.98651E-05 9.98651E-05 9.98651E-05 9.98651E-05 9.98651E-05 9.98651E-05 9.98651E-05 9.98651E-05 9.98651E-05 9.98651E-05 0.998502
9.99101E-05 9.99101E-05 9.99101E-05 0.17301 0.440868 9.99101E-05 9.99101E-05 9.99101E-05 0.0587131 9.99101E-05 0.0643383 0.131536 9.99101E-05 9.99101E-05 0.130535 9.99101E-05
9.99281E-05 9.99281E-05 9.99281E-05 0.133046 0.434232 9.99281E-05 9.99281E-05 0.0745812 0.0152897 9.99281E-05 0.0193209 0.143684 9.99281E-05 9.99281E-05 0.146215 0.0328321
9.98651E-05 9.98651E-05 9.98651E-05 9.98651E-05 9.98651E-05 9.98651E-05 9.98651E-05 9.98651E-05 9.98651E-05 9.98651E-05 9.98651E-05 9.98651E-05 9.98651E-05 9.98651E-05 9.98651E-05 0.998502
9.9919E-05 0.161034 9.9919E-05 0.184928 0.338462 9.9919E-05 9.9919E-05 9.9919E-05 9.9919E-05 9.9919E-05 9.9919E-05 0.0948499 9.9919E-05 0.0170077 0.17585 0.0269686
9.98921E-05 9.98921E-05 9.98921E-05 9.98921E-05 0.455009 9.98921E-05 0.130881 9.98921E-05 9.98921E-05 9.98921E-05 9.98921E-05 0.402647 9.98921E-05 9.98921E-05 0.010264 9.98921E-05
9.9955E-05 9.9955E-05 0.0143062 0.192332 0.135765 0.0102448 9.9955E-05 0.00395611 0.046976 9.9955E-05 9.9955E-05 0.328156 0.020342 0.0058253 0.0156385 0.225958
9.99101E-05 0.0450903 9.99101E-05 0.0633582 0.585016 9.99101E-05 9.99101E-05 9.99101E-05 9.99101E-05 0.0142276 9.99101E-05 9.99101E-05 9.99101E-05 0.0628925 0.228416 9.99101E-05
9.98921E-05 9.98921E-05 0.0243531 9.98921E-05 0.915838 9.98921E-05 9.98921E-05 9.98921E-05 0.0358872 9.98921E-05 9.98921E-05 9.98921E-05 9.98921E-05 9.98921E-05 9.98921E-05 0.0227233
9.99011E-05 9.99011E-05 0.122893 0.219156 0.295541 9.99011E-05 9.99011E-05 9.99011E-05 9.99011E-05 9.99011E-05 9.99011E-05 9.99011E-05 9.99011E-05 9.99011E-05 0.341943 0.0193685
0.0474303 9.9937E-05 9.9937E-05 0.0575795 0.473221 0.000423126 9.9937E-05 9.9937E-05 9.9937E-05 0.00173281 9.9937E-05 0.0141513 9.9937E-05 0.0558783 0.22422 0.124664
9.99101E-05 0.0276249 9.99101E-05 9.99101E-05 0.682736 9.99101E-05 9.99101E-05 0.00154201 9.99101E-05 9.99101E-05 0.0121048 0.0339083 9.99101E-05 9.99101E-05 0.241085 9.99101E-05
9.99011E-05 9.99011E-05 9.99011E-05 9.99011E-05 0.660409 9.99011E-05 9.99011E-05 0.00173284 9.99011E-05 0.028334 0.0204748 9.99011E-05 9.99011E-05 9.99011E-05 0.287951 9.99011E-05
9.99101E-05 9.99101E-05 9.99101E-05 9.99101E-05 0.536802 0.168996 9.99101E-05 0.0236488 9.99101E-05 9.99101E-05 9.99101E-05 0.0935952 9.99101E-05 9.99101E-05 0.1533 0.0226586
9.99011E-05 9.99011E-05 9.99011E-05 0.216439 0.566061 9.99011E-05 0.00265954 9.99011E-05 9.99011E-05 9.99011E-05 9.99011E-05 9.99011E-05 9.99011E-05 0.0121354 0.201606 9.99011E-05
9.98921E-05 9.98921E-05 9.98921E-05 9.98921E-05 0.890189 9.98921E-05 0.00308718 9.98921E-05 9.98921E-05 9.98921E-05 9.98921E-05 9.98921E-05 9.98921E-05 0.0285319 0.0769936 9.98921E-05
0.0859393 9.9937E-05 9.9937E-05 0.0200665 0.561379 9.9937E-05 0.0838625 0.0579159 9.9937E-05 0.0746089 9.9937E-05 0.0464277 9.9937E-05 9.9937E-05 0.0253145 0.0437857
9.98921E-05 9.98921E-05 9.98921E-05 0.145175 0.628013 9.98921E-05 9.98921E-05 9.98921E-05 9.98921E-05 0.048718 9.98921E-05 9.98921E-05 9.98921E-05 9.98921E-05 0.176896 9.98921E-05
9.99011E-05 9.99011E-05 9.99011E-05 0.126266 0.263118 9.99011E-05 9.99011E-05 9.99011E-05 9.99011E-05 9.99011E-05 9.99011E-05 0.0980956 9.99011E-05 0.00274524 0.508676 9.99011E-05
9.98921E-05 9.98921E-05 9.98921E-05 9.98921E-05 0.427228 9.98921E-05 9.98921E-05 9.98921E-05 0.0612829 9.98921E-05 9.98921E-05 9.98921E-05 9.98921E-05 9.98921E-05 0.483027 0.0272633
0.000635155 9.99011E-05 9.99011E-05 9.99011E-05 0.817922 0.00724011 9.99011E-05 9.99011E-05 9.99011E-05 9.99011E-05 9.99011E-05 9.99011E-05 9.99011E-05 9.99011E-05 0.135082 0.0380214
0.0540098 0.0554095 0.0663092 0.175303 0.473016 0.0385714 9.9937E-05 9.9937E-05 9.9937E-05 9.9937E-05 9.9937E-05 0.03235 9.9937E-05 9.9937E-05 0.0844486 0.0198832
9.99101E-05 0.0292911 9.99101E-05 0.142831 0.758947 9.99101E-05 0.0236043 0.000692631 9.99101E-05 9.99101E-05 9.99101E-05 9.99101E-05 9.99101E-05 9.99101E-05 9.99101E-05 0.043635
9.9928E-05 0.0753289 9.9928E-05 0.0702732 0.524895 9.9928E-05 9.9928E-05 9.9928E-05 9.9928E-05 9.9928E-05 0.0187236 0.114482 0.0145181 9.9928E-05 0.1362 0.0447798
9.9901E-05 9.9901E-05 9.9901E-05 0.0806474 0.556704 9.9901E-05 9.9901E-05 9.9901E-05 0.0708778 9.9901E-05 0.0318611 0.258811 9.9901E-05 9.9901E-05 9.9901E-05 9.9901E-05
0.0199757 9.9928E-05 9.9928E-05 0.139488 0.440486 9.9928E-05 9.9928E-05 9.9928E-05 0.0299431 0.00841358 9.9928E-05 9.9928E-05 0.0332449 9.9928E-05 0.243901 0.0837483
9.99101E-05 0.0246232 0.0447168 0.117485 0.742017 9.99101E-05 9.99101E-05 9.99101E-05 9.99101E-05 9.99101E-05 9.99101E-05 0.0625138 0.0076451 9.99101E-05 9.99101E-05 9.99101E-05
9.9928E-05 9.9928E-05 0.013992 0.250909 0.463081 9.9928E-05 9.9928E-05 9.9928E-05 0.0146576 0.0266638 9.9928E-05 0.148496 9.9928E-05 9.9928E-05 0.0802679 0.00113369
9.99101E-05 9.99101E-05 0.00652414 0.169138 0.570207 9.99101E-05 9.99101E-05 9.99101E-05 9.99101E-05 0.0162467 0.0276766 0.209209 9.99101E-05 9.99101E-05 9.99101E-05 9.99101E-05
9.99011E-05 0.0419465 9.99011E-05 9.99011E-05 0.743139 9.99011E-05 0.0543328 0.067906 9.99011E-05 9.99011E-05 9.99011E-05 9.99011E-05 9.99011E-05 9.99011E-05 0.0915764 9.99011E-05
0.021322 0.0433535 0.00103971 0.134544 0.652177 9.9937E-05 9.9937E-05 0.0748357 9.9937E-05 0.0130318 9.9937E-05 0.0251466 9.9937E-05 9.9937E-05 0.0338503 9.9937E-05
0.0356438 9.9928E-05 9.9928E-05 0.285407 0.336419 9.9928E-05 0.0856439 0.0089092 9.9928E-05 9.9928E-05 0.0230662 0.176177 0.0479344 9.9928E-05 9.9928E-05 9.9928E-05
9.993E-05 9.993E-05 0.0985714 0.213883 0.34449 9.993E-05 0.00207824 9.993E-05 9.993E-05 0.012916 0.0425924 0.146287 9.993E-05 9.993E-05 0.115704 0.022778
9.9919E-05 0.167459 9.9919E-05 0.0828052 0.374376 9.9919E-05 9.9919E-05 9.9919E-05 9.9919E-05 0.0768222 9.9919E-05 0.233662 9.9919E-05 0.0116653 9.9919E-05 0.0523119
9.9946E-05 0.0701996 0.00375687 0.343325 0.177937 9.9946E-05 9.9946E-05 9.9946E-05 9.9946E-05 0.0120119 0.0261911 0.123214 9.9946E-05 0.021296 0.161745 0.0597237
9.9928E-05 9.9928E-05 9.9928E-05 0.00469429 0.687831 0.0613551 0.0537028 0.0421913 9.9928E-05 0.0292574 9.9928E-05 0.0961293 0.0240395 9.9928E-05 9.9928E-05 9.9928E-05
0.0607116 0.00804115 0.0202121 0.396361 0.275486 9.9928E-05 9.9928E-05 9.9928E-05 9.9928E-05 0.0123079 9.9928E-05 0.191157 9.9928E-05 9.9928E-05 0.0349234 9.9928E-05
9.99011E-05 0.176616 9.99011E-05 0.229342 0.455106 9.99011E-05 9.99011E-05 9.99011E-05 9.99011E-05 9.99011E-05 9.99011E-05 0.0895462 9.99011E-05 9.99011E-05 0.0482911 9.99011E-05
0.0102097 0.0292815 0.0573181 0.218944 0.30876 9.9955E-05 0.10296 9.9955E-05 9.9955E-05 0.0835514 9.9955E-05 0.0170218 0.0147063 9.9955E-05 0.127295 0.0294526
0.0112006 9.9955E-05 0.0824054 0.250765 0.468042 0.00239782 0.0803813 9.9955E-05 9.9955E-05 0.0265853 9.9955E-05 0.0257559 0.00784274 0.0398918 0.00423213 9.9955E-05
9.9919E-05 0.0332972 9.9919E-05 0.208626 9.9919E-05 9.9919E-05 9.9919E-05 0.0519973 9.9919E-05 9.9919E-05 9.9919E-05 0.00716209 9.9919E-05 0.0255222 0.652222 0.0202732
9.9919E-05 9.9919E-05 9.9919E-05 0.0529458 0.0253175 0.0238556 0.00298687 9.9919E-05 9.9919E-05 0.017473 9.9919E-05 0.155995 9.9919E-05 9.9919E-05 0.720527 9.9919E-05
9.98652E-05 9.98652E-05 9.98652E-05 9.98652E-05 9.98652E-05 9.98652E-05 9.98652E-05 9.98652E-05 9.98652E-05 9.98652E-05 9.98652E-05 9.98652E-05 9.98652E-05 9.98652E-05 0.998502 9.98652E-05
9.98652E-05 9.98652E-05 9.98652E-05 9.98652E-05 9.98652E-05 9.98652E-05 9.98652E-05 9.98652E-05 9.98652E-05 9.98652E-05 9.98652E-05 9.98652E-05 9.98652E-05 9.98652E-05 0.998502 9.98652E-05
9.9901E-05 9.9901E-05 9.9901E-05 0.024982 0.150034 9.9901E-05 9.9901E-05 9.9901E-05 9.9901E-05 0.0414439 9.9901E-05 0.110855 9.9901E-05 9.9901E-05 0.671586 9.9901E-05
9.98831E-05 9.98831E-05 9.98831E-05 9.98831E-05 0.12524 9.98831E-05 9.98831E-05 9.98831E-05 9.98831E-05 9.98831E-05 9.98831E-05 9.98831E-05 9.98831E-05 9.98831E-05 0.804532 0.0689299
9.99101E-05 0.0252726 9.99101E-05 0.0991516 0.186447 9.99101E-05 9.99101E-05 9.99101E-05 9.99101E-05 0.0306246 9.99101E-05 9.99101E-05 9.99101E-05 0.102871 0.554634 9.99101E-05
9.98831E-05 9.98831E-05 9.98831E-05 9.98831E-05 0.0237713 9.98831E-05 9.98831E-05 9.98831E-05 9.98831E-05 9.98831E-05 9.98831E-05 9.98831E-05 9.98831E-05 9.98831E-05 0.952865 0.0220652
9.9928E-05 0.0934444 9.9928E-05 0.226802 9.9928E-05 9.9928E-05 0.0333428 0.0243987 9.9928E-05 0.0574965 9.9928E-05 0.0589665 0.015228 9.9928E-05 0.489522 9.9928E-05
0.00480935 0.0233822 9.9937E-05 9.9937E-05 0.224495 9.9937E-05 0.22347 0.0589494 0.0179824 9.9937E-05 0.00807846 0.0458686 9.9937E-05 9.9937E-05 0.392265 9.9937E-05
9.991E-05 9.991E-05 0.00762696 0.417727 9.991E-05 9.991E-05 9.991E-05 0.0439467 9.991E-05 9.991E-05 9.991E-05 9.991E-05 0.024976 0.0878198 0.416905 9.991E-05
0.041837 0.101074 9.9937E-05 0.147807 9.9937E-05 9.9937E-05 0.0716446 0.0235217 0.00370641 9.9937E-05 9.9937E-05 9.9937E-05 0.0486924 0.0623372 0.49868 9.9937E-05
9.9937E-05 0.00731043 9.9937E-05 0.350714 0.007375 0.00378439 0.118064 9.9937E-05 9.9937E-05 0.00265799 9.9937E-05 9.9937E-05 9.9937E-05 0.0219376 0.449893 0.0375648
9.9919E-05 9.9919E-05 9.9919E-05 0.225766 0.0371671 9.9919E-05 0.0212652 9.9919E-05 9.9919E-05 9.9919E-05 9.9919E-05 0.0052533 9.9919E-05 0.0303251 0.619939 0.0593851
9.991E-05 9.991E-05 9.991E-05 0.490074 0.158313 9.991E-05 9.991E-05 0.00473664 9.991E-05 0.0339505 9.991E-05 9.991E-05 9.991E-05 9.991E-05 0.277486 0.0344415
9.991E-05 9.991E-05 9.991E-05 0.238252 0.0577217 9.991E-05 9.991E-05 9.991E-05 9.991E-05 9.991E-05 9.991E-05 0.137062 0.0426384 9.991E-05 0.47662 0.0467065
9.99191E-05 9.99191E-05 9.99191E-05 0.607336 0.0264282 9.99191E-05 0.033178 9.99191E-05 9.99191E-05 9.99191E-05 0.00404775 0.184692 9.99191E-05 9.99191E-05 0.140325 0.00309367
9.98831E-05 9.98831E-05 9.98831E-05 0.757461 9.98831E-05 9.98831E-05 9.98831E-05 9.98831E-05 9.98831E-05 9.98831E-05 9.98831E-05 0.124227 9.98831E-05 9.98831E-05 0.117014 9.98831E-05
0.0518887 0.0227211 9.99101E-05 0.615235 0.156406 9.99101E-05 9.99101E-05 9.99101E-05 9.99101E-05 0.0310243 9.99101E-05 0.121726 9.99101E-05 9.99101E-05 9.99101E-05 9.99101E-05
9.99011E-05 9.99011E-05 9.99011E-05 0.580236 0.199223 9.99011E-05 9.99011E-05 9.99011E-05 9.99011E-05 0.0540582 9.99011E-05 9.99011E-05 0.00635559 9.99011E-05 0.159028 9.99011E-05
0.00805645 0.0354434 9.9946E-05 0.366943 0.101528 9.9946E-05 0.0192741 9.9946E-05 9.9946E-05 0.14016 9.9946E-05 0.104382 0.0409791 0.0593768 0.123258 9.9946E-05
0.0224677 0.0898296 9.9946E-05 0.446482 0.193701 9.9946E-05 0.0418449 0.0277624 9.9946E-05 0.00350165 9.9946E-05 0.0409908 9.9946E-05 9.9946E-05 0.100867 0.0319533
9.99101E-05 9.99101E-05 9.99101E-05 0.289788 0.0231065 9.99101E-05 9.99101E-05 0.0639584 9.99101E-05 0.014534 9.99101E-05 0.0910282 9.99101E-05 9.99101E-05 0.516586 9.99101E-05
9.9928E-05 9.9928E-05 0.00439426 0.817608 9.9928E-05 0.0227461 0.000263161 9.9928E-05 0.00173887 0.00742315 0.0254806 9.9928E-05 9.9928E-05 9.9928E-05 0.119547 9.9928E-05
9.9928E-05 0.0284319 0.0197365 0.0606102 9.9928E-05 0.00247465 9.9928E-05 0.0252451 9.9928E-05 9.9928E-05 9.9928E-05 0.0753821 9.9928E-05 0.00337973 0.78394 9.9928E-05
9.9937E-05 0.1364 9.9937E-05 0.410975 0.237137 9.9937E-05 0.0850755 9.9937E-05 9.9937E-05 0.0122409 9.9937E-05 0.00351862 0.0299411 9.9937E-05 0.0094707 0.0745411
9.99011E-05 9.99011E-05 9.99011E-05 0.450236 9.99011E-05 0.0407261 9.99011E-05 9.99011E-05 9.99011E-05 9.99011E-05 9.99011E-05 0.211744 9.99011E-05 0.0152216 0.280972 9.99011E-05
9.9937E-05 9.9937E-05 0.00189078 0.464063 9.9937E-05 0.0179319 9.9937E-05 9.9937E-05 9.9937E-05 0.0249975 0.024195 0.0771043 0.000811381 9.9937E-05 0.319799 0.0685076
9.9928E-05 0.00777375 0.0370843 0.245185 0.0735182 9.9928E-05 9.9928E-05 9.9928E-05 9.9928E-05 0.00751363 0.0436675 9.9928E-05 0.00105113 9.9928E-05 0.583407 9.9928E-05
9.99101E-05 9.99101E-05 9.99101E-05 0.654312 0.202828 9.99101E-05 0.066427 0.00757692 9.99101E-05 0.0589728 0.00888403 9.99101E-05 9.99101E-05 9.99101E-05 9.99101E-05 9.99101E-05
0.0437709 0.0360686 9.9919E-05 0.728819 0.139168 0.00779772 9.9919E-05 0.00575037 9.9919E-05 0.0377262 9.9919E-05 9.9919E-05 9.9919E-05 9.9919E-05 9.9919E-05 9.9919E-05
9.98832E-05 9.98832E-05 9.98832E-05 0.688972 9.98832E-05 9.98832E-05 9.98832E-05 9.98832E-05 9.98832E-05 0.0100926 9.98832E-05 9.98832E-05 9.98832E-05 9.98832E-05 0.299637 9.98832E-05
9.98921E-05 9.98921E-05 9.98921E-05 0.541847 9.98921E-05 9.98921E-05 9.98921E-05 9.98921E-05 9.98921E-05 9.98921E-05 9.98921E-05 0.0985926 0.0098991 9.98921E-05 0.348462 9.98921E-05
9.98652E-05 9.98652E-05 9.98652E-05 0.998502 9.98652E-05 9.98652E-05 9.98652E-05 9.98652E-05 9.98652E-05 9.98652E-05 9.98652E-05 9.98652E-05 9.98652E-05 9.98652E-05 9.98652E-05 9.98652E-05
9.98742E-05 9.98742E-05 9.98742E-05 0.990093 9.98742E-05 9.98742E-05 9.98742E-05 9.98742E-05 9.98742E-05 9.98742E-05 9.98742E-05 9.98742E-05 9.98742E-05 9.98742E-05 9.98742E-05 0.00850899
9.98742E-05 9.98742E-05 9.98742E-05 0.979115 0.0194865 9.98742E-05 9.98742E-05 9.98742E-05 9.98742E-05 9.98742E-05 9.98742E-05 9.98742E-05 9.98742E-05 9.98742E-05 9.98742E-05 9.98742E-05
9.98742E-05 9.98742E-05 9.98742E-05 0.987236 9.98742E-05 9.98742E-05 9.98742E-05 9.98742E-05 0.0113656 9.98742E-05 9.98742E-05 9.98742E-05 9.98742E-05 9.98742E-05 9.98742E-05 9.98742E-05
9.98831E-05 9.98831E-05 9.98831E-05 0.93161 9.98831E-05 9.98831E-05 9.98831E-05 9.98831E-05 9.98831E-05 0.00677959 9.98831E-05 9.98831E-05 9.98831E-05 9.98831E-05 9.98831E-05 0.0603118
9.98742E-05 9.98742E-05 9.98742E-05 0.986749 9.98742E-05 9.98742E-05 9.98742E-05 0.0118533 9.98742E-05 9.98742E-05 9.98742E-05 9.98742E-05 9.98742E-05 9.98742E-05 9.98742E-05 9.98742E-05
9.99101E-05 9.99101E-05 0.00971687 0.866539 0.0428318 0.0144064 9.99101E-05 9.99101E-05 9.99101E-05 0.0184009 9.99101E-05 9.99101E-05 9.99101E-05 9.99101E-05 9.99101E-05 0.0471055
9.98921E-05 9.98921E-05 9.98921E-05 0.946059 9.98921E-05 9.98921E-05 9.98921E-05 0.00171594 9.98921E-05 0.018664 9.98921E-05 9.98921E-05 0.0323625 9.98921E-05 9.98921E-05 9.98921E-05
9.98921E-05 0.0738947 9.98921E-05 0.861729 9.98921E-05 9.98921E-05 9.98921E-05 9.98921E-05 9.98921E-05 9.98921E-05 9.98921E-05 9.98921E-05 9.98921E-05 0.0222576 9.98921E-05 0.0409199
9.98831E-05 9.98831E-05 9.98831E-05 0.95042 9.98831E-05 9.98831E-05 9.98831E-05 9.98831E-05 0.00423572 9.98831E-05 9.98831E-05 0.0440457 9.98831E-05 9.98831E-05 9.98831E-05 9.98831E-05
9.99011E-05 9.99011E-05 9.99011E-05 0.824015 0.00532408 9.99011E-05 0.0349221 9.99011E-05 9.99011E-05 0.0374261 9.99011E-05 9.99011E-05 9.99011E-05 9.99011E-05 9.99011E-05 0.0972144
9.98831E-05 9.98831E-05 9.98831E-05 0.964753 9.98831E-05 9.98831E-05 9.98831E-05 0.00891823 9.98831E-05 9.98831E-05 9.98831E-05 0.0250298 9.98831E-05 9.98831E-05 9.98831E-05 9.98831E-05
9.99101E-05 9.99101E-05 0.0272171 0.903825 9.99101E-05 0.0232324 9.99101E-05 9.99101E-05 9.99101E-05 0.018023 9.99101E-05 0.019361 9.99101E-05 9.99101E-05 9.99101E-05 0.00734229
0.0192007 9.98922E-05 9.98922E-05 0.834662 9.98922E-05 9.98922E-05 9.98922E-05 9.98922E-05 9.98922E-05 0.00976114 9.98922E-05 9.98922E-05 9.98922E-05 9.98922E-05 0.135178 9.98922E-05
0.0241248 9.98921E-05 0.0551443 0.913428 9.98921E-05 9.98921E-05 9.98921E-05 9.98921E-05 9.98921E-05 0.00610419 9.98921E-05 9.98921E-05 9.98921E-05 9.98921E-05 9.98921E-05 9.98921E-05
9.99011E-05 9.99011E-05 9.99011E-05 0.720355 9.99011E-05 9.99011E-05 9.99011E-05 9.99011E-05 9.99011E-05 0.019826 9.99011E-05 0.0878329 9.99011E-05 9.99011E-05 0.13145 0.0394364
9.99011E-05 9.99011E-05 9.99011E-05 0.753781 0.0670984 9.99011E-05 9.99011E-05 9.99011E-05 9.99011E-05 9.99011E-05 9.99011E-05 9.99011E-05 0.0497125 9.99011E-05 0.123616 0.00469315
9.99191E-05 0.00516512 9.99191E-05 0.918699 0.0253913 9.99191E-05 9.99191E-05 0.00754806 0.0228303 0.014478 9.99191E-05 9.99191E-05 9.99191E-05 0.00498877 9.99191E-05 9.99191E-05
9.99101E-05 9.99101E-05 9.99101E-05 0.683725 9.99101E-05 0.0680924 9.99101E-05 9.99101E-05 9.99101E-05 0.0160579 0.0121843 9.99101E-05 9.99101E-05 9.99101E-05 0.167674 0.0512682
0.0248819 0.00970279 9.9928E-05 0.667013 9.9928E-05 9.9928E-05 9.9928E-05 0.0184431 9.9928E-05 0.00138442 9.9928E-05 0.0276154 9.9928E-05 9.9928E-05 0.176581 0.0735785
0.0058686 9.99101E-05 0.00563987 0.80868 0.112846 9.99101E-05 9.99101E-05 9.99101E-05 9.99101E-05 9.99101E-05 9.99101E-05 0.0337574 9.99101E-05 0.0322092 9.99101E-05 9.99101E-05
9.98921E-05 9.98921E-05 9.98921E-05 0.783531 0.0272755 9.98921E-05 0.0633861 9.98921E-05 9.98921E-05 9.98921E-05 9.98921E-05 9.98921E-05 9.98921E-05 9.98921E-05 0.124608 9.98921E-05
0.00866162 0.00930489 9.9919E-05 0.869725 9.9919E-05 9.9919E-05 9.9919E-05 9.9919E-05 9.9919E-05 0.0174097 9.9919E-05 9.9919E-05 0.0374706 9.9919E-05 0.0487514 0.00777766
9.99011E-05 0.0113438 9.99011E-05 0.765518 9.99011E-05 9.99011E-05 9.99011E-05 9.99011E-05 9.99011E-05 0.0234596 9.99011E-05 9.99011E-05 9.99011E-05 0.0590949 0.139484 9.99011E-05
9.99011E-05 0.0536187 9.99011E-05 0.862323 9.99011E-05 9.99011E-05 9.99011E-05 9.99011E-05 9.99011E-05 0.0455553 9.99011E-05 0.0110702 9.99011E-05 9.99011E-05 0.0263335 9.99011E-05
9.98831E-05 0.0455318 9.98831E-05 0.950953 9.98831E-05 9.98831E-05 9.98831E-05 9.98831E-05 0.00221705 9.98831E-05 9.98831E-05 9.98831E-05 9.98831E-05 9.98831E-05 9.98831E-05 9.98831E-05
9.99101E-05 9.99101E-05 9.99101E-05 0.78259 0.125381 9.99101E-05 9.99101E-05 9.99101E-05 9.99101E-05 0.0197575 9.99101E-05 9.99101E-05 9.99101E-05 0.0132914 0.0515265 0.00645448
9.9928E-05 9.9928E-05 0.109041 0.552875 0.209255 0.00971949 9.9928E-05 9.9928E-05 0.0128156 0.00488537 9.9928E-05 0.0751007 9.9928E-05 0.025509 9.9928E-05 9.9928E-05
9.99281E-05 9.99281E-05 9.99281E-05 0.714206 9.99281E-05 9.99281E-05 0.0279071 0.0120881 0.00164461 9.99281E-05 0.00820704 9.99281E-05 0.0213225 9.99281E-05 0.212173 0.00165222
9.98921E-05 9.98921E-05 0.129721 0.636758 0.199259 9.98921E-05 9.98921E-05 9.98921E-05 9.98921E-05 9.98921E-05 9.98921E-05 0.0330635 9.98921E-05 9.98921E-05 9.98921E-05 9.98921E-05
0.0264616 0.0266808 9.9928E-05 0.643219 9.9928E-05 9.9928E-05 9.9928E-05 9.9928E-05 9.9928E-05 0.0695603 0.0130063 0.0102259 9.9928E-05 9.9928E-05 0.181621 0.0284258
9.99191E-05 0.0422381 0.0178819 0.604108 0.157645 0.0545967 9.99191E-05 0.103048 9.99191E-05 9.99191E-05 9.99191E-05 0.0195827 9.99191E-05 9.99191E-05 9.99191E-05 9.99191E-05
0.0251035 0.0370173 9.9937E-05 0.451277 0.00761633 9.9937E-05 0.0463807 9.9937E-05 9.9937E-05 0.129638 9.9937E-05 0.237698 9.9937E-05 9.9937E-05 0.0555035 0.00906629
9.991E-05 9.991E-05 9.991E-05 0.161171 0.0322194 0.0315155 9.991E-05 9.991E-05 0.0172589 0.617855 9.991E-05 9.991E-05 9.991E-05 9.991E-05 0.13898 9.991E-05
